218.6718 5.5456 0
183.6930 133.6653 0
194.6986 187.2962 0
220.9478 51.6165 0
216.8511 152.6353 0
242.2106 142.2018 0
189.1455 82.0415 0
248.5306 116.9972 0
240.0793 212.4169 0
196.2737 59.1302 0
202.1179 99.9221 0
213.8663 183.9901 0
232.5992 145.1336 0
202.1829 248.6070 0
230.5876 47.7212 0
214.9001 135.8803 0
192.5455 50.0308 0
183.3950 173.2295 0
237.6069 10.1596 0
187.3005 190.2208 0
203.0308 206.6751 0
247.1709 145.3809 0
221.9642 181.2922 0
246.4191 54.7204 0
246.6197 65.3569 0
187.9157 120.8899 0
183.9186 55.6351 0
232.3271 229.5193 0
230.4346 16.8472 0
189.2666 115.6011 0
236.3296 134.4803 0
245.1546 178.9938 0
178.4866 207.1535 0
233.2211 71.9396 0
127.8829 16.2398 0
183.7689 144.6301 0
206.6908 247.3801 0
222.7640 59.6499 0
194.4942 136.4155 0
241.2817 39.4776 0
240.0574 170.3097 0
231.4536 115.3715 0
210.7049 85.9195 0
204.8910 237.0206 0
215.1418 30.3919 0
246.5137 224.2707 0
202.6937 29.0441 0
224.9993 241.6262 0
195.4530 216.2393 0
249.4500 237.3703 0
222.8889 219.3960 0
193.2303 93.6390 0
212.1581 188.1299 0
225.9099 153.7179 0
235.3484 238.3811 0
235.4109 126.2978 0
189.6651 15.2359 0
224.5454 93.6167 0
217.8082 62.0477 0
188.9641 157.9972 0
246.3747 31.0583 0
228.1637 169.4582 0
190.2090 19.5160 0
199.4288 167.8137 0
169.7315 185.3037 0
235.6964 178.4152 0
228.8646 232.8114 0
203.8184 175.8388 0
246.7642 79.5011 0
227.4019 36.8990 0
223.5950 29.8011 0
242.6269 220.6149 0
174.8496 132.8932 0
220.9104 211.9224 0
203.9664 226.0924 0
240.6515 234.4923 0
234.1602 152.3836 0
215.1210 130.0061 0
248.3468 34.9408 0
224.3729 121.8978 0
214.2343 120.5563 0
197.3171 3.6384 0
208.2832 106.3136 0
224.0270 107.3716 0
231.3281 224.5051 0
216.7076 241.0242 0
189.7096 138.6232 0
216.7957 217.7447 0
222.9127 113.8572 0
222.2982 193.3415 0
206.5590 149.9171 0
180.7548 240.6990 0
228.2208 52.5559 0
197.9071 231.5456 0
174.4820 164.0428 0
191.4634 180.1930 0
231.5977 185.2727 0
209.7758 48.7024 0
241.5820 99.3800 0
232.6366 108.9933 0
223.8492 129.6647 0
189.6324 24.7280 0
190.1117 163.7204 0
238.3208 52.1164 0
180.7190 10.8148 0
187.6427 10.6434 0
221.9614 82.6353 0
202.7908 18.8742 0
246.2518 73.5894 0
240.2558 30.4038 0
247.5457 11.2359 0
231.4391 195.3802 0
181.3436 126.5522 0
239.3387 163.4013 0
187.4917 70.4657 0
235.0551 28.9553 0
202.1487 88.0238 0
168.1357 177.9124 0
200.7136 40.3870 0
173.4735 123.3034 0
182.0991 103.0775 0
212.2720 226.6112 0
204.2886 57.5007 0
190.0153 149.0903 0
249.7717 136.6472 0
180.8535 154.1814 0
224.8143 64.6759 0
230.2690 214.4070 0
185.0520 237.2797 0
244.7710 1.9061 0
208.8508 169.4884 0
244.1199 200.7491 0
201.2476 83.3478 0
225.9284 138.9259 0
219.2697 169.8695 0
212.4841 198.2081 0
191.5108 89.1814 0
238.7136 155.1958 0
242.0969 61.4863 0
199.5879 127.1910 0
181.4436 138.5791 0
210.1321 34.7412 0
194.7769 64.5433 0
244.9471 86.6551 0
194.1916 193.2010 0
196.0912 183.1014 0
235.5922 218.5787 0
229.5742 100.8955 0
230.1258 67.4957 0
204.5098 75.7192 0
237.8446 74.7209 0
204.6985 120.5222 0
246.9430 121.8803 0
247.0956 26.0488 0
206.0818 132.4671 0
203.0543 220.8129 0
240.3229 86.1162 0
200.8058 107.9328 0
197.0591 52.3890 0
238.7403 20.5617 0
196.5527 112.9595 0
247.8230 208.1358 0
233.3180 76.4785 0
247.8740 189.9708 0
144.0453 92.5365 0
181.8293 89.2812 0
186.9341 126.4268 0
197.4789 152.5535 0
185.2979 95.3051 0
196.2385 200.0082 0
229.7181 202.4526 0
240.6495 5.9867 0
178.0975 198.5404 0
217.1300 143.5257 0
219.4834 18.1691 0
230.3160 84.1622 0
194.1311 27.9524 0
224.0566 206.2710 0
211.4034 22.0184 0
197.2019 96.1863 0
225.0447 235.9976 0
215.7357 204.3111 0
227.8441 8.4317 0
209.3428 77.2018 0
194.8144 205.8027 0
191.5571 173.9979 0
174.6500 172.0300 0
208.5169 181.0010 0
239.5930 189.4810 0
215.8482 69.9048 0
239.7781 123.9241 0
217.2189 234.3366 0
216.2958 160.7816 0
244.1940 159.5392 0
214.4987 94.6267 0
224.5875 17.7722 0
219.4271 101.7628 0
247.7136 100.0101 0
210.4963 161.2870 0
206.4958 67.0000 0
202.0621 197.2778 0
231.0889 43.2558 0
208.7519 6.5197 0
186.5980 215.1439 0
214.9908 249.1684 0
212.0685 143.5303 0
185.4035 202.9336 0
242.9106 151.4171 0
244.6202 44.8485 0
178.0447 180.4753 0
212.5984 126.3991 0
202.7839 212.2456 0
218.9674 78.4233 0
187.8969 170.6237 0
203.9250 45.9678 0
217.2160 23.0310 0
182.8347 193.8506 0
215.3789 57.9672 0
250.4580 109.3045 0
243.6029 14.3327 0
208.9265 114.8374 0
209.1809 11.5463 0
233.8453 59.5704 0
190.8641 108.0729 0
223.9436 157.8769 0
225.9453 74.7180 0
198.0544 162.2733 0
204.9354 53.9049 0
213.8548 206.7954 0
203.9592 188.0934 0
175.1205 137.9073 0
216.6534 89.9488 0
249.8104 44.3547 0
210.6292 98.7431 0
232.4189 162.0225 0
198.0828 138.4676 0
239.0846 104.2320 0
205.1932 194.1698 0
234.0956 94.2791 0
220.0992 228.6547 0
245.0359 129.7227 0
221.3802 198.7380 0
220.9700 138.7648 0
188.6875 245.4734 0
249.4763 180.8289 0
213.6860 44.1995 0
183.9138 74.0132 0
207.0453 163.3522 0
191.8198 238.5538 0
199.4973 5.4989 0
229.2832 174.3800 0
220.4902 122.9096 0
220.1221 42.8590 0
183.3461 181.9650 0
237.3908 203.6931 0
246.7899 246.2066 0
248.7709 158.9348 0
246.1381 107.5407 0
236.3816 247.7201 0
180.8176 162.5686 0
204.3488 127.3969 0
195.2823 120.4651 0
208.9029 217.7485 0
218.5740 0.5049 0
219.4920 223.2801 0
232.8313 247.6717 0
231.8143 37.7248 0
201.4489 75.8358 0
240.4351 115.7752 0
202.3651 159.2135 0
193.9488 225.6232 1
174.7073 20.3896 1
147.1062 60.7446 1
140.6301 79.8505 1
167.1193 133.6165 1
112.8242 108.2315 1
121.6387 209.2108 1
123.1158 202.2226 1
129.1232 129.7835 1
131.9111 84.2526 1
132.3924 145.3410 1
100.4270 239.8314 1
175.0858 55.4532 1
128.7398 232.4896 1
133.1123 62.3904 1
146.0493 69.2017 1
141.9714 166.3468 1
115.3802 228.5446 1
134.1468 223.0106 1
129.1700 22.9956 1
103.2516 14.7872 1
130.7251 46.2554 1
139.9519 55.3790 1
159.2100 204.8604 1
156.7147 109.6155 1
162.4017 27.2602 1
165.9911 86.7827 1
161.5223 164.6876 1
110.7961 154.6473 1
136.6523 19.7614 1
112.8466 143.9167 1
152.6737 181.7287 1
141.2117 227.2944 1
133.5520 42.2256 1
153.9344 113.3836 1
149.2529 110.3035 1
159.3423 152.6548 1
180.4234 113.5210 1
180.5260 47.1593 1
150.2945 162.5770 1
111.1497 93.3271 1
168.4803 47.2940 1
174.4708 0.0912 1
122.6519 141.3582 1
156.0349 54.4968 1
184.1241 31.9748 1
121.8602 71.7027 1
120.8151 163.8908 1
112.3618 10.8409 1
158.6935 83.4077 1
111.8634 171.2925 1
168.9156 224.3988 1
140.8042 191.8462 1
147.4433 14.5472 1
132.4417 142.1029 1
158.3798 173.6129 1
138.2340 177.4717 1
104.2698 62.8054 1
121.2805 237.0206 1
103.6674 117.6983 1
119.9148 158.7690 1
123.1307 245.3958 1
156.5166 64.3461 1
104.2766 218.1204 1
130.9677 99.2044 1
150.0948 78.6920 1
170.2728 12.2648 1
171.3472 35.1970 1
110.2977 47.5712 1
175.0852 25.6764 1
101.2734 246.8101 1
159.9234 101.0115 1
135.3381 13.5103 1
163.2338 231.7091 1
144.7184 206.8945 1
150.1170 193.1448 1
123.5858 151.5481 1
143.5866 136.3502 1
103.1326 230.7786 1
148.3986 144.2617 1
152.8022 117.5729 1
163.1915 243.3652 1
123.9818 250.3414 1
157.5720 243.1686 1
177.0062 214.0678 1
120.5183 15.1691 1
142.4968 98.1684 1
191.2745 40.4558 1
144.2183 200.6309 1
164.6463 112.5071 1
160.6920 0.0167 1
125.1209 119.5616 1
153.7440 70.1460 1
108.8914 244.9709 1
109.5028 127.2879 1
128.9430 157.8973 1
145.3313 157.4582 1
150.8790 248.2875 1
147.1886 55.3825 1
145.4841 175.6737 1
146.9641 32.2498 1
147.9309 23.2692 1
132.5304 194.0803 1
151.7741 42.7639 1
156.3316 163.5564 1
122.6749 77.2973 1
115.5145 21.8024 1
113.4181 199.9633 1
169.2255 75.5552 1
165.9437 123.2217 1
141.6872 183.9585 1
101.0758 33.3407 1
114.1591 120.7409 1
134.8165 118.7422 1
125.0000 185.1286 1
133.1157 160.8316 1
177.1888 86.6630 1
152.9180 236.5135 1
125.6883 223.7705 1
130.6967 182.5367 1
110.9165 192.0758 1
102.5659 194.9127 1
166.6664 215.6887 1
187.9488 62.3043 1
166.2889 182.8380 1
148.0867 215.3137 1
183.7211 227.6814 1
114.1215 32.2289 1
159.7221 72.7743 1
144.7690 119.8140 1
111.3651 222.8459 1
130.9780 204.9892 1
133.7925 92.2592 1
171.0434 117.1348 1
119.9502 176.4158 1
164.1538 147.4885 1
108.5479 240.7213 1
141.0395 22.0763 1
129.8205 70.5312 1
160.4361 197.4898 1
140.5202 152.0314 1
104.4874 176.1229 1
105.0198 76.5360 1
152.7721 94.5902 1
138.6670 239.9206 1
101.3422 24.1317 1
107.3034 107.5887 1
102.1781 43.7804 1
143.9430 109.1877 1
153.1148 130.9436 1
146.9710 127.9000 1
180.0259 18.2721 1
168.4659 245.9936 1
163.4721 139.6451 1
129.5764 229.0742 1
100.7948 104.4733 1
111.3941 161.0670 1
174.0184 63.1907 1
108.0361 88.5760 1
161.8769 39.8270 1
165.9981 64.4973 1
139.0146 46.8650 1
157.6390 59.0567 1
161.3430 77.4651 1
122.3114 132.5382 1
100.1731 187.6674 1
110.2677 203.4054 1
146.8466 44.2960 1
125.8046 170.3783 1
142.6118 39.1209 1
141.2764 2.1960 1
111.3635 25.6537 1
142.4964 232.5149 1
117.8990 42.8788 1
147.8249 98.5530 1
105.2716 138.5812 1
141.4541 219.7920 1
109.0696 38.7470 1
103.7848 96.1438 1
129.8259 58.4413 1
141.6625 145.0238 1
120.1746 34.0902 1
173.9065 99.0188 1
127.6291 214.7035 1
102.0656 58.9194 1
138.2876 129.2607 1
168.7332 203.0269 1
155.5113 212.5780 1
127.2106 194.8354 1
156.6295 15.5669 1
164.5371 33.7634 1
162.6443 225.2095 1
119.8842 60.7396 1
119.0991 126.0746 1
119.0680 54.6558 1
169.5140 42.2198 1
150.6229 7.7122 1
112.3098 99.2115 1
123.7280 92.3718 1
195.5817 240.3263 1
165.4445 130.5018 1
167.7085 157.1400 1
108.8200 66.0604 1
150.1904 243.7854 1
164.7540 54.7173 1
158.6634 26.6795 1
103.3632 147.4387 1
128.7000 4.5997 1
180.4902 39.7227 1
114.6277 247.0808 1
174.4319 109.6736 1
168.2872 5.9869 1
107.5218 210.2921 1
138.4942 7.3218 1
105.2866 47.1427 1
150.3746 199.4613 1
166.8035 195.6750 1
179.0342 116.9980 1
148.1758 225.2184 1
104.2374 159.6542 1
155.2936 34.9800 1
121.4005 111.2373 1
116.3914 196.5677 1
182.7231 2.9462 1
155.2234 138.4996 1
117.6667 96.2158 1
127.3856 49.3812 1
108.3939 33.6148 1
133.6995 107.8923 1
158.4675 10.9484 1
133.3973 246.8429 1
154.8427 231.6447 1
169.2613 25.5062 1
171.5243 238.6580 1
