231.8024 37.1471 0
238.4292 190.2735 0
234.9290 88.9493 0
215.9525 187.4571 0
229.2172 185.5104 0
200.2641 16.8538 0
228.4981 52.5753 0
236.6970 176.0166 0
229.5631 239.5903 0
214.8642 215.3463 0
216.8515 126.8938 0
194.5103 229.1755 0
240.3314 222.8426 0
183.7205 133.9075 0
220.4306 57.3548 0
188.6961 109.4445 0
211.3498 31.9480 0
199.5314 137.8416 0
228.6333 141.5487 0
226.9123 117.5651 0
212.7470 140.8156 0
245.0996 232.9143 0
241.5413 66.7291 0
243.8166 180.1930 0
240.2930 72.8357 0
213.6919 46.2807 0
213.9480 8.6040 0
240.3121 81.4461 0
221.6092 127.4057 0
227.0943 147.5563 0
208.3457 166.8526 0
196.4623 4.7513 0
192.6572 120.8902 0
215.8571 241.5248 0
197.8716 237.4213 0
211.9884 83.9192 0
234.0173 241.0583 0
232.0608 202.9380 0
236.2193 142.0950 0
182.1740 115.0052 0
219.1006 108.9379 0
239.3595 155.4747 0
199.9852 164.1565 0
223.0175 244.2997 0
192.5667 193.8335 0
198.8656 244.8341 0
247.8691 82.8880 0
244.4135 201.1838 0
204.7207 19.6159 0
241.0743 145.7295 0
209.4631 132.9144 0
240.3337 106.4482 0
247.5394 32.7284 0
241.7099 20.9795 0
233.2253 64.6277 0
225.7726 3.1379 0
194.9740 157.2276 0
203.7567 104.8188 0
239.3488 14.7326 0
248.0342 162.3328 0
194.8152 37.2476 0
209.9764 105.1869 0
199.2383 87.2047 0
237.9911 30.0966 0
204.8634 241.2068 0
198.3340 75.6804 0
245.0934 229.9776 0
174.9898 116.6996 0
239.6093 199.4375 0
184.0564 209.4013 0
244.0187 102.9337 0
211.6831 114.8434 0
247.0587 210.3130 0
184.8551 155.5184 0
194.8530 22.3510 0
220.9587 69.3253 0
234.0407 131.1129 0
249.7911 19.2812 0
220.9501 235.6204 0
206.9796 85.4680 0
192.8088 128.7670 0
238.5164 208.0291 0
222.1994 178.4614 0
177.5994 196.8782 0
233.3652 246.7558 0
226.9770 168.9666 0
195.5487 103.0273 0
188.4490 131.3649 0
209.8339 25.9264 0
250.2024 242.9066 0
240.6190 89.9842 0
208.3404 138.3257 0
249.6848 139.8111 0
249.7141 40.9605 0
229.2811 224.6603 0
216.0296 92.5644 0
245.9714 40.1075 0
191.1042 14.9262 0
206.7194 5.5175 0
246.6232 115.6953 0
208.5852 232.9632 0
206.4324 12.9399 0
231.1178 13.4347 0
247.4489 11.5830 0
219.9344 152.8851 0
236.7103 233.3210 0
225.9845 228.3465 0
236.2924 81.6171 0
248.8883 72.7931 0
244.7046 220.1536 0
177.4245 16.9532 0
202.6292 34.2992 0
203.0079 172.5188 0
205.4168 74.1369 0
197.5417 225.5701 0
212.3549 19.3220 0
199.7620 101.6277 0
244.8142 111.1471 0
142.1498 225.0374 0
195.3214 215.3539 0
160.5027 228.0540 0
233.1828 149.1739 0
201.6327 48.2500 0
198.7653 112.0226 0
194.6879 59.1780 0
247.1634 96.3311 0
209.0577 39.3109 0
209.2601 123.3077 0
197.7497 128.2876 0
217.9573 34.4200 0
181.1368 21.4724 0
237.7713 35.2723 0
217.5564 179.9216 0
201.0499 142.3617 0
218.3414 169.6924 0
224.6499 136.1449 0
201.9582 66.3453 0
244.7659 50.4386 0
211.6416 60.1494 0
240.0093 43.6897 0
188.2805 173.1726 0
247.6241 133.7831 0
229.7942 89.3729 0
227.0616 195.0199 0
184.4036 122.8552 0
204.3693 177.1876 0
230.1766 24.4839 0
246.9336 59.3751 0
231.2468 73.7603 0
194.8097 170.5706 0
244.7537 129.7648 0
221.2866 62.7152 0
177.5562 126.7514 0
219.1632 90.2353 0
237.3200 163.5190 0
231.2267 48.8956 0
217.7553 204.0584 0
203.7223 156.1193 0
244.6207 170.9203 0
235.1373 229.8885 0
227.4664 156.6615 0
225.3756 211.0071 0
242.2715 77.6653 0
216.9483 20.9728 0
209.1910 197.7176 0
220.6873 2.6473 0
235.7198 97.6605 0
225.8632 162.5400 0
222.3422 11.4057 0
189.9068 218.3164 0
196.1401 117.3390 0
204.2695 230.9843 0
208.3893 182.5862 0
188.1161 23.3830 0
250.1018 100.6401 0
210.8359 151.3363 0
205.5413 117.9804 0
234.0417 44.5763 0
184.7637 10.2455 0
217.9156 164.7872 0
204.2717 42.8418 0
225.9372 14.9260 0
196.8301 13.0272 0
236.9720 184.2321 0
248.1755 157.5378 0
228.1877 219.2251 0
210.0599 208.2002 0
185.7932 199.7119 0
221.9818 118.4517 0
224.5051 186.8920 0
236.2760 114.3201 0
244.3583 242.1855 0
239.8881 172.5402 0
222.0718 52.2281 0
238.9198 215.6005 0
250.2259 62.7386 0
215.0032 80.8156 0
191.4957 5.1888 0
212.8558 228.2762 0
204.0468 218.3097 0
220.6438 80.3457 0
232.7337 105.1562 0
223.3340 107.5682 0
198.2531 25.7211 0
224.0209 24.3627 0
196.3665 68.4970 0
231.3333 175.9414 0
236.1911 7.7088 0
204.1919 160.9869 0
240.6333 53.5851 0
218.1734 192.8535 0
249.7413 195.4227 0
192.7808 51.1961 0
227.3099 100.1589 0
241.8553 246.1681 0
223.3618 38.1883 0
189.1333 122.5318 0
201.8074 53.4053 0
212.8795 249.8116 0
186.4172 33.4444 0
228.8642 122.8066 0
175.2766 204.0801 0
230.8649 197.1388 0
192.1206 234.2406 0
182.3142 166.8273 0
192.5760 32.1068 0
246.4286 28.1641 0
210.6210 55.1188 0
220.4421 215.0060 0
226.0027 232.9407 0
209.5751 145.2305 0
220.0197 222.9512 0
189.0612 148.8312 0
222.2870 98.5218 0
248.3550 205.5040 0
201.5955 92.9722 0
235.8281 126.6028 0
219.4424 144.3195 0
243.8706 124.7563 0
192.8508 179.8722 0
238.3710 58.5330 0
224.5676 89.8911 0
215.4446 237.2971 0
207.7965 244.4814 0
213.3673 219.5300 0
245.5617 186.6381 0
181.8172 5.4618 0
210.4815 67.7029 0
230.1902 29.3205 0
245.0685 154.0327 0
197.0252 145.0959 0
229.8385 131.4361 0
136.2693 22.7026 1
180.9370 32.3459 1
169.8155 91.8877 1
135.7632 61.0964 1
113.9584 226.5378 1
106.6350 112.0869 1
117.6911 56.1316 1
119.6146 106.3715 1
171.7224 187.3998 1
156.8647 88.3607 1
145.0202 244.9253 1
126.0518 66.7358 1
116.7535 70.1873 1
137.6066 223.6615 1
115.2559 3.6914 1
114.5259 165.2231 1
107.5517 169.5010 1
154.2026 158.5011 1
167.1313 126.6932 1
128.9696 107.2101 1
129.5342 17.0043 1
149.9710 52.4042 1
155.9472 107.1395 1
141.4390 121.8156 1
184.1038 179.0607 1
101.4451 175.5237 1
150.2372 181.8423 1
132.0558 232.1546 1
183.4199 239.1593 1
131.6746 169.5907 1
106.8797 142.0536 1
120.0328 113.0460 1
160.4285 76.6398 1
179.7070 82.3881 1
137.5316 102.3983 1
178.9983 235.7394 1
154.7681 188.3181 1
204.8757 186.5727 1
106.6916 196.6702 1
129.4679 219.3020 1
179.4653 154.7205 1
116.6215 246.5694 1
166.4584 11.0134 1
113.0326 241.2434 1
112.3553 157.6608 1
156.9701 13.6594 1
181.5679 49.0353 1
134.1513 51.4592 1
172.3387 86.7430 1
133.6399 44.5928 1
131.1530 156.3672 1
119.3692 186.3321 1
149.9867 154.5061 1
145.3612 4.9769 1
114.7048 128.0373 1
149.1559 88.8395 1
157.9529 151.1528 1
183.4929 189.1015 1
106.1843 210.6897 1
143.0414 142.5132 1
188.1029 1.2936 1
136.6827 133.1917 1
109.4641 37.2541 1
116.7192 65.0423 1
159.7742 57.4626 1
154.4730 117.8710 1
130.2962 203.7556 1
168.2697 233.3018 1
157.2138 132.7721 1
181.6951 64.6150 1
147.9395 117.7519 1
138.7418 107.8475 1
120.5923 222.8297 1
118.8806 175.5550 1
163.0647 30.5548 1
145.2840 146.7135 1
100.5549 248.3282 1
132.0396 31.2998 1
138.2095 35.8055 1
122.5699 168.7719 1
123.1297 180.8016 1
181.2076 95.6522 1
188.3863 43.9437 1
107.2472 7.5729 1
153.8311 173.2972 1
112.3228 44.9516 1
112.3638 231.6420 1
156.4912 39.7369 1
144.7760 155.7858 1
101.3971 111.4278 1
107.3123 219.0434 1
193.1713 182.6477 1
168.0825 69.5590 1
132.0453 112.1636 1
200.8397 200.4917 1
122.0107 159.0127 1
103.1295 192.9824 1
185.1188 139.6232 1
172.3868 247.7301 1
165.8843 177.2152 1
198.4558 207.0017 1
119.0806 213.7570 1
124.6050 145.2411 1
124.5485 250.6544 1
168.9706 110.7564 1
121.2788 40.3778 1
155.0175 69.4508 1
129.3792 3.9674 1
173.9488 40.6679 1
137.7484 66.3254 1
113.6584 214.5717 1
169.1964 82.3060 1
101.8433 219.0707 1
102.4407 238.2138 1
103.9027 134.4277 1
159.0023 244.8428 1
175.3612 191.8959 1
104.1871 185.3784 1
127.6991 94.7913 1
127.1978 230.8405 1
168.5243 53.6593 1
160.5902 63.2290 1
132.6172 69.1997 1
173.4644 183.5054 1
137.3016 180.1952 1
151.6742 76.9512 1
185.2756 73.0449 1
144.5968 72.6758 1
108.3719 71.6898 1
119.8858 28.3206 1
176.2019 72.9967 1
159.1452 159.6107 1
129.6974 188.1589 1
165.5042 241.8815 1
182.9452 234.4386 1
105.9902 55.0166 1
101.4883 150.4981 1
140.1868 93.0691 1
175.6753 224.5291 1
170.0603 25.5354 1
168.8974 14.5615 1
122.7230 86.9212 1
135.0428 195.7250 1
143.8423 187.7234 1
133.7387 208.8177 1
129.8938 212.2696 1
122.0661 202.8253 1
171.1149 226.4451 1
155.3461 146.3786 1
143.1768 53.8627 1
158.4257 175.8091 1
164.4229 72.7879 1
124.0997 116.0386 1
155.5914 217.6172 1
188.8017 229.2236 1
132.0921 247.0976 1
177.1318 62.3801 1
173.8755 140.2296 1
166.7136 42.0070 1
136.5865 219.2914 1
147.5879 196.4325 1
115.5015 241.2796 1
159.3667 220.2441 1
131.4361 23.7874 1
116.7086 147.0215 1
128.6432 179.0226 1
106.3809 150.2273 1
105.7605 20.0269 1
114.4444 79.6596 1
150.4294 223.5847 1
163.7095 138.9700 1
174.3964 148.0423 1
160.4826 206.6156 1
116.0684 196.0748 1
138.8373 234.6278 1
132.3369 86.0325 1
103.9057 167.1223 1
121.0784 124.1484 1
142.6089 27.3058 1
157.3308 185.6131 1
135.1938 9.5510 1
109.7046 66.5818 1
166.1439 18.9816 1
102.5255 90.3679 1
183.3837 54.2683 1
174.2861 130.7874 1
106.9296 177.2872 1
119.0973 236.6261 1
185.7421 88.9534 1
107.6264 45.7420 1
136.8833 165.4150 1
180.7912 44.4202 1
157.3889 7.5194 1
167.6700 198.8607 1
165.1028 143.1029 1
116.3622 152.9580 1
159.4053 119.7061 1
153.6163 132.9167 1
132.5585 148.4585 1
111.4054 87.6298 1
158.6010 101.4380 1
104.7783 158.6426 1
123.2436 139.4111 1
150.4086 62.0692 1
150.5317 229.0170 1
136.7784 155.7680 1
117.3809 101.5748 1
110.0558 185.7266 1
143.3223 214.5829 1
173.6006 159.0226 1
152.9254 21.5934 1
151.7100 209.8653 1
149.0493 18.6814 1
114.3903 118.9721 1
143.5568 80.8416 1
145.2613 204.7994 1
167.1088 193.9875 1
112.1092 204.5941 1
129.8342 126.7236 1
129.4098 243.4085 1
130.4991 134.9402 1
150.4665 249.1396 1
109.8154 101.2705 1
103.6573 42.0229 1
164.8481 100.7223 1
120.1375 95.7605 1
107.2487 121.2503 1
139.8555 14.3584 1
116.5504 21.4756 1
154.1812 35.2858 1
173.9856 48.1344 1
123.3379 80.9187 1
153.6615 96.0569 1
121.4062 22.2982 1
146.7375 133.9286 1
111.0437 92.9489 1
154.2541 0.3725 1
179.3483 176.5566 1
169.3919 180.6482 1
182.6241 106.9993 1
175.1892 148.1754 1
155.2044 196.5719 1
172.2767 77.3527 1
125.7393 53.3166 1
116.3419 15.0069 1
127.1106 193.0587 1
159.2632 30.2849 1
175.9300 166.8645 1
