252.1182 25.9232 0
237.6371 171.6705 0
220.6037 91.3505 0
223.4044 200.0574 0
247.7015 174.3810 0
210.8664 184.1006 0
227.4983 40.1054 0
234.1779 40.6945 0
209.7867 173.5661 0
224.2660 207.0046 0
210.5126 209.6429 0
207.4954 118.2643 0
244.1564 196.2749 0
190.8993 137.0571 0
238.0800 78.8981 0
196.0485 48.2115 0
182.5877 140.8112 0
204.6301 152.2090 0
233.3074 109.1265 0
178.0179 151.7635 0
250.5599 50.4898 0
219.3237 81.8639 0
238.2387 52.3298 0
213.1191 95.7685 0
235.5274 66.5148 0
217.8306 117.6806 0
203.6364 181.0399 0
211.5946 103.2617 0
186.7940 174.3764 0
229.8083 80.6926 0
250.9030 45.0230 0
219.5547 209.8546 0
239.2912 227.4506 0
230.4118 66.4995 0
230.2804 231.2704 0
207.9487 147.6156 0
194.3142 42.0238 0
238.7741 123.7518 0
227.5216 27.4265 0
213.7045 228.8819 0
224.7055 236.2904 0
190.7348 81.2646 0
250.4742 2.6946 0
248.7815 107.1193 0
181.6625 151.5243 0
209.2285 112.0852 0
247.2330 119.9139 0
240.9505 148.8418 0
215.1248 123.2690 0
248.5151 64.1580 0
238.9014 143.2506 0
238.9487 247.8064 0
209.5497 82.1343 0
198.8429 111.3614 0
246.5394 129.9091 0
228.6161 211.0014 0
220.6330 55.4428 0
176.7618 130.8098 0
222.9407 227.5188 0
211.8728 88.8939 0
220.6082 181.0864 0
185.0567 121.2815 0
248.0677 223.3160 0
204.3477 109.6613 0
242.6786 59.6659 0
204.1550 86.0234 0
198.0784 52.7597 0
177.0622 125.7809 0
212.0817 196.2508 0
190.0892 157.3615 0
243.6179 190.4717 0
190.9144 127.9670 0
167.3879 99.1651 0
222.2814 169.0536 0
243.7087 162.1024 0
222.8715 10.0500 0
230.2220 99.5322 0
204.1618 98.8399 0
194.1189 114.1976 0
225.5952 118.9486 0
195.4074 162.9634 0
215.8768 42.3106 0
250.9789 123.4951 0
233.1534 3.0158 0
246.3672 219.7408 0
248.3414 141.5938 0
238.1358 133.8373 0
222.3077 248.6848 0
235.4363 193.1009 0
192.8789 123.1952 0
241.6426 155.5074 0
219.5027 97.9671 0
229.5643 181.2511 0
251.9524 238.6091 0
230.2675 58.1574 0
237.5577 156.8506 0
203.3941 44.9925 0
233.4405 222.1320 0
213.8523 241.9082 0
218.7143 63.7850 0
215.1161 173.4867 0
231.5187 201.6100 0
224.3436 221.6148 0
248.0159 164.6459 0
222.5551 23.1906 0
207.5067 93.6727 0
251.0916 76.9746 0
246.4116 14.9368 0
202.9870 66.8774 0
231.2015 113.2583 0
243.7561 104.8645 0
221.0980 68.5906 0
214.7786 13.6054 0
186.5079 114.5798 0
182.5508 105.3259 0
228.9128 165.9124 0
207.6179 126.2767 0
239.0369 32.9989 0
238.8412 85.4705 0
243.0215 51.3875 0
245.1784 242.6124 0
226.6441 161.0142 0
199.6253 139.7585 0
227.9303 72.3363 0
193.8887 184.8082 0
207.2553 76.0735 0
189.4655 166.6440 0
237.8448 95.4846 0
249.4620 153.3731 0
193.1644 146.2685 0
233.8775 132.5948 0
250.9131 39.9527 0
223.3786 149.7192 0
211.3562 50.9712 0
228.6005 132.3400 0
213.5155 28.0135 0
238.1228 213.1066 0
220.6066 156.2195 0
208.0109 165.8092 0
210.4914 2.1768 0
222.9990 173.8085 0
244.3465 69.3398 0
202.5646 189.8362 0
237.1568 232.5653 0
233.1109 144.4641 0
244.9083 115.3030 0
187.3659 147.0511 0
195.3668 153.2919 0
190.5597 103.5751 0
233.0052 244.6895 0
250.6304 29.4072 0
178.0643 117.5617 0
212.6106 70.7696 0
219.1077 19.8844 0
229.6676 123.4046 0
246.1906 1.0292 0
241.6942 236.5826 0
215.9551 193.6673 0
230.2255 90.9317 0
237.1728 165.7479 0
219.9148 125.2924 0
207.7559 9.8725 0
204.8264 176.4380 0
236.5267 72.1563 0
206.1806 205.5759 0
218.5583 112.9267 0
247.6181 210.7823 0
215.1528 152.3590 0
212.3855 58.2230 0
238.1152 177.9186 0
221.1906 31.1171 0
204.2495 56.5231 0
237.3022 203.5678 0
216.9948 200.9242 0
234.5221 35.5248 0
222.6861 105.6314 0
240.2941 23.3210 0
243.9425 20.3222 0
199.3166 198.8942 0
203.0653 132.2315 0
242.8809 73.7443 0
197.9347 144.6335 0
233.0840 12.9226 0
214.0314 108.9361 0
235.7552 23.0598 0
199.6378 61.6929 0
215.7249 4.0787 0
243.5304 34.5131 0
246.2875 6.8081 0
227.1368 76.8189 0
209.0231 247.2805 0
240.6434 182.3425 0
243.8181 95.0878 0
223.8222 217.2266 0
203.9703 158.2410 0
237.4739 9.1399 0
225.8230 50.5781 0
228.6307 190.8517 0
207.6788 136.7262 0
175.2642 94.9745 0
195.9568 65.7919 0
210.5168 65.3897 0
239.3195 103.4417 0
223.0084 138.1636 0
213.2283 139.5920 0
211.3767 160.7818 0
240.4685 42.5334 0
195.0007 16.3866 0
217.5652 220.4426 0
230.8548 172.7402 0
224.1791 3.1854 0
189.3730 26.9756 0
197.7796 121.4119 0
227.7266 147.3133 0
199.4800 129.3088 0
217.7992 143.4079 0
100.0378 202.7416 1
194.7665 230.6288 1
150.0109 61.6453 1
103.0019 147.0167 1
108.5218 232.8670 1
100.4394 149.2240 1
138.2997 24.3361 1
117.2270 166.9524 1
119.9822 103.6705 1
165.1100 169.2403 1
190.1365 89.5394 1
144.5003 237.2636 1
186.5573 18.3261 1
132.2949 81.0807 1
131.1565 102.5330 1
144.4047 71.3408 1
146.7177 140.3298 1
148.5128 185.2688 1
140.1051 128.0029 1
134.5300 211.5257 1
109.4137 148.2113 1
147.1636 95.2773 1
112.4955 66.3641 1
115.8514 217.6822 1
170.8995 245.1556 1
126.9487 198.9235 1
165.2495 135.0806 1
118.7502 148.1341 1
149.3575 203.8606 1
118.3385 201.5013 1
189.3741 205.9861 1
173.7359 210.9677 1
194.1305 215.2808 1
111.7628 160.0226 1
154.5733 37.8749 1
151.1103 175.9672 1
138.2233 65.9183 1
188.2648 37.2772 1
158.2036 110.1322 1
112.5078 241.8786 1
167.1417 194.5084 1
114.8493 249.8226 1
158.8571 115.1929 1
141.6237 36.5724 1
129.8528 1.3812 1
135.2400 203.5576 1
157.0387 64.7972 1
101.7316 63.0443 1
151.5056 157.8979 1
155.9229 136.7495 1
113.9934 11.8928 1
159.5604 88.1258 1
159.8587 57.9045 1
116.7174 125.9093 1
115.6052 36.0819 1
100.2992 76.9791 1
103.0696 183.6055 1
101.0757 48.8636 1
111.9703 168.5663 1
155.9463 162.0596 1
138.0257 113.1543 1
138.8170 41.7255 1
105.0033 116.1415 1
123.0708 208.6143 1
175.2711 65.1673 1
127.2349 21.6451 1
147.2229 212.4548 1
207.2535 222.6624 1
115.2845 207.3138 1
151.5824 236.5074 1
155.8404 230.0228 1
155.6164 183.8889 1
196.3742 99.0690 1
107.5627 186.8810 1
130.6745 28.3772 1
156.3529 151.0610 1
169.7892 106.9178 1
159.2427 133.8956 1
137.0611 180.6011 1
167.3132 53.5632 1
132.4622 172.6902 1
169.1331 234.3143 1
106.9029 97.5188 1
107.9863 206.8154 1
198.5709 213.1397 1
160.6214 161.0969 1
135.9507 10.3231 1
197.3009 245.5244 1
147.0840 146.1343 1
160.0817 226.8470 1
159.3470 38.4778 1
204.0691 233.4789 1
106.5086 54.9166 1
176.6310 84.1303 1
136.8314 170.4075 1
201.7514 243.4569 1
127.0466 209.9643 1
142.6426 22.4029 1
146.3704 114.1955 1
138.4819 166.7451 1
181.0212 30.7105 1
173.5723 48.6402 1
182.2289 72.8626 1
149.1064 87.7381 1
176.7551 58.3111 1
122.5702 234.0091 1
151.4409 226.3453 1
125.3814 121.4469 1
152.0650 70.3099 1
120.6348 122.3488 1
159.0320 69.6795 1
160.8130 237.2781 1
123.1364 7.8524 1
155.0948 101.6388 1
141.5969 136.8581 1
162.0970 207.5825 1
154.8916 28.0532 1
102.5095 106.8629 1
115.1369 87.1262 1
154.7936 17.7562 1
143.7128 121.8855 1
173.1501 182.0562 1
140.7771 77.2135 1
109.7575 248.4615 1
152.4737 190.6507 1
127.0718 242.5905 1
164.6802 142.1420 1
168.5106 226.0884 1
122.6499 60.8520 1
144.9020 172.3295 1
164.2260 213.3134 1
111.3278 29.4012 1
121.6584 15.7623 1
130.8058 71.6044 1
140.3755 227.4454 1
126.8343 53.1660 1
184.3336 157.7637 1
141.7015 152.2097 1
169.7971 77.3966 1
140.0656 49.7024 1
187.0966 247.9082 1
162.1369 73.7291 1
209.6266 36.2939 1
171.4812 10.0421 1
197.7618 69.2344 1
176.2565 198.6237 1
130.3557 55.8902 1
102.5079 160.9148 1
152.2468 250.9477 1
121.6638 242.8741 1
102.3026 196.1514 1
123.3430 44.8961 1
152.9323 215.6177 1
137.6621 5.5176 1
158.3753 33.6999 1
118.2374 156.8636 1
201.0748 26.0805 1
139.4328 186.1395 1
177.7531 163.4874 1
112.5467 110.4611 1
143.7930 230.6480 1
160.4050 246.8752 1
160.0503 194.7592 1
172.4775 20.5485 1
132.9971 190.3212 1
111.0300 219.8900 1
113.5234 78.6628 1
164.7987 64.0819 1
105.4863 173.1389 1
169.3233 162.1755 1
104.0575 6.3280 1
150.3544 50.9815 1
210.1089 237.4876 1
101.5484 191.9221 1
153.3098 8.9287 1
141.6428 105.3902 1
148.9628 110.1399 1
123.2117 85.8176 1
212.3340 18.9907 1
157.0160 200.5988 1
106.8148 36.3876 1
106.6457 83.0481 1
181.1674 230.5499 1
181.8860 210.7101 1
103.0852 126.0602 1
160.1228 154.7939 1
114.4300 140.8812 1
118.7010 198.4175 1
124.7389 141.4161 1
135.8372 221.9023 1
126.1563 155.1594 1
127.1014 145.6543 1
176.1930 172.5592 1
129.4114 231.3227 1
101.8355 246.6547 1
204.8508 31.7289 1
128.0945 133.8256 1
181.2052 202.4801 1
178.5040 34.9278 1
179.3905 4.9133 1
145.9174 222.6823 1
135.6646 113.6491 1
105.7730 63.9203 1
160.3444 22.0131 1
147.5872 11.0119 1
148.3035 20.5257 1
168.4631 204.7249 1
134.9772 159.7540 1
155.2749 243.0719 1
120.6595 187.2197 1
144.5002 194.9029 1
115.4241 25.0918 1
182.2770 220.9837 1
112.7311 124.3379 1
152.0941 83.2916 1
132.2639 232.7894 1
166.4951 127.3729 1
127.1490 181.1738 1
108.4172 137.7065 1
127.5428 165.3049 1
110.0573 94.2566 1
177.8189 190.1590 1
157.3054 123.3363 1
171.3704 92.5956 1
180.7286 237.7631 1
186.2763 191.6618 1
205.5374 16.5320 1
139.5776 16.9781 1
146.7051 161.5482 1
125.6647 223.4286 1
167.3112 247.5052 1
148.2680 129.1112 1
132.1812 46.1724 1
104.9460 22.4683 1
137.9628 0.1707 1
141.7849 82.3847 1
167.0924 119.0891 1
193.5862 171.3657 1
101.7708 11.3471 1
147.6018 42.1858 1
125.1287 30.9173 1
163.4176 101.9627 1
190.3413 237.7364 1
168.2173 151.5833 1
188.3789 50.3872 1
105.6147 73.3687 1
202.1402 2.6969 1
128.7753 76.6109 1
140.3423 90.0056 1
117.9642 91.6136 1
123.2412 95.3209 1
199.2870 207.6323 1
171.6542 34.7518 1
191.5130 5.7950 1
179.0364 53.5229 1
117.2915 47.6138 1
113.8394 59.7239 1
183.3314 169.7474 1
121.0149 110.0262 1
200.0222 224.7229 1
171.2379 139.3183 1
115.9526 100.9670 1
115.5129 178.1346 1
175.5061 234.5304 1
159.4012 93.5355 1
148.9980 34.1817 1
168.0979 23.7877 1
119.3215 175.0919 1
103.0059 226.2532 1
188.0077 66.9916 1
180.7905 25.2094 1
132.3774 236.1691 1
168.2950 41.0775 1
156.1226 53.2923 1
178.4967 217.2808 1
