243.3023 37.1711 0
197.3296 10.9573 0
237.0802 68.0366 0
243.4265 53.0380 0
239.8345 28.3077 0
200.6590 115.1995 0
182.5508 213.4921 0
204.9345 25.3254 0
209.8136 134.5677 0
223.5086 47.8087 0
241.5137 158.5579 0
192.2131 69.0768 0
235.5466 217.7453 0
203.8880 82.1169 0
214.1930 110.2803 0
224.8002 176.1153 0
236.6325 141.8059 0
181.9440 6.3293 0
215.9008 21.0082 0
234.3914 125.0872 0
202.2826 50.2708 0
200.2832 146.8890 0
211.9478 234.4028 0
190.1236 208.6490 0
247.4619 149.4663 0
186.0816 238.4603 0
206.1560 156.1343 0
240.4148 14.7105 0
249.5570 224.0575 0
235.0413 25.8090 0
193.5081 106.8730 0
197.8907 54.5220 0
237.3313 225.5658 0
207.3618 250.1376 0
196.4490 111.5459 0
178.6295 195.9384 0
236.5456 231.9930 0
229.5586 69.0487 0
114.8028 236.0631 0
195.7043 149.4363 0
245.9610 104.6676 0
205.5730 241.0431 0
220.2660 56.3220 0
213.1364 118.0046 0
235.5943 6.2297 0
240.2206 169.4414 0
222.9575 97.1512 0
239.5881 49.1348 0
225.1738 88.8818 0
214.0807 214.9393 0
202.3347 11.7423 0
249.0175 208.9395 0
180.7344 19.7085 0
194.6160 1.1283 0
184.9927 190.3008 0
227.5130 204.2833 0
209.4580 74.2081 0
212.2472 190.2704 0
220.5823 166.4637 0
223.3528 218.5387 0
245.9472 62.2229 0
183.8495 61.6088 0
217.8006 94.8424 0
232.0497 30.1057 0
218.1212 140.6862 0
224.1475 20.6080 0
239.0229 163.8209 0
188.3446 44.1033 0
208.8583 165.8007 0
233.9876 88.2402 0
187.1686 7.6068 0
246.6665 22.8413 0
236.9033 182.5113 0
224.4911 232.5748 0
229.9467 232.1151 0
213.8810 166.5343 0
237.2458 78.2777 0
247.5206 6.8429 0
214.5017 5.1842 0
200.7777 137.7297 0
218.1647 204.0425 0
199.6555 207.0921 0
233.6778 178.8584 0
248.5867 129.3196 0
243.2244 125.1615 0
191.1934 234.8929 0
201.8752 98.0226 0
194.7335 89.7239 0
240.9142 210.9369 0
214.8062 237.9059 0
205.9266 121.3061 0
245.5085 31.8186 0
210.5362 196.7767 0
221.8734 191.5692 0
226.4873 134.3523 0
190.3477 217.0375 0
218.4807 41.0474 0
201.5374 240.7416 0
250.3146 11.8490 0
190.7545 137.0895 0
180.5312 177.9066 0
248.7068 39.4020 0
230.1509 191.1613 0
192.8133 33.1154 0
220.0254 81.7100 0
237.3634 117.5833 0
244.8572 78.2761 0
188.5928 55.9989 0
201.9144 161.2854 0
222.7656 25.8953 0
169.0103 21.4731 0
235.7652 247.4825 0
169.4486 32.7276 0
218.0485 74.1298 0
196.6678 40.1071 0
208.0470 16.0518 0
242.9811 243.2345 0
211.9313 203.2323 0
190.0452 121.8047 0
245.1327 155.3421 0
199.5441 72.7955 0
226.0177 7.5431 0
207.1291 112.2434 0
181.3770 167.6842 0
196.3431 25.3560 0
194.8062 130.2778 0
178.5390 92.8456 0
215.2306 225.0152 0
208.3973 51.2709 0
205.4183 133.2666 0
189.2415 130.5978 0
214.9252 65.8511 0
222.1472 213.8310 0
177.8049 46.5708 0
245.4660 235.7857 0
243.0179 220.7276 0
204.4335 151.6607 0
248.4774 191.7015 0
190.6176 95.3996 0
240.6655 133.7875 0
214.4968 175.7062 0
211.5164 182.9048 0
191.1104 78.8665 0
247.4435 137.8292 0
245.3537 248.8134 0
227.7777 34.8037 0
191.4780 116.7421 0
215.0529 146.2831 0
201.1751 32.1130 0
193.2653 57.9547 0
229.0338 57.2389 0
185.4444 186.6736 0
176.2037 174.9997 0
246.5201 201.0483 0
231.9312 95.8404 0
237.2878 38.2461 0
207.4052 68.3076 0
222.0554 10.2040 0
229.8905 116.1539 0
240.3645 95.7805 0
220.7704 241.7978 0
224.2517 128.9066 0
211.5591 220.3411 0
245.6157 72.2149 0
217.5937 101.9908 0
192.8389 47.3404 0
216.2020 127.4103 0
235.3264 209.2052 0
231.7384 52.4515 0
235.1299 191.2052 0
196.3364 83.8134 0
184.8300 122.3711 0
217.3093 132.3914 0
190.4082 100.5063 0
190.4288 184.6538 0
242.9903 188.8709 0
233.7153 1.1092 0
194.8313 242.3244 0
233.9303 130.0626 0
192.8517 14.7230 0
221.2543 65.3713 0
185.1658 16.0478 0
222.9386 196.1562 0
250.5150 102.6656 0
179.9907 37.3355 0
208.6361 80.2799 0
229.8460 240.8375 0
234.9994 200.6004 0
209.0706 244.6649 0
215.1635 57.0521 0
204.7574 200.6079 0
196.9412 180.5721 0
188.3777 179.3788 0
215.2704 185.9431 0
224.8757 182.0405 0
201.6373 42.8035 0
207.1596 212.6475 0
226.1127 164.3565 0
205.2306 93.4399 0
194.6859 19.6573 0
199.6052 102.0218 0
230.6813 84.3175 0
218.9123 158.0205 0
207.1639 59.5144 0
197.2502 216.6006 0
216.3450 13.8266 0
232.0396 109.1216 0
243.8528 178.6550 0
182.8951 246.6856 0
202.2967 229.1314 0
189.4919 242.6758 0
228.0686 138.6537 0
203.2345 219.7767 0
244.7101 145.0102 0
235.0322 17.4082 0
188.8553 167.6190 0
225.4649 118.6439 0
197.5435 189.7815 0
218.6793 89.0174 0
183.4540 141.7222 0
186.7691 32.3699 0
187.0526 25.5358 0
181.7564 218.4942 0
213.7321 44.9815 0
234.0710 239.6783 0
212.7218 100.1838 0
217.2166 0.1085 0
227.9151 216.3552 0
233.5215 46.1426 0
183.0614 97.0858 0
232.3379 157.8821 0
223.1784 38.3292 0
218.9275 149.4148 0
215.9142 31.8265 0
204.3428 176.2017 0
201.4879 187.1285 0
200.3438 167.8069 0
225.8437 110.2370 0
207.1603 86.0204 0
198.5496 123.2315 0
231.5393 101.5112 0
196.6941 173.0105 0
230.5430 74.9220 0
222.2781 227.1374 0
237.4263 149.1593 0
207.2859 191.2076 0
174.4896 30.1703 0
250.0798 170.1335 0
205.9346 43.6563 0
187.1232 87.4477 0
209.3376 144.6378 0
193.7577 62.8539 0
198.4765 248.7111 0
232.8203 171.8985 0
242.1674 117.6334 0
211.9700 34.6733 0
188.5635 194.0030 0
245.0536 87.6282 0
245.4951 230.7269 0
240.2939 58.7063 0
244.0683 111.5207 0
229.8960 223.5992 0
193.2923 160.2419 0
210.8313 125.8410 0
221.9601 110.8267 0
186.5414 204.3773 0
180.9512 231.7853 0
192.8105 199.6022 0
226.7548 249.9376 0
238.8058 8.9816 0
204.5466 73.0970 0
226.7040 152.0083 0
160.9633 22.7911 1
140.7554 20.2019 1
158.9427 51.9347 1
185.2825 157.0531 1
116.4870 142.0263 1
106.3773 220.2869 1
166.6840 167.4064 1
123.8725 99.6552 1
121.2920 231.8284 1
126.4314 15.0278 1
125.3472 119.4079 1
133.6770 213.8593 1
110.8799 44.9929 1
122.8437 82.2231 1
149.8988 146.1230 1
151.6493 233.9286 1
106.5399 233.7971 1
100.8245 203.4560 1
124.8153 217.0545 1
112.8459 227.3606 1
156.0348 31.2365 1
118.7703 50.8717 1
147.6239 241.3362 1
162.4052 146.7483 1
140.7197 99.2569 1
151.5630 177.3888 1
110.2819 204.4969 1
156.6898 45.3591 1
162.8622 98.6738 1
171.1999 219.1889 1
126.0139 64.6320 1
143.6027 30.7866 1
164.7135 83.2281 1
139.2522 103.2201 1
150.4490 193.0163 1
139.1487 133.4514 1
180.7428 108.0418 1
137.5934 77.2766 1
106.7176 151.9600 1
138.0762 190.0416 1
112.6927 174.9367 1
131.2200 184.2393 1
162.1469 197.0622 1
130.2660 117.5574 1
171.9856 117.1254 1
110.9781 106.6168 1
109.9047 76.4731 1
134.2640 14.9230 1
101.2865 48.3671 1
126.3986 152.8544 1
118.3441 100.1628 1
152.2071 137.6509 1
136.3361 232.1593 1
159.1342 181.8867 1
135.9008 222.6766 1
175.2144 89.7508 1
136.1330 196.8215 1
123.0548 204.1428 1
172.4157 97.6356 1
142.9718 59.7589 1
118.5723 120.1932 1
143.1700 13.3767 1
104.0723 114.2580 1
165.6128 13.0296 1
156.1183 86.3131 1
172.5580 52.2675 1
133.0226 96.7544 1
121.6699 165.1177 1
129.3483 77.0444 1
175.9946 186.7927 1
155.2369 199.3120 1
101.5437 241.8031 1
168.5428 182.0059 1
145.5181 148.4907 1
105.4619 230.4664 1
173.9987 104.9812 1
162.4839 128.0406 1
164.1203 229.2780 1
104.6449 67.9866 1
144.8333 229.1624 1
167.4748 241.1211 1
119.6978 41.1594 1
155.4467 110.6853 1
145.2227 48.0247 1
163.1089 58.9716 1
113.3318 82.6974 1
118.4695 221.9859 1
154.4452 158.9712 1
109.8631 157.5438 1
107.4984 141.1546 1
130.7357 162.3142 1
125.8643 69.9773 1
113.5014 160.1420 1
169.4949 250.5669 1
125.4942 33.9394 1
110.8567 39.6162 1
163.2801 224.7143 1
173.9534 160.1321 1
167.0187 171.6144 1
123.5977 156.6939 1
161.2758 250.0838 1
111.1558 33.7176 1
116.7482 212.1741 1
146.1988 69.5211 1
149.0423 37.1968 1
146.0689 170.5873 1
117.8425 88.8414 1
168.4224 72.4699 1
165.2793 192.1003 1
119.9478 110.1890 1
148.4777 184.5378 1
154.5006 101.6589 1
174.1659 165.0260 1
156.8522 151.7320 1
161.6448 212.5403 1
152.6861 92.7421 1
123.3713 184.5393 1
131.6482 131.4426 1
129.2431 192.0047 1
110.5988 183.0115 1
136.3845 166.8066 1
174.0726 207.7083 1
165.2064 7.8713 1
160.3154 237.2413 1
164.2181 155.7741 1
143.5287 118.4860 1
151.5731 13.5991 1
102.4299 21.2788 1
116.0378 73.2612 1
125.5010 113.5598 1
179.2473 227.5935 1
107.4376 97.3051 1
146.9733 111.1065 1
109.6494 214.1792 1
133.0780 175.7099 1
172.4848 145.0860 1
171.4649 125.3696 1
123.2501 196.0620 1
173.4118 17.7212 1
136.4314 50.2176 1
176.1200 134.6419 1
181.8380 129.8430 1
111.3808 93.3140 1
144.0688 22.5583 1
152.5945 128.7808 1
133.1185 57.8894 1
100.3940 125.0481 1
179.6390 115.0169 1
129.0662 38.0997 1
150.2000 74.5991 1
156.0632 11.6733 1
160.3159 104.0900 1
113.7990 13.0600 1
126.7854 105.3043 1
136.6573 155.2910 1
176.7861 70.8046 1
121.5060 136.4689 1
107.0981 146.3728 1
134.0539 70.0511 1
167.8698 137.9869 1
119.4588 32.9739 1
103.3437 30.2249 1
158.0246 34.2373 1
133.9391 145.0250 1
109.4908 135.2220 1
121.4857 180.3158 1
159.2359 170.0323 1
102.7616 96.6296 1
135.7576 32.7401 1
106.7965 192.7973 1
142.7656 73.4764 1
153.8267 2.3072 1
136.7545 6.5078 1
110.4071 20.3597 1
158.1119 144.2849 1
150.0882 163.8166 1
138.7707 240.9705 1
118.2470 4.4213 1
124.9753 129.6793 1
143.2207 157.9113 1
100.6334 185.0322 1
133.3596 113.0334 1
105.2256 172.4965 1
118.8704 247.7094 1
144.0167 138.4335 1
115.8677 193.9922 1
121.5677 240.1782 1
113.0585 199.6609 1
173.6920 197.7723 1
131.7555 200.6731 1
158.1595 242.5851 1
184.2521 53.1902 1
125.7024 229.2308 1
163.4516 27.0453 1
152.3262 119.5476 1
149.3633 60.3622 1
128.0304 47.3041 1
159.0763 90.2103 1
126.5817 24.5560 1
184.6457 149.3218 1
180.1318 121.2934 1
146.4852 130.8257 1
105.2291 81.7308 1
151.1677 55.6388 1
165.1881 35.9680 1
126.2864 56.4469 1
165.9073 93.9645 1
132.8507 5.2317 1
176.9659 76.3799 1
129.4235 243.6183 1
163.7419 114.0971 1
130.7752 88.5450 1
136.0390 80.3912 1
135.7665 41.2230 1
105.2318 164.8013 1
125.2956 248.1585 1
122.7724 131.2343 1
171.8269 232.5075 1
167.6628 205.8160 1
141.5594 55.2814 1
150.7224 216.7285 1
142.7959 178.4954 1
108.2156 55.5155 1
151.9758 155.6767 1
149.7853 210.8466 1
146.3980 250.0931 1
124.0208 167.4887 1
155.6473 76.6050 1
106.9467 63.6564 1
131.7360 21.4437 1
174.1528 84.0647 1
137.2253 209.8099 1
158.0343 229.4126 1
110.9940 241.7061 1
139.2361 10.8112 1
173.7814 7.9558 1
