205.7884 60.7192 0
213.3702 234.8589 0
214.1124 75.6284 0
230.0707 189.3935 0
213.8324 3.1099 0
218.3626 179.3735 0
250.5264 72.2742 0
237.3109 115.0789 0
203.3627 26.7417 0
238.6499 68.5137 0
238.6272 208.6909 0
215.7226 12.3188 0
211.8428 208.1653 0
196.2930 122.4902 0
190.0742 204.6987 0
224.5732 16.9779 0
202.0427 132.8651 0
192.1393 52.5020 0
183.5551 97.4101 0
244.0923 215.9682 0
187.4269 5.4615 0
230.4486 154.7263 0
244.8351 162.4089 0
219.4341 120.0175 0
245.3763 134.3509 0
238.7877 36.0247 0
230.3729 217.3286 0
208.5158 67.4232 0
224.2032 55.4877 0
238.1485 32.2831 0
188.6540 243.1266 0
223.1938 91.2263 0
248.1134 122.8568 0
222.8616 184.4821 0
226.6776 25.8649 0
184.1228 220.7133 0
195.5878 140.0558 0
181.8053 190.5635 0
189.4171 0.6418 0
202.2779 103.0335 0
201.0396 5.2367 0
229.8483 194.4325 0
247.5239 153.9910 0
194.8964 110.0058 0
235.7519 245.9126 0
182.8544 89.8533 0
239.1260 154.5453 0
208.5308 211.7141 0
208.8279 5.9962 0
211.7056 202.2241 0
177.1147 198.2472 0
224.9938 243.1271 0
184.6999 10.3566 0
233.9420 65.4429 0
240.9765 138.4360 0
249.9943 183.3764 0
247.7905 224.5562 0
235.3395 96.9619 0
226.2642 32.7534 0
244.5941 63.8831 0
209.9351 31.5906 0
213.4693 152.5840 0
245.1697 9.0178 0
214.1396 157.8612 0
180.4259 40.2821 0
245.3141 200.9787 0
192.0986 82.2503 0
248.7576 22.6800 0
196.8520 90.2127 0
223.3849 49.0567 0
169.8629 202.5377 0
173.4125 65.0353 0
196.8843 242.7045 0
168.9814 63.2798 0
238.4376 215.0419 0
228.6976 81.4556 0
225.0367 220.5295 0
174.3703 206.7190 0
204.9187 125.1817 0
206.7631 115.8465 0
226.8892 247.6598 0
222.8633 123.9484 0
250.6795 91.0701 0
181.9466 26.4308 0
219.0737 81.5949 0
242.6089 247.7917 0
242.1097 148.8799 0
244.9953 229.7171 0
194.9785 203.7885 0
201.7482 112.1492 0
222.8903 233.2330 0
215.1616 112.5042 0
225.2834 211.9910 0
238.6347 175.9491 0
202.2081 218.4736 0
240.9527 27.6831 0
217.3017 166.2628 0
199.5444 99.4459 0
206.5487 160.0185 0
173.0197 41.7262 0
236.4146 15.1432 0
250.8080 96.8712 0
245.9899 94.0641 0
210.3874 124.2365 0
247.6640 39.9972 0
200.9725 245.9082 0
216.9064 107.6511 0
228.0435 56.6198 0
185.7013 18.0053 0
171.0837 8.0998 0
250.1724 199.0745 0
192.2709 13.0522 0
184.4348 238.0580 0
206.5381 50.3927 0
245.4376 4.0278 0
220.1127 133.0213 0
221.9015 24.3072 0
224.1216 8.3851 0
201.2315 74.0576 0
226.8593 70.5914 0
223.6131 2.6780 0
200.2642 31.3197 0
176.3313 72.3805 0
190.9559 217.5434 0
184.9321 43.0362 0
247.3651 30.8552 0
195.2940 190.6944 0
212.8615 46.2985 0
200.5177 94.5213 0
202.0287 194.8474 0
207.4915 180.2198 0
190.5091 182.4100 0
234.0361 168.5645 0
193.6591 42.8946 0
198.3567 118.7018 0
247.5521 189.2055 0
236.1752 228.3738 0
191.5229 33.5875 0
231.8153 124.9018 0
246.7820 234.0398 0
212.7276 28.1622 0
185.1316 135.1233 0
236.0856 145.1504 0
234.6253 250.7164 0
186.1602 119.9651 0
191.5087 38.7117 0
175.8823 53.3591 0
250.8965 86.2056 0
211.0082 191.9913 0
213.5737 172.7226 0
205.5406 169.4942 0
197.8280 55.0317 0
231.5706 40.0140 0
182.1805 61.6931 0
230.4046 61.0801 0
225.8864 132.2918 0
201.5141 61.6882 0
219.3952 218.0734 0
177.8553 95.5195 0
201.4381 186.4353 0
214.0789 59.5240 0
240.3510 76.4443 0
210.0235 84.0305 0
234.3236 237.7140 0
205.9258 134.8454 0
251.2181 151.3856 0
195.7535 71.6859 0
191.7101 98.5701 0
193.1270 63.7778 0
245.5945 168.3128 0
243.6371 48.5322 0
228.3944 203.6581 0
212.2105 135.1306 0
236.3896 199.7735 0
239.2630 224.8308 0
205.3761 236.9280 0
228.2779 148.3139 0
219.9352 236.7498 0
221.1724 70.9310 0
218.2278 43.0969 0
221.5507 200.2722 0
201.4153 14.7569 0
227.3528 105.7686 0
229.9497 212.2101 0
221.7098 192.4969 0
217.9799 6.6017 0
202.3109 40.2681 0
203.4061 204.8057 0
172.9647 112.1607 0
217.6651 196.0474 0
203.2791 190.9898 0
211.2825 37.5849 0
249.8304 114.5024 0
214.1584 186.0788 0
232.9231 112.9593 0
190.0574 75.0449 0
238.0166 8.9646 0
177.6011 58.6958 0
244.1390 18.6222 0
221.8884 158.1271 0
200.0726 36.0609 0
234.6959 52.8475 0
195.7034 21.4339 0
241.5543 106.0345 0
241.1936 185.1226 0
210.6393 216.1912 0
185.8615 231.0182 0
210.5298 230.3436 0
224.4054 113.4888 0
225.6085 171.0329 0
241.3376 120.8733 0
228.7090 18.4570 0
228.2651 180.1560 0
207.1784 75.9689 0
180.1059 222.5976 0
244.2966 54.6260 0
200.0811 83.8742 0
180.7216 250.9381 0
216.4276 227.5424 0
177.1641 188.2910 0
184.4426 84.6945 0
222.8569 108.2626 0
245.8642 242.9494 0
215.0425 102.2220 0
184.1933 30.3723 0
244.0906 209.6366 0
209.6827 17.2268 0
186.8691 110.2949 0
219.4205 137.7442 0
221.3996 39.2392 0
220.5813 145.0092 0
238.2684 46.4148 0
207.3361 198.5988 0
242.5863 194.0886 0
181.8343 71.9510 0
209.5355 93.7075 0
228.6032 10.4840 0
217.7048 61.2778 0
196.3985 130.8752 0
190.7060 93.2827 0
205.4028 218.9262 0
216.5176 52.7585 0
244.3015 129.5450 0
198.1243 199.0415 0
233.4553 177.7604 0
234.8030 104.5825 0
232.2414 88.1223 0
197.0618 233.7801 0
228.2930 141.4714 0
179.7448 17.9524 0
238.0298 20.3618 0
168.7339 57.8656 0
198.2205 211.5621 0
215.9450 246.9464 0
195.6759 223.9619 0
231.0748 137.5688 0
215.8112 91.2082 0
206.9301 242.2137 0
179.2605 79.0746 0
240.3155 238.7850 0
250.4125 141.5626 0
228.9386 234.1490 0
215.5060 144.8896 0
241.4374 85.7592 0
219.0616 98.1281 0
186.9580 212.6930 0
183.7459 203.2705 0
203.4206 225.9703 0
225.1930 225.8848 0
176.2164 0.9110 0
181.1974 51.8362 0
248.1579 174.1223 0
217.8131 66.3125 0
238.0568 165.9576 0
235.0349 127.8882 0
120.9697 233.4598 1
101.5575 227.7936 1
136.4361 83.7963 1
147.6993 110.8304 1
153.4462 33.9006 1
120.2033 174.2902 1
124.6133 123.7227 1
177.6721 233.7943 1
159.9693 190.4420 1
111.5084 246.9372 1
155.0867 146.8313 1
168.2772 180.2234 1
175.3296 103.0329 1
151.0226 250.2415 1
109.7883 63.1569 1
100.5755 61.0051 1
166.6600 5.1334 1
161.1279 234.0653 1
126.5079 119.1445 1
164.3000 154.3608 1
119.8686 35.2600 1
104.7460 81.3054 1
112.0542 211.7510 1
110.2393 171.2462 1
146.1647 128.9282 1
186.3160 165.6864 1
149.8922 189.6179 1
192.6831 147.1034 1
159.0580 7.1371 1
170.6276 18.5038 1
173.8812 238.0334 1
117.3309 83.8293 1
102.7960 110.7420 1
166.7274 36.8818 1
132.5937 120.8102 1
140.7034 13.4244 1
130.7503 174.3995 1
185.0450 140.4128 1
128.5197 51.2696 1
103.4930 150.7780 1
132.3109 229.0015 1
136.7655 202.9012 1
138.1546 237.5637 1
157.3531 17.7042 1
113.9985 202.9967 1
103.2923 142.0564 1
169.0302 29.3935 1
117.9800 66.3069 1
180.5258 128.5733 1
137.1955 38.4387 1
161.4873 169.5882 1
145.8059 155.5780 1
112.4775 137.1321 1
158.1864 220.8965 1
108.8308 176.0619 1
120.4037 76.1753 1
121.2568 217.3840 1
116.5224 156.8345 1
192.7971 176.3822 1
109.0855 13.6377 1
131.7350 93.9594 1
115.6092 43.8088 1
138.6608 92.5996 1
131.3835 45.2835 1
137.5908 163.4818 1
115.1573 164.3458 1
148.5188 25.2393 1
134.1326 98.0383 1
152.3291 73.8047 1
124.8294 202.5429 1
110.2569 69.6145 1
155.0542 225.2214 1
179.0055 112.8251 1
138.6221 222.9605 1
128.5880 31.7764 1
158.7658 92.7684 1
106.7609 35.3423 1
132.4700 131.5000 1
104.8452 8.1518 1
142.9636 199.4716 1
177.7126 35.6367 1
136.9150 29.9233 1
107.4495 46.0647 1
166.1658 70.4057 1
167.1083 148.0519 1
100.6621 115.4960 1
112.3116 188.9069 1
115.7947 99.4289 1
169.1730 192.6998 1
160.3123 63.5944 1
142.3608 81.4674 1
180.2659 182.9040 1
147.8347 193.6768 1
106.3474 100.0929 1
141.2211 105.2617 1
149.9725 239.2059 1
123.0615 188.8139 1
176.8871 156.0605 1
134.1955 245.8937 1
102.2103 97.5589 1
170.6252 221.8770 1
167.0843 47.8436 1
172.2625 88.8798 1
145.5239 245.7736 1
161.8182 101.9293 1
141.7687 226.3621 1
158.0093 36.1543 1
167.2812 106.1947 1
144.4013 212.4639 1
111.4051 90.4399 1
111.5078 17.4012 1
101.0234 163.6518 1
144.7402 33.5329 1
107.2231 117.9755 1
115.4789 193.1557 1
185.9456 158.9442 1
146.9792 137.1853 1
160.0957 207.5346 1
146.2814 146.3895 1
167.6422 114.2760 1
101.2119 17.2157 1
143.9677 68.9546 1
179.6567 173.8122 1
100.2221 217.3248 1
165.6111 125.9185 1
112.3128 79.6387 1
171.2171 136.5339 1
115.9497 73.8628 1
115.1804 216.9203 1
125.8447 63.4628 1
170.1836 171.2888 1
194.5124 161.4661 1
155.9928 203.3308 1
165.3966 19.1494 1
157.8588 120.3842 1
149.3848 10.6619 1
157.7756 243.8785 1
140.0160 0.6356 1
104.8316 24.5763 1
127.3855 133.0815 1
127.9972 9.7318 1
133.4790 179.6743 1
137.8884 172.7311 1
158.9468 166.9513 1
153.4799 80.4236 1
111.6378 232.8586 1
156.3856 154.9971 1
140.2413 154.2041 1
150.2458 219.0695 1
106.6508 90.4419 1
164.5705 199.6241 1
166.2562 21.2575 1
135.2460 61.2178 1
166.5138 162.0448 1
107.1995 134.7775 1
149.3583 121.1211 1
141.2836 191.3483 1
155.5260 181.4838 1
109.3624 150.2654 1
104.9295 224.6127 1
129.7714 21.6489 1
177.9637 230.7986 1
172.3009 82.1011 1
128.2962 144.0052 1
147.4481 40.2177 1
101.1609 236.0504 1
131.6833 72.3380 1
129.5003 101.7272 1
140.7517 114.5329 1
103.2821 132.8617 1
166.9208 243.2444 1
132.3738 194.8567 1
163.4737 57.2991 1
114.9230 239.3814 1
148.1916 60.9099 1
168.4079 109.6069 1
143.9780 96.5054 1
148.5453 170.5930 1
104.6203 204.6327 1
157.2904 111.1469 1
156.2644 136.7251 1
116.5892 60.0534 1
138.6289 69.2027 1
117.1943 125.9300 1
153.1690 92.0259 1
176.6000 169.0714 1
118.2723 90.8705 1
142.3600 244.2815 1
157.3979 83.2808 1
136.1390 233.7062 1
100.0686 52.7556 1
161.3141 143.6378 1
115.0239 119.3037 1
173.5784 120.2504 1
146.1672 207.0887 1
162.1838 130.9343 1
123.3623 101.7774 1
110.1949 28.5816 1
126.3339 78.1695 1
157.1107 159.5651 1
144.7885 47.9602 1
125.9587 196.4975 1
118.5952 5.4888 1
154.3668 51.4682 1
169.0571 77.6607 1
117.4394 25.0958 1
111.4328 225.6926 1
129.1926 165.1618 1
131.1775 212.1147 1
121.2633 57.8400 1
137.1182 10.2517 1
143.3039 161.6378 1
124.4499 182.8130 1
166.6862 81.9611 1
105.5301 243.0610 1
156.4317 40.6150 1
100.8269 192.8657 1
149.1694 231.7174 1
141.1008 185.8456 1
125.3703 214.2686 1
130.2810 13.0330 1
115.4848 141.4207 1
130.1568 249.9554 1
126.3776 156.4813 1
168.1487 213.4984 1
187.1446 146.3396 1
173.6788 244.6582 1
108.7808 194.1794 1
203.1034 149.3024 1
166.9288 91.9634 1
104.3329 186.1946 1
149.4294 17.7250 1
157.7713 9.6444 1
123.5746 243.5931 1
123.8470 11.4715 1
134.3331 206.1908 1
