237.7132 2.8337 0
232.7165 81.7335 0
220.0029 187.5289 0
196.9788 160.3903 0
226.2907 31.1101 0
230.2139 30.4713 0
226.3663 166.9178 0
229.7673 183.5466 0
226.7795 188.5782 0
214.4693 130.4645 0
196.4323 143.9170 0
238.9225 65.0852 0
192.8991 18.3379 0
247.4343 218.8310 0
176.2247 123.9926 0
217.9278 159.1531 0
229.4642 98.6932 0
184.4307 128.3585 0
216.8505 83.2213 0
234.5297 44.7341 0
213.3961 89.2864 0
238.8235 48.6641 0
219.0429 120.8622 0
189.5299 166.4853 0
245.3398 18.9338 0
221.2218 103.5867 0
187.6285 170.0642 0
232.8249 70.2823 0
210.9297 201.0395 0
231.8249 210.7297 0
227.1575 63.8188 0
209.6278 216.4100 0
210.0065 166.5121 0
211.6896 28.3778 0
233.5879 111.4380 0
213.9337 34.4738 0
206.3390 229.1029 0
224.7516 220.8191 0
199.8643 92.9968 0
243.6064 243.4467 0
193.1159 152.8778 0
210.4695 123.3728 0
238.6483 120.4392 0
242.6410 10.8486 0
236.1893 136.3624 0
215.8477 140.9831 0
244.0218 56.4992 0
202.6395 234.7079 0
244.3700 155.5617 0
200.5305 84.2275 0
242.9896 46.6562 0
200.5574 122.5636 0
230.0672 199.6479 0
212.8519 54.2836 0
185.8062 133.3200 0
209.3499 224.5468 0
220.8027 79.3484 0
217.8476 179.7053 0
185.2927 114.5815 0
235.3651 213.9588 0
213.0953 112.0183 0
195.5162 84.9279 0
193.4087 64.6759 0
193.2717 123.6041 0
210.5123 177.5380 0
176.1256 167.7830 0
246.6655 176.3369 0
187.6440 145.6118 0
192.8411 105.9032 0
228.4619 163.0943 0
213.0398 0.5226 0
233.9453 89.8878 0
208.6766 107.5727 0
192.4260 118.9840 0
223.9297 126.2004 0
200.9476 174.9803 0
204.7529 48.1496 0
247.7445 129.7603 0
247.2142 29.2500 0
219.7612 239.2441 0
240.8718 209.2739 0
241.3867 115.9043 0
197.2489 5.8747 0
241.7594 184.1046 0
195.2038 133.2646 0
245.7568 69.0269 0
235.8214 145.0135 0
221.4474 84.5980 0
242.3972 175.4655 0
231.7592 222.3912 0
223.2446 44.7717 0
242.7486 152.3185 0
209.1065 36.0348 0
222.4930 207.5922 0
200.1131 225.2379 0
217.2824 57.9746 0
248.2912 90.4477 0
228.3041 172.2336 0
232.8459 195.5172 0
216.8786 211.3066 0
219.7261 24.8122 0
207.2504 94.8406 0
247.2935 5.5606 0
250.4688 77.5668 0
227.8506 5.6403 0
203.8533 73.6671 0
233.8873 107.5461 0
243.7105 100.4892 0
217.6285 47.9722 0
240.0091 219.1969 0
201.1370 248.7078 0
206.2936 118.2347 0
195.5004 114.2796 0
232.9735 158.5132 0
202.9491 138.4837 0
231.6608 15.2036 0
238.7238 82.4886 0
243.0128 41.8763 0
211.5666 235.3608 0
247.1392 144.5617 0
215.2881 146.5874 0
224.3509 72.2351 0
211.0423 183.4233 0
196.7908 76.8423 0
200.7395 170.0672 0
238.4084 73.9979 0
187.8678 154.6401 0
232.6035 127.9055 0
233.2292 35.5283 0
233.3644 149.9106 0
206.0101 43.5390 0
228.4517 120.7704 0
214.5309 44.5838 0
243.0484 205.0612 0
226.8117 155.9141 0
220.0661 167.3516 0
194.6136 231.3105 0
237.2481 161.8921 0
230.2743 53.2376 0
189.3605 178.7414 0
219.4050 218.1980 0
244.8992 125.8591 0
247.9116 111.1184 0
202.8534 146.9010 0
186.3814 162.3380 0
198.3567 98.6515 0
246.6581 230.7761 0
218.4667 229.1573 0
244.9465 80.6987 0
239.0674 19.1725 0
236.0764 228.0989 0
179.4458 120.7363 0
207.2014 69.5236 0
204.6089 4.7876 0
226.7894 111.5457 0
226.0683 236.9843 0
222.6967 225.8421 0
196.2068 173.0262 0
228.2614 90.7696 0
244.8578 164.9069 0
222.1880 136.0634 0
250.1102 200.7845 0
194.4889 245.6972 0
213.1496 171.1935 0
228.4406 68.7339 0
223.2848 195.9120 0
221.4095 115.9235 0
239.1007 194.2491 0
224.3452 131.1052 0
208.2609 55.5564 0
225.8081 40.1793 0
201.3420 56.4169 0
237.9706 187.2543 0
219.6866 191.9615 0
242.0273 6.8185 0
223.9249 22.8004 0
222.7980 91.6143 0
242.2191 36.0961 0
229.9197 10.4029 0
233.2992 241.5282 0
222.7129 1.6903 0
200.4257 182.4033 0
208.5704 142.9012 0
243.3890 73.5464 0
203.2637 153.4263 0
217.6182 14.6765 0
215.3109 103.1120 0
217.3281 9.3993 0
196.4560 57.6806 0
201.4018 240.8525 0
235.7234 16.7881 0
222.5784 248.4007 0
215.8225 73.2783 0
189.9351 242.8427 0
239.6687 89.7933 0
208.6194 190.4083 0
201.8145 162.3019 0
216.9194 248.1609 0
225.1797 52.4301 0
235.3406 176.0552 0
246.0122 191.6091 0
207.7654 157.4124 0
198.8079 105.9198 0
199.0690 72.4386 0
220.7476 63.6652 0
236.5751 101.6052 0
223.3551 147.7722 0
229.9246 137.9194 0
211.6499 153.5580 0
239.3009 30.0133 0
190.0524 2.1080 0
244.8730 226.0824 0
227.1719 204.1626 0
243.0075 169.3440 0
209.8573 248.9417 0
193.9535 8.9501 0
208.4725 131.9272 0
244.8998 235.6292 0
239.9438 134.4372 0
203.2618 126.7497 0
249.8535 14.0263 0
226.6266 144.5368 0
182.0384 234.4531 1
145.1314 56.8514 1
108.0596 143.4967 1
121.4137 243.1442 1
107.9963 181.2956 1
148.6089 20.0388 1
113.6267 150.3887 1
113.5502 77.4759 1
173.8154 153.0231 1
188.8019 88.1886 1
166.8015 211.4746 1
181.1968 5.2326 1
116.4322 69.0279 1
134.7177 87.6653 1
126.0127 72.1673 1
162.0692 94.0317 1
117.0758 213.5146 1
165.6265 160.5787 1
137.5453 125.2485 1
132.4562 216.0068 1
134.3324 139.5090 1
157.8527 89.2567 1
115.9138 87.9876 1
151.7277 211.4071 1
185.3792 230.8089 1
125.8947 227.4324 1
138.0081 108.3182 1
116.8139 132.7301 1
152.5989 194.4394 1
129.9695 199.9255 1
174.4738 173.5395 1
192.6172 200.1250 1
205.7001 208.5993 1
124.3844 133.3102 1
143.8190 28.9568 1
145.2057 152.4582 1
122.2508 164.8864 1
145.6401 96.5019 1
188.5701 39.0409 1
170.8160 83.5211 1
102.5809 130.2657 1
118.0128 232.5529 1
180.6858 182.9273 1
173.3951 105.3040 1
168.5230 67.3499 1
109.6477 247.0921 1
122.2450 14.5454 1
144.2700 190.1848 1
180.9655 35.7270 1
127.1650 165.3850 1
147.0212 121.2099 1
189.1508 78.0406 1
153.0419 95.5797 1
135.4291 100.8203 1
160.9950 22.7420 1
124.2164 39.5659 1
107.5632 171.9492 1
146.6148 165.0115 1
117.3691 152.9976 1
124.5068 28.1933 1
142.4759 244.3365 1
168.0311 42.9958 1
141.2589 34.8453 1
177.6127 208.5416 1
196.5870 204.0550 1
118.8333 200.4462 1
142.3863 1.6115 1
138.9245 228.0753 1
153.1476 177.0001 1
187.9079 97.4619 1
142.1053 208.6876 1
133.1939 42.1961 1
156.9571 156.5458 1
179.2465 101.0885 1
178.4596 115.5664 1
149.4254 177.2462 1
159.5856 84.7166 1
139.5268 170.9763 1
182.9673 220.8478 1
100.8505 110.9008 1
112.1051 202.0033 1
186.2472 198.4520 1
166.9076 134.2799 1
192.9313 29.5529 1
185.7365 250.0212 1
111.1761 210.9098 1
132.8273 116.5834 1
167.1570 206.8909 1
160.4489 45.1876 1
169.9425 222.0621 1
183.7708 58.5659 1
153.4313 152.2814 1
170.2552 216.4130 1
103.0175 240.5139 1
123.5835 208.7007 1
163.5837 24.6165 1
139.6302 82.5739 1
100.7241 27.9211 1
103.1878 173.2067 1
176.5771 75.3349 1
102.8882 70.2556 1
194.9770 49.0676 1
185.0454 69.5258 1
154.6543 106.3797 1
156.4795 36.1748 1
153.7677 223.6900 1
120.1240 98.0627 1
180.6518 78.7189 1
117.6753 110.0078 1
166.0791 99.1795 1
168.8733 250.5234 1
182.3920 89.1131 1
123.4029 115.8416 1
153.4306 219.1450 1
179.6987 247.3911 1
171.2024 22.3192 1
165.9950 121.5602 1
138.4176 161.0265 1
127.8408 12.5568 1
148.2251 200.7029 1
104.9756 2.9024 1
161.1457 113.1735 1
159.1731 228.0191 1
115.1486 82.1438 1
121.8964 140.5776 1
153.3460 188.9193 1
126.5413 19.6824 1
160.1912 37.5677 1
112.6660 98.0427 1
124.1909 221.7121 1
161.9013 32.1995 1
174.1086 136.9643 1
131.0990 152.8541 1
155.9263 72.9636 1
119.2720 36.4478 1
158.6179 57.4894 1
151.7592 3.3546 1
158.4263 102.0292 1
201.0324 30.3848 1
142.8076 18.8584 1
168.2307 77.0664 1
168.1854 183.0704 1
145.5445 39.0837 1
104.4040 184.2799 1
161.3469 239.6880 1
120.4611 236.8873 1
136.0298 201.5666 1
117.1152 9.4141 1
161.5405 205.4082 1
135.4418 28.7061 1
181.4502 14.0005 1
201.2421 12.9491 1
151.3335 165.1035 1
158.8777 141.2762 1
119.6619 124.4010 1
139.9639 215.3871 1
166.1252 227.1315 1
172.4062 159.7641 1
158.8594 248.1718 1
127.3349 175.6523 1
112.2473 242.9020 1
130.0390 97.7705 1
147.9039 61.1860 1
157.8472 168.2751 1
160.2199 122.2918 1
197.6968 220.0907 1
129.5349 181.5036 1
162.4305 8.7129 1
120.1433 89.8303 1
130.2723 88.7067 1
126.2887 128.7205 1
123.8949 51.4322 1
209.6545 15.1736 1
166.9468 197.8455 1
105.5926 21.0319 1
115.7877 57.7871 1
106.2331 49.0083 1
177.9299 200.3109 1
172.0441 205.9682 1
136.4937 148.1520 1
110.5685 158.0830 1
101.0026 198.2905 1
136.2721 132.8756 1
119.1525 104.4483 1
148.4287 225.3351 1
142.7747 142.4486 1
111.6626 117.7636 1
184.1033 141.0117 1
136.6126 233.3312 1
175.0251 4.3364 1
147.5631 113.5249 1
189.3309 183.8964 1
177.5719 51.5152 1
134.6506 8.6359 1
161.3473 195.1693 1
127.1909 108.1665 1
108.9463 29.6600 1
169.3537 231.6863 1
184.7472 24.4710 1
145.8021 9.5713 1
190.6125 192.4802 1
115.5574 180.3889 1
143.9669 234.9142 1
123.4059 218.5542 1
131.7375 191.6582 1
111.5601 6.3644 1
192.0210 216.1543 1
107.4918 113.0874 1
137.0771 76.1971 1
148.4762 129.8668 1
134.3022 168.2026 1
118.6839 175.3877 1
181.6009 161.0526 1
148.1086 108.8895 1
165.5351 90.8058 1
186.9110 222.7491 1
167.3936 168.1027 1
177.6944 228.2744 1
120.0064 16.4711 1
150.9945 145.2319 1
142.7585 182.5814 1
101.3514 58.2082 1
111.9938 44.5379 1
104.8615 231.0192 1
149.3000 245.0137 1
102.4449 143.9707 1
137.5511 114.2450 1
146.5662 48.9916 1
130.5098 245.0564 1
141.3148 66.5344 1
156.6364 132.8219 1
106.4132 198.7024 1
177.3671 154.5355 1
172.5153 52.2119 1
133.5632 55.5310 1
166.8659 112.3989 1
180.9453 188.4350 1
148.6630 135.6319 1
192.7343 36.7677 1
177.6620 15.4268 1
132.6071 65.9827 1
128.0318 60.0195 1
125.4087 97.1157 1
101.4018 95.6188 1
140.1245 196.8187 1
119.9053 185.0741 1
200.8521 196.3059 1
179.7043 47.5836 1
156.8606 12.8775 1
165.8630 63.4002 1
161.1988 172.5506 1
106.0045 102.5687 1
183.9252 211.7325 1
112.4267 233.6842 1
136.1953 92.8095 1
101.7428 119.3991 1
131.6134 37.3992 1
111.9872 188.7851 1
187.4648 202.2458 1
170.3794 93.1798 1
163.6268 55.0562 1
161.1769 217.6941 1
138.7939 7.3189 1
179.0758 59.4667 1
180.2161 21.0767 1
155.9013 237.2939 1
172.5692 28.8557 1
152.8462 50.0274 1
167.0141 152.2833 1
