193.6830 94.8549 0
188.8245 81.6567 0
208.7582 28.1824 0
244.9682 55.0624 0
239.5784 228.4689 0
247.2986 132.2844 0
232.7691 8.2535 0
230.2953 97.1247 0
233.0636 141.0267 0
222.1666 22.2059 0
192.3369 42.9314 0
190.7320 167.7845 0
173.5130 112.0067 0
250.1146 81.9906 0
199.3255 72.0307 0
210.4526 87.8656 0
220.9226 145.8160 0
164.7866 186.7688 0
237.9831 211.5122 0
225.5155 98.0054 0
226.4420 240.5832 0
243.9168 77.0026 0
212.7869 14.2245 0
208.9673 105.9819 0
203.4074 142.8986 0
182.4100 176.3138 0
184.3339 146.7861 0
215.3155 233.9976 0
187.0637 172.3113 0
225.5627 18.6314 0
186.6905 72.7981 0
208.2154 189.2963 0
176.5919 114.9116 0
185.5322 104.0171 0
214.5424 152.4362 0
242.0892 9.6186 0
212.7441 241.3863 0
244.8631 235.1155 0
250.4525 206.1462 0
202.7362 147.5298 0
191.5149 180.8392 0
251.2248 41.4548 0
178.4044 241.9867 0
191.7413 21.2993 0
249.9824 29.3457 0
234.8290 75.6556 0
186.7246 18.4961 0
235.4382 248.6089 0
176.1686 171.5943 0
201.8564 196.4495 0
245.2999 64.0828 0
227.3710 56.5344 0
196.0034 68.8123 0
205.1369 124.6805 0
246.6803 33.1803 0
222.6441 59.6943 0
178.2290 154.5852 0
169.3886 135.0898 0
207.4950 166.2843 0
176.1034 246.2885 0
247.7526 68.5159 0
174.0253 121.1868 0
246.7327 194.8578 0
241.8911 141.4539 0
224.1484 207.0436 0
216.4972 238.8331 0
218.1140 68.0555 0
243.0717 123.9116 0
213.6048 45.5679 0
218.2232 166.1954 0
243.9754 209.8667 0
248.5353 141.0490 0
243.7036 92.3139 0
249.8157 197.9395 0
217.5664 118.0686 0
184.2411 9.9233 0
227.5891 26.1397 0
188.9855 131.3585 0
182.6158 203.4432 0
206.3893 204.6140 0
219.8095 209.8851 0
220.6739 73.9140 0
216.1125 196.3107 0
213.5664 203.7027 0
168.5589 105.4695 0
250.4961 184.1590 0
198.9779 227.2308 0
212.1828 5.4313 0
206.6875 194.9655 0
168.9809 154.0136 0
238.0510 106.1563 0
246.7002 11.0025 0
169.4592 179.8388 0
213.7493 36.0774 0
226.5299 64.9929 0
224.6521 181.2328 0
167.6229 117.4036 0
191.5082 218.9498 0
236.7932 66.4593 0
204.4562 25.5404 0
195.7135 127.0596 0
228.0499 45.2914 0
238.5772 43.9984 0
238.3510 15.3485 0
214.4320 127.4803 0
195.3703 243.5288 0
187.2514 137.4235 0
212.6552 62.1874 0
236.0635 234.3278 0
203.4859 158.8358 0
182.4959 115.1557 0
167.7941 159.8924 0
211.7039 142.5839 0
207.4364 73.2414 0
196.6479 178.9524 0
228.5053 88.0491 0
238.7076 94.7514 0
241.6383 85.0156 0
218.7404 18.6839 0
216.8992 156.9106 0
229.3479 165.2266 0
220.3754 170.5786 0
221.1232 107.2493 0
189.5423 226.9219 0
233.7811 38.0235 0
210.2400 178.1114 0
208.2460 55.0599 0
233.1130 61.6538 0
228.4852 224.0693 0
249.4879 61.2319 0
178.2856 188.0247 0
246.7323 163.1707 0
229.0454 174.6617 0
188.7551 7.7228 0
245.5863 186.1568 0
211.9013 218.8298 0
209.3647 114.8720 0
248.1999 103.5835 0
215.8275 215.9531 0
242.0612 248.6732 0
233.1378 111.5956 0
229.8926 183.9034 0
193.8981 80.0182 0
232.8915 242.4877 0
167.7545 129.9503 0
193.9635 235.1919 0
228.5725 118.7854 0
227.4496 192.3324 0
201.5906 201.9847 0
174.0870 182.0368 0
224.3953 36.2157 0
196.3363 208.6512 0
181.5301 71.2952 0
211.2251 194.1347 0
236.5944 125.1000 0
182.1505 180.3357 0
210.9826 123.2862 0
217.1273 134.0030 0
240.4330 113.7584 0
216.1423 108.8844 0
212.2176 136.6188 0
245.2408 217.5398 0
249.8804 218.8390 0
191.1089 204.4671 0
210.0805 151.9525 0
193.5127 140.5300 0
203.5724 10.5482 0
236.8642 218.9826 0
212.0695 230.6124 0
226.4833 106.6373 0
155.1530 198.0466 0
242.3982 72.3505 0
172.0278 86.1553 0
218.3931 230.1234 0
186.0143 127.4236 0
242.9019 19.7733 0
174.6074 0.1756 0
217.3699 247.7346 0
225.4861 141.1958 0
150.8984 72.9910 0
211.4484 250.0952 0
250.6646 112.8179 0
174.7313 191.0271 0
233.1696 52.3181 0
200.1621 50.3193 0
243.2075 46.1493 0
226.4186 202.3184 0
202.7852 115.0006 0
195.6867 188.4506 0
168.6254 193.7544 0
204.9015 93.7659 0
222.3998 116.9524 0
247.7959 123.4815 0
206.1428 181.8426 0
178.5962 132.6817 0
234.3037 119.6708 0
194.9939 158.1314 0
222.6421 45.2844 0
239.7232 179.1419 0
196.0207 29.6068 0
196.9969 4.4888 0
199.3577 57.0119 0
193.7942 199.5246 0
249.8701 95.5216 0
215.6276 89.9124 0
191.3587 63.0282 0
203.6636 220.1361 0
208.8474 226.2677 0
204.2971 58.0635 0
222.5249 151.2994 0
235.0710 153.2596 0
215.2715 81.7726 0
185.2195 159.8970 0
169.8545 148.3850 0
164.0845 122.4773 0
224.5704 220.4173 0
203.2231 215.0585 0
240.7082 223.9517 0
221.7378 11.5736 0
200.9787 234.6814 0
229.9818 159.4620 0
209.3328 19.7578 0
188.9284 95.1198 0
237.1403 200.8391 0
217.0732 93.4615 0
188.0200 115.3291 0
201.8843 135.3385 0
214.8453 53.6572 0
208.2892 240.6822 0
246.5717 240.2945 0
234.2249 18.5298 0
200.6186 170.9016 0
202.8007 44.6544 0
159.3757 157.4520 0
247.3849 153.3570 0
188.1395 243.5092 0
238.0311 162.2949 0
190.9371 102.5452 0
179.4968 250.4268 0
241.1533 4.0522 0
182.4285 123.3477 0
197.4722 106.5347 0
244.8548 101.3116 0
192.9353 115.6850 0
199.2879 36.1990 0
205.3952 248.3080 0
233.5977 208.1150 0
202.0063 97.9729 0
223.6090 250.2756 0
183.1609 185.3569 0
210.1888 82.0932 0
187.5086 194.3630 0
183.0746 165.5573 0
241.0363 32.7488 0
203.6223 65.7713 0
248.5747 15.4722 0
228.9952 230.0193 0
202.8025 107.0677 0
186.8445 238.8522 0
157.8205 135.0349 0
241.2405 200.6519 0
203.3244 80.4496 0
234.8817 147.5744 0
231.4684 80.6747 0
179.4506 149.6997 0
240.9061 80.8870 0
240.1253 39.0779 0
225.7338 157.6528 0
243.7974 177.7560 0
165.0142 245.3101 0
198.7367 131.7801 0
248.0581 150.0087 0
215.8042 40.3587 0
217.9637 26.8154 0
225.8210 74.0831 0
241.9653 109.2318 0
189.2654 249.3874 0
224.8746 5.7833 0
199.4515 165.3796 0
220.6128 188.3961 0
176.4171 140.7026 0
224.0044 82.9199 0
248.9771 170.2364 0
234.2403 197.4897 0
184.7507 211.6987 0
194.7871 147.2046 0
234.6674 172.8302 0
202.8978 153.1392 0
234.6846 129.9155 0
206.6570 132.9142 0
200.1160 17.4390 0
248.1173 226.1797 0
220.9377 131.7905 0
174.0686 167.1394 0
214.1900 29.2139 0
208.5069 44.9575 0
242.8529 157.1600 0
235.6147 187.1000 0
111.4462 62.8111 1
122.1469 146.3042 1
131.9990 62.2897 1
139.3994 153.9826 1
171.2348 210.8100 1
177.8834 36.1572 1
108.1164 133.0461 1
110.1439 165.6093 1
138.7974 99.4666 1
160.8432 152.3168 1
100.8024 16.9824 1
101.1014 44.2026 1
139.1931 108.1896 1
127.4527 157.9023 1
126.1119 4.8189 1
117.2303 80.4373 1
156.8108 210.7690 1
102.7810 123.3144 1
125.2531 217.8855 1
137.9231 54.9832 1
163.9605 218.1746 1
131.7366 212.6199 1
180.4391 219.0527 1
174.0044 28.3690 1
128.0141 90.7395 1
152.3455 28.5867 1
115.1759 66.5843 1
107.7309 181.9139 1
156.4023 95.9890 1
169.8632 70.5171 1
149.6990 225.2602 1
136.9685 247.4139 1
158.6234 71.9529 1
109.4783 93.5659 1
134.3161 88.4569 1
122.0133 64.0697 1
171.1815 233.2195 1
111.7916 173.6181 1
125.6127 233.8228 1
164.2839 114.0701 1
159.4251 22.3073 1
113.7350 205.4100 1
162.7180 32.6145 1
100.5981 211.4149 1
114.9777 32.2795 1
116.0849 112.5475 1
107.0120 207.2130 1
118.5947 133.6565 1
101.4220 173.7484 1
144.6924 204.6516 1
123.2535 125.2353 1
113.4931 151.8473 1
146.1997 153.6185 1
124.4150 241.7469 1
138.0803 148.0120 1
158.5325 54.6341 1
175.5450 52.6806 1
159.8352 110.6910 1
148.7992 81.1569 1
178.1809 92.7828 1
164.1007 83.5012 1
129.7538 111.1195 1
132.8479 249.5370 1
150.6211 156.7450 1
112.9139 42.5380 1
143.5914 122.4904 1
117.7463 89.9252 1
248.5218 2.0761 1
153.2466 232.0540 1
127.9814 45.0431 1
105.9320 199.1757 1
138.9063 0.9131 1
104.4717 153.5677 1
172.3184 237.0424 1
164.6366 206.6146 1
131.5978 230.0669 1
140.6019 135.4716 1
102.3415 118.4254 1
160.0063 250.6026 1
189.2649 47.0648 1
160.1178 239.7390 1
117.0572 166.3456 1
139.7141 130.6328 1
122.7542 12.5966 1
142.0735 176.0821 1
101.9891 5.9353 1
143.0900 166.1461 1
136.7113 15.0700 1
172.0948 6.8752 1
120.7149 247.6441 1
124.3685 197.8753 1
105.5592 18.0993 1
156.1802 119.1849 1
174.1982 92.6928 1
154.3895 11.2126 1
141.1113 197.7371 1
100.0025 91.0845 1
135.1360 78.9392 1
137.4196 93.5775 1
166.4734 49.1410 1
172.7749 202.4471 1
119.2291 188.9448 1
105.2835 114.4786 1
128.1952 81.6179 1
130.5277 165.5556 1
164.8398 229.3139 1
103.1769 227.5843 1
190.6404 56.6496 1
121.0352 172.1806 1
111.6449 6.6380 1
107.0597 144.3541 1
124.0087 207.9961 1
149.1367 129.6874 1
110.5402 98.2764 1
130.7581 129.1775 1
183.4562 40.9941 1
179.7563 99.8994 1
166.3971 10.4471 1
180.0280 228.4897 1
112.5643 226.8337 1
115.1429 196.0205 1
112.2085 214.3541 1
145.1347 239.6630 1
132.4544 150.5452 1
121.2603 53.9190 1
161.7933 70.7479 1
142.9145 33.8648 1
138.3014 26.6482 1
166.9958 169.8329 1
133.5171 35.8469 1
155.5381 49.0267 1
130.3848 177.3185 1
149.5967 138.9813 1
102.7512 26.1168 1
141.7368 231.6620 1
177.5996 64.3626 1
148.4377 212.8111 1
161.1907 80.1444 1
143.7955 192.0973 1
147.3452 103.8962 1
153.9880 63.0417 1
145.3281 60.4390 1
101.5197 232.6617 1
140.8930 243.9593 1
113.8873 20.1729 1
108.7316 74.1574 1
144.3271 87.0600 1
122.3522 8.4768 1
149.8015 120.7562 1
132.8630 69.1070 1
112.8314 88.4058 1
172.7990 17.2903 1
114.2447 241.7784 1
143.1753 20.3320 1
126.2126 153.0414 1
170.3880 100.1966 1
150.2718 42.3515 1
113.3887 159.8654 1
165.6986 60.4228 1
156.3584 2.6673 1
101.4158 58.7941 1
164.4953 196.2266 1
108.2010 226.5898 1
132.9130 221.5439 1
126.6028 52.9907 1
149.5538 199.5059 1
118.1542 241.6766 1
147.2142 5.0683 1
113.7541 124.7340 1
121.6596 22.9035 1
156.7279 181.0716 1
122.6750 110.9615 1
174.2686 77.7223 1
172.9748 40.7751 1
124.0779 31.0706 1
135.9606 218.5831 1
111.8703 237.2803 1
133.9700 56.8829 1
131.0555 197.8558 1
106.3353 37.6932 1
108.1244 177.7792 1
129.1284 74.8363 1
140.8879 78.4461 1
117.7601 39.0953 1
155.5116 36.4087 1
119.5482 178.1274 1
110.6715 244.4547 1
184.4166 30.4454 1
149.2777 165.9075 1
166.0098 146.6682 1
129.3573 100.3025 1
120.0141 98.2311 1
117.8485 107.6281 1
121.7988 155.1437 1
169.6041 21.1096 1
141.1584 70.2825 1
120.0015 116.0497 1
154.2303 164.4849 1
138.5222 42.8852 1
153.1790 173.6104 1
126.3595 175.8951 1
107.4091 52.5408 1
139.7566 118.0663 1
143.7947 9.6278 1
133.7192 182.3049 1
132.6998 172.6437 1
133.9263 124.8507 1
158.3003 205.7324 1
158.0642 129.5290 1
103.0802 80.8966 1
116.6193 75.8638 1
131.2801 139.7615 1
155.0846 91.7162 1
181.1723 20.5849 1
105.3440 102.3670 1
102.4473 162.2384 1
155.2007 217.8487 1
154.2170 226.8568 1
129.9137 19.0604 1
164.5286 24.0047 1
