233.7556 56.0271 0
197.8168 4.1295 0
223.2159 70.3032 0
236.5256 42.2087 0
195.4661 138.2282 0
180.0707 225.8583 0
168.0014 41.2675 0
216.3875 131.2540 0
202.8931 22.9948 0
197.8305 94.6216 0
233.0582 224.1729 0
210.6796 99.4930 0
215.3029 104.9263 0
213.1548 194.1557 0
237.6237 160.5239 0
197.3164 235.2036 0
217.6139 23.3764 0
245.2053 140.1522 0
206.3382 54.0336 0
220.4320 149.0728 0
208.1080 5.0373 0
180.8086 202.3651 0
194.1821 243.3454 0
216.1057 179.8804 0
228.8874 14.5319 0
246.7020 197.6932 0
235.4471 33.9400 0
242.8479 200.8768 0
187.6448 122.9466 0
197.5174 53.3243 0
249.5097 26.7015 0
199.5541 18.6073 0
187.7188 148.0954 0
178.6842 197.0137 0
198.6612 59.4909 0
215.2682 159.2328 0
238.7859 105.0181 0
206.6704 249.8112 0
191.0803 61.2807 0
234.8680 117.4804 0
236.1967 247.4527 0
242.0550 180.7141 0
228.5418 96.0262 0
249.0331 74.3829 0
218.6026 81.8344 0
191.4934 223.6587 0
210.5444 33.7432 0
180.7319 38.9179 0
199.3127 244.5036 0
187.6540 197.4561 0
219.1760 210.5979 0
246.8535 163.3803 0
209.3123 75.0639 0
208.2024 176.1774 0
226.7959 173.4231 0
223.2640 228.1776 0
240.7634 87.4830 0
184.5612 72.2283 0
218.2847 87.9661 0
223.8698 38.7222 0
235.3033 144.2855 0
230.5332 26.5066 0
232.0800 180.8658 0
172.8169 49.1194 0
218.1287 188.2404 0
234.4800 68.8989 0
181.4781 24.2038 0
249.2871 46.2536 0
227.4122 188.8446 0
224.6440 4.6129 0
224.1885 237.4751 0
221.0066 179.8847 0
235.4397 77.2491 0
240.0348 27.7010 0
219.5429 13.2774 0
207.6643 146.2443 0
207.8133 217.1540 0
176.9525 206.5375 0
229.1852 203.1982 0
248.5427 53.6419 0
202.8931 232.6102 0
219.9367 115.8393 0
203.9233 108.3950 0
238.2587 215.5526 0
239.8332 189.5201 0
216.1513 4.6896 0
211.3177 130.8064 0
218.2129 76.3066 0
239.9123 50.8005 0
208.7224 208.9799 0
213.9900 199.5418 0
226.5188 135.5501 0
192.4478 233.7654 0
211.0198 40.5010 0
211.7605 241.9694 0
245.8662 19.1036 0
190.6945 152.0163 0
210.7141 150.8679 0
248.8765 62.4900 0
222.3567 207.0371 0
170.9903 32.9437 0
231.8979 85.4039 0
236.3201 138.3074 0
227.1138 80.7031 0
182.9076 89.2026 0
209.6152 158.3972 0
244.8723 5.0209 0
229.5068 43.0759 0
180.6992 48.3787 0
239.5340 12.7968 0
170.8090 72.0232 0
204.8322 73.6512 0
203.0895 41.8191 0
242.3226 92.6241 0
249.4735 4.8305 0
197.3233 12.0868 0
241.1415 233.8125 0
195.5879 211.8334 0
200.2740 154.4012 0
211.7058 109.0622 0
221.0041 18.4179 0
207.2429 119.2222 0
194.2245 170.5201 0
157.1137 43.6967 0
202.0503 146.6997 0
189.9856 133.9389 0
218.7028 235.1420 0
215.3001 53.0067 0
205.6511 139.7703 0
195.7211 151.1693 0
197.4055 69.8120 0
203.8374 226.0686 0
172.3445 62.2597 0
234.2563 232.0106 0
220.9167 162.6198 0
249.5148 183.6876 0
199.1722 133.6405 0
227.4706 183.7725 0
209.1808 190.2132 0
205.1127 90.8416 0
221.7400 31.8223 0
169.8383 139.4067 0
236.4491 47.0593 0
233.2657 154.3547 0
248.2316 85.3797 0
197.8296 39.4107 0
185.1657 45.7521 0
238.6304 63.5752 0
221.3333 60.1310 0
201.6248 180.1824 0
167.4650 197.4977 0
233.2424 200.9549 0
228.5569 104.3029 0
227.6333 47.9290 0
206.5447 48.8912 0
211.5662 16.2238 0
247.7432 123.1761 0
249.3982 118.0606 0
219.0475 245.1712 0
221.7608 130.5319 0
200.0326 213.0460 0
244.4245 76.5693 0
220.6217 103.0874 0
192.1056 52.9761 0
214.8332 122.5907 0
242.1329 223.6250 0
241.4932 59.4291 0
234.6794 193.5925 0
200.1782 78.6261 0
179.9930 141.5178 0
218.5288 140.5542 0
204.9245 123.7481 0
248.0069 247.2793 0
188.8688 182.9600 0
238.5829 206.2377 0
233.0908 238.7383 0
186.3637 25.4486 0
239.1388 154.1945 0
242.1440 1.1221 0
190.7110 17.3041 0
208.9343 60.5464 0
248.8122 132.4280 0
190.8965 7.7591 0
213.2747 217.6461 0
181.5413 57.3652 0
190.6870 66.7732 0
229.8302 4.3715 0
243.0498 214.1607 0
210.1620 10.9890 0
211.7166 45.5128 0
243.3242 109.2749 0
185.4633 211.6749 0
212.5447 166.9834 0
185.2470 161.1855 0
198.0575 198.5074 0
220.8076 202.1862 0
207.3168 24.5337 0
206.5610 237.7191 0
242.1396 172.0097 0
205.8386 86.2416 0
200.6699 32.6323 0
201.7386 111.5647 0
234.3338 111.9021 0
229.0157 160.3293 0
191.6631 83.8064 0
201.1647 237.1720 0
194.0986 25.2181 0
244.3071 97.0715 0
231.0687 171.8719 0
181.0291 242.8323 0
181.9535 248.0630 0
191.8816 248.0801 0
245.1173 146.7547 0
211.0085 229.4601 0
241.7325 167.5634 0
240.7660 239.6191 0
201.9459 176.4109 0
236.4076 127.0682 0
198.0154 183.5317 0
228.6582 91.2914 0
194.6680 160.9143 0
177.3498 66.7823 0
167.8901 37.0014 0
185.8581 232.3594 0
219.9338 44.3721 0
229.9718 229.6383 0
225.1430 112.4737 0
234.3082 13.7962 0
231.2466 209.3225 0
225.8362 61.1838 0
197.8720 99.3647 0
227.0649 53.2032 0
236.7083 150.0664 0
214.4200 28.2542 0
226.1472 195.3895 0
243.5936 208.2549 0
204.3794 196.9988 0
207.2724 171.9402 0
246.4053 114.5482 0
193.7655 123.0864 0
210.7731 136.7766 0
191.4330 175.0740 0
243.1672 71.6229 0
210.6421 66.1325 0
229.6092 246.2488 0
247.1042 154.4504 0
190.6268 203.0209 0
176.4523 40.8076 0
180.4402 32.2988 0
191.8896 75.3693 0
229.6036 146.5798 0
187.0423 81.8303 0
203.6535 11.4492 0
237.5381 184.8849 0
188.4632 38.2651 0
199.2435 204.8614 0
235.4946 97.5074 0
244.7441 35.6995 0
249.6959 236.6915 0
216.1369 66.4813 0
241.0376 127.6616 0
226.7925 216.6169 0
203.6182 160.8780 0
211.1524 118.9545 0
225.3732 121.1287 0
176.7748 191.1473 0
194.7924 229.5886 0
190.4820 189.0120 0
233.3281 0.2877 0
229.1308 21.4163 0
178.3470 61.3829 0
221.2947 167.7289 0
141.9131 250.2750 1
149.4763 4.4144 1
159.6140 35.9547 1
154.0387 144.1269 1
128.9826 107.1941 1
103.1921 117.4246 1
130.7027 13.5561 1
116.9374 234.1118 1
107.2759 172.9972 1
107.9768 28.4603 1
124.0961 134.1181 1
139.1242 128.2025 1
121.5371 205.3867 1
117.1820 226.2289 1
144.7003 187.2217 1
119.1827 108.0767 1
120.5504 6.3186 1
129.2402 120.7452 1
154.3307 54.2692 1
105.7303 46.3091 1
159.0640 246.5644 1
171.0692 120.9820 1
127.6269 161.8676 1
101.9151 182.5302 1
178.7517 184.7407 1
122.2664 168.2029 1
146.7096 36.2624 1
189.0894 97.0745 1
160.3343 221.5097 1
119.5138 60.1351 1
145.9109 50.9265 1
161.9992 101.6794 1
142.5638 131.9636 1
147.7413 200.9836 1
114.0466 192.8679 1
169.9062 98.8291 1
124.2050 57.3735 1
108.4209 152.8284 1
164.1116 156.9340 1
117.7332 115.3166 1
134.9405 171.0961 1
138.6922 198.9518 1
145.3662 136.5611 1
156.7215 117.3159 1
132.5144 153.2167 1
102.2478 232.1957 1
143.1815 154.7836 1
107.8379 15.2752 1
130.1698 69.0169 1
183.0668 106.8785 1
165.7551 248.1409 1
164.0559 210.9324 1
120.2012 188.4344 1
161.2891 62.5287 1
108.0100 211.7255 1
141.9961 236.0080 1
107.1865 77.2787 1
189.0223 106.4677 1
179.2672 74.8883 1
111.7868 101.2339 1
137.6152 46.7312 1
121.2996 211.6851 1
127.1519 227.6921 1
110.6810 139.7515 1
121.1679 124.8364 1
112.3628 22.0258 1
137.5674 63.4048 1
103.1622 85.8400 1
106.2623 106.8741 1
174.8083 159.7690 1
159.1701 229.4903 1
182.2573 174.3418 1
152.2719 123.6005 1
146.4878 209.2361 1
122.0740 99.6958 1
124.6786 85.8849 1
169.4502 185.2779 1
159.9607 233.3249 1
141.1708 229.1440 1
113.9542 249.7066 1
153.3376 77.6281 1
106.3697 97.0043 1
172.0767 76.8830 1
110.9505 65.6703 1
135.5078 7.2706 1
150.4074 172.9580 1
110.2574 133.2084 1
109.5096 165.7217 1
103.1676 240.7263 1
153.9837 107.9530 1
108.3216 142.3661 1
107.4214 230.8981 1
166.4510 227.0750 1
159.3429 240.6796 1
162.0160 3.5591 1
171.5368 207.3676 1
171.1027 150.8986 1
156.0039 192.8580 1
118.7120 34.7951 1
154.9216 149.4319 1
172.6856 27.7798 1
158.4119 16.4449 1
129.5648 194.6418 1
137.1958 73.2158 1
119.3670 71.6872 1
181.5415 155.1291 1
133.2753 145.1248 1
121.8785 66.9151 1
161.1144 187.4738 1
140.9077 158.1915 1
167.4149 125.7053 1
168.1431 176.7399 1
178.5066 134.6227 1
141.1293 207.6907 1
120.6898 91.1681 1
142.2836 190.6425 1
103.3069 136.6377 1
169.5686 167.5103 1
114.0506 170.0701 1
154.9618 184.5421 1
157.7671 0.7503 1
112.6304 116.1844 1
179.0328 11.6583 1
180.1133 121.5908 1
101.6466 99.6221 1
156.3445 23.8472 1
130.0580 56.0931 1
142.6745 94.8599 1
172.4348 241.7541 1
113.1073 83.5906 1
138.5947 97.7307 1
154.9374 214.4538 1
189.8916 114.9857 1
160.3229 75.4748 1
121.3371 174.2783 1
165.9204 4.4498 1
176.1685 84.2785 1
152.6784 132.6501 1
172.0566 106.9551 1
123.7779 150.7407 1
115.7919 53.2383 1
159.2240 25.4723 1
122.1871 28.7643 1
148.4819 105.6217 1
104.9319 193.0952 1
111.5152 148.7094 1
157.4928 132.6655 1
129.5831 38.6461 1
163.2248 50.6799 1
149.9890 242.5268 1
166.3539 113.2741 1
123.8092 246.8801 1
108.2426 249.3736 1
129.6395 174.1242 1
176.0049 90.4067 1
140.3622 166.5560 1
155.4897 61.4665 1
143.4864 123.1932 1
109.9818 10.3553 1
107.8494 53.6703 1
136.6112 32.8449 1
112.0819 184.8743 1
174.5297 174.8891 1
113.5219 158.3035 1
162.3200 176.8652 1
154.2970 154.7514 1
123.6626 98.4597 1
137.5184 37.9637 1
115.6710 218.9276 1
163.6344 92.5876 1
147.5935 29.8741 1
139.3770 223.5478 1
132.1828 132.6464 1
182.4792 166.3173 1
116.2761 197.1058 1
126.0606 146.8116 1
110.4206 122.0061 1
119.8772 20.5424 1
119.0933 239.7111 1
126.6427 111.8063 1
146.1765 118.9368 1
126.4584 181.3498 1
101.9059 67.0717 1
133.8896 179.9412 1
162.9233 205.5023 1
138.9473 218.9693 1
132.4929 45.6091 1
124.3893 216.4809 1
168.8824 222.2085 1
120.5778 137.9928 1
100.7852 19.6651 1
138.4646 106.7622 1
126.4219 221.4310 1
170.0142 56.1705 1
152.7358 63.6112 1
126.5444 25.6402 1
167.4328 143.4598 1
167.8351 132.1040 1
136.0171 118.3241 1
157.7002 82.4631 1
176.4109 19.4028 1
112.4173 46.5956 1
162.5309 107.7375 1
149.9080 228.1866 1
156.5038 101.3517 1
136.8013 26.9783 1
151.9226 93.0620 1
142.6744 83.5690 1
135.2809 87.3676 1
119.8920 50.2843 1
128.2558 130.6896 1
149.2057 224.5807 1
164.2581 239.4904 1
184.1840 233.4989 1
152.6806 38.3031 1
173.8029 214.7799 1
161.7935 143.0742 1
135.5465 76.3225 1
159.8652 165.4049 1
129.5796 2.8903 1
164.3400 152.0898 1
148.1109 75.5508 1
138.3866 57.4709 1
128.4708 44.5451 1
125.2392 78.1714 1
102.6977 6.4520 1
148.0071 163.8901 1
134.0148 245.0938 1
131.7543 19.6575 1
131.9493 236.1484 1
110.7037 201.8555 1
