195.7032 103.0018 0
198.8576 83.6708 0
205.0717 243.6583 0
232.3673 49.1646 0
248.0280 246.9445 0
249.6946 107.4321 0
226.7015 3.3509 0
241.2771 76.5557 0
235.5926 111.5493 0
217.5573 16.2139 0
191.0970 20.0954 0
208.5474 167.5353 0
182.7889 117.2024 0
250.2969 50.3069 0
187.0569 81.7431 0
250.5908 148.9779 0
181.2518 74.1152 0
230.8140 161.5250 0
201.4833 193.9519 0
219.2469 69.4635 0
243.6758 215.9098 0
205.6116 237.6816 0
221.9785 101.2264 0
218.0415 151.2362 0
202.7109 171.6758 0
251.0117 69.5672 0
210.0469 138.9096 0
211.5127 181.1055 0
236.4175 6.4364 0
195.1582 70.5022 0
237.3006 169.7243 0
211.3079 145.2036 0
167.2310 101.2474 0
225.2954 114.0131 0
225.4710 18.4384 0
220.0434 228.7074 0
241.2594 98.0379 0
244.0851 8.2916 0
224.9500 127.2679 0
220.0931 155.1419 0
239.6922 29.2085 0
178.8301 229.5340 0
209.9992 5.3923 0
209.6994 57.2076 0
184.3625 10.5699 0
246.2029 15.4666 0
201.8768 183.3576 0
222.2809 204.8862 0
240.2387 55.9931 0
208.6674 35.2233 0
190.8607 67.7716 0
215.5693 120.6805 0
198.3597 35.4285 0
180.9026 150.6947 0
188.4909 141.9257 0
218.3850 181.6141 0
183.7152 173.0280 0
181.3441 141.7114 0
247.3958 116.8182 0
244.8959 201.2431 0
232.9382 228.6532 0
202.4516 54.3613 0
226.6334 81.2481 0
193.2413 42.9305 0
248.6607 11.1908 0
236.6421 96.9626 0
227.0282 176.3838 0
248.0836 60.6955 0
204.2026 105.8283 0
190.9400 235.7525 0
216.1395 21.7770 0
202.3048 128.2179 0
195.0177 182.3149 0
232.0995 206.0202 0
214.4275 71.7116 0
238.9370 192.6764 0
177.1023 126.1539 0
232.2188 220.8493 0
224.0378 232.8284 0
234.3833 196.2891 0
215.2534 133.2251 0
223.5196 72.7336 0
229.1327 22.0767 0
176.0432 182.0281 0
217.3273 250.7369 0
222.2947 49.9761 0
193.9339 148.5228 0
217.0517 201.9982 0
221.7292 55.3462 0
204.5617 17.4900 0
197.0624 117.0084 0
233.5869 43.2756 0
242.2586 33.8419 0
224.3814 7.2457 0
220.6566 122.0590 0
249.7902 94.3782 0
208.1346 214.8655 0
201.0867 120.3428 0
207.9608 47.1028 0
231.3336 234.2661 0
206.3147 177.7722 0
182.0223 132.2101 0
196.6999 159.6564 0
220.0716 138.8131 0
205.6377 79.3660 0
221.5255 190.5190 0
206.6665 61.5968 0
236.8439 83.8719 0
228.9084 73.9022 0
222.9695 242.9315 0
225.8148 148.5013 0
242.6117 169.9470 0
228.2727 168.7346 0
194.4142 91.9076 0
221.0708 217.8009 0
217.7260 30.0774 0
236.3233 178.6437 0
217.8240 46.5694 0
229.8677 58.1734 0
241.8347 45.6330 0
208.7826 194.1422 0
233.6710 153.0068 0
187.3671 0.1333 0
248.7829 204.9615 0
173.4457 117.5971 0
242.6748 89.8389 0
238.9108 213.6148 0
250.8902 2.5065 0
213.8370 81.7355 0
185.8401 91.0653 0
250.1947 239.1884 0
204.7887 138.1760 0
250.6922 77.4717 0
196.8636 209.8980 0
231.4173 97.4849 0
237.5728 134.3336 0
232.8139 186.8600 0
185.5695 184.1754 0
223.0967 33.5725 0
226.8903 197.2086 0
182.2088 68.0443 0
241.2478 189.8371 0
244.4205 113.2636 0
192.4897 173.4630 0
227.8135 118.9730 0
206.8500 114.7799 0
227.0497 100.0596 0
193.9633 112.1485 0
212.1785 115.7860 0
201.3828 227.9375 0
214.6405 161.2005 0
227.8555 139.5522 0
194.9657 235.8874 0
205.7021 202.3311 0
223.0441 83.4335 0
195.9581 200.8479 0
237.4046 60.5506 0
178.4905 84.5250 0
244.6901 227.1951 0
173.2828 133.7341 0
189.7822 212.6474 0
234.9323 249.9228 0
244.8255 139.4008 0
166.6869 72.9442 0
225.4677 237.5878 0
231.7363 78.9731 0
178.9321 192.3035 0
213.0383 43.6100 0
201.0327 45.8609 0
237.8538 43.4240 0
247.8243 195.5031 0
187.7590 116.7600 0
214.7732 187.8387 0
201.2540 206.5301 0
175.3617 103.5646 0
218.0814 110.7675 0
237.3849 107.2135 0
227.5845 187.3551 0
178.2439 162.5599 0
226.2334 109.8823 0
179.3466 170.0864 0
203.5805 31.2311 0
247.8541 184.4382 0
207.0532 10.0124 0
191.6782 217.3743 0
198.7454 12.6925 0
228.0624 211.8475 0
229.6828 90.5082 0
195.4760 96.8644 0
169.1974 115.0040 0
238.2482 222.8343 0
217.6694 211.1577 0
176.1550 72.6277 0
238.6564 119.3116 0
244.1772 131.8992 0
203.9878 111.1583 0
202.0604 157.6943 0
243.2472 103.0713 0
232.0910 141.9266 0
190.2154 127.3257 0
239.4928 208.0165 0
224.4528 249.9725 0
210.5906 228.9417 0
225.7837 160.0240 0
197.9116 243.4662 0
181.4080 92.5246 0
219.0928 93.6173 0
174.4009 107.8703 0
233.5950 124.4705 0
195.8634 47.3251 0
201.5583 234.7299 0
230.7538 11.5316 0
218.6298 169.6875 0
200.5134 39.5418 0
214.9398 141.4607 0
249.8526 135.1643 0
197.2949 8.1755 0
240.4957 147.2185 0
209.9119 101.3511 0
193.7988 2.2651 0
238.7818 12.2911 0
200.0221 148.9258 0
187.5449 106.0875 0
237.5172 72.8093 0
177.6236 144.0244 0
201.5419 0.1599 0
216.0313 238.5283 0
195.0089 76.1698 0
243.6651 238.2939 0
211.6163 204.8645 0
199.1434 67.3587 0
212.7191 217.7536 0
211.5942 157.6831 0
201.2405 58.8455 0
232.5980 246.0523 0
188.8084 101.3084 0
182.4445 188.1987 0
180.9242 157.9571 0
182.3634 97.0926 0
239.7047 142.0989 0
208.1928 75.0064 0
207.1194 125.4648 0
223.4077 63.7697 0
231.2790 25.3686 0
235.1933 157.9738 0
242.3147 152.4424 0
193.2875 223.0590 0
186.6807 135.0432 0
247.8628 143.8234 0
197.9684 25.8509 0
221.3994 12.2539 0
239.2802 21.3839 0
215.0652 57.9180 0
206.3648 99.0093 0
180.6090 5.8043 0
239.1898 232.5177 0
209.0842 153.2314 0
241.6036 67.6550 0
244.2635 175.8985 0
200.4709 140.0841 0
205.8604 86.4354 0
229.4936 32.4595 0
246.8267 86.7046 0
207.7341 219.2395 0
187.9748 162.6174 0
249.0855 164.8023 0
232.6814 167.5838 0
229.8476 105.5774 0
211.9859 108.5879 0
189.1760 241.3513 0
195.5077 132.7863 0
194.0910 168.7470 0
210.9788 244.4668 0
247.1252 25.9729 0
214.7533 11.7235 0
223.6447 156.5789 0
161.5954 174.2453 1
127.7942 199.4130 1
148.0612 52.6588 1
125.0645 156.6656 1
108.7886 134.1320 1
114.5737 103.1125 1
139.4713 47.8938 1
144.2836 79.1091 1
137.9484 137.4022 1
109.0322 8.1962 1
108.6862 225.9242 1
110.1622 110.3295 1
159.1955 106.7058 1
123.9323 138.3155 1
100.3294 133.2533 1
120.8926 6.4979 1
156.6077 154.6838 1
127.5168 189.9016 1
125.1314 113.5612 1
111.7147 143.0983 1
160.1472 115.3079 1
151.8602 200.0697 1
142.1414 220.4244 1
170.3755 225.5564 1
113.3454 200.9634 1
160.5304 66.3374 1
153.2497 48.7585 1
114.4701 39.3227 1
145.6166 60.4863 1
119.7939 116.6830 1
164.7535 133.8313 1
135.5919 89.5989 1
147.6734 41.8999 1
134.7905 215.0700 1
124.7635 241.1826 1
167.7848 66.7671 1
173.2565 85.2326 1
101.0173 52.3716 1
143.5748 16.7680 1
119.1847 166.6005 1
108.6128 245.7203 1
129.9081 229.2457 1
106.0101 46.2331 1
176.9101 197.0052 1
152.8635 175.2610 1
125.7208 214.5854 1
158.9398 166.7703 1
105.9683 62.2856 1
137.2995 154.8021 1
136.0180 33.3182 1
100.2030 73.3551 1
127.4455 59.6269 1
169.1070 14.5844 1
134.7675 145.1053 1
119.0847 62.5638 1
107.6929 70.1905 1
159.3414 215.1280 1
134.4845 163.6458 1
111.3872 115.9804 1
125.4682 147.9302 1
179.9082 221.1794 1
108.2120 194.9877 1
162.2480 78.2713 1
128.5001 67.8264 1
152.7846 77.9912 1
156.7525 117.2425 1
128.0069 86.0274 1
151.4887 98.6250 1
115.6829 187.9569 1
163.4762 143.6137 1
117.7145 50.2762 1
142.5240 167.9213 1
140.6955 106.3473 1
120.7510 231.6827 1
176.9583 46.5080 1
179.2520 241.0098 1
173.1223 0.8125 1
179.8432 198.1210 1
133.3787 1.7458 1
118.2626 246.6342 1
159.3327 54.9491 1
134.4126 174.8551 1
104.4369 80.4215 1
128.4810 183.5730 1
147.4592 2.5030 1
179.9795 36.6980 1
145.8434 109.0595 1
176.2097 26.0015 1
157.0559 194.2328 1
154.5615 163.0536 1
122.6355 198.4644 1
128.8722 208.2462 1
165.4821 187.9882 1
104.5145 219.7211 1
169.4113 180.7857 1
188.5334 50.9135 1
108.8851 30.8799 1
135.6663 14.3650 1
137.8127 233.6945 1
134.9058 183.4122 1
128.0629 10.3748 1
100.2924 30.1377 1
166.3088 107.8585 1
177.0628 61.4407 1
130.1568 238.3004 1
162.6166 157.7719 1
121.6053 91.3108 1
159.0734 12.8380 1
171.9839 148.8722 1
162.3858 42.9422 1
144.0482 179.4970 1
129.8218 179.4112 1
103.5794 151.2077 1
121.6874 100.2898 1
145.1249 154.7680 1
174.4029 224.4337 1
184.9847 21.0890 1
170.4678 214.3527 1
103.9509 204.1960 1
102.5923 110.9614 1
118.6996 142.4455 1
149.2319 166.0605 1
146.0872 99.0106 1
138.9932 75.9778 1
183.6524 45.7973 1
109.8195 147.0026 1
155.2087 17.9434 1
143.6092 184.7573 1
140.6583 215.1034 1
121.8293 161.0599 1
143.6515 197.4944 1
109.8355 2.3498 1
145.9970 12.0878 1
133.0736 136.0246 1
116.9893 41.7177 1
121.8720 222.2273 1
187.6513 59.7656 1
101.7070 87.1764 1
156.5049 206.5352 1
100.9435 173.7485 1
130.9612 197.9055 1
169.8926 38.0269 1
168.8574 155.7838 1
100.9483 117.5774 1
163.3900 250.0101 1
157.3338 244.0285 1
164.7913 182.8750 1
169.7824 124.6817 1
144.4090 224.8322 1
168.0711 165.7527 1
136.0447 6.3023 1
130.5074 38.1168 1
160.0770 6.1833 1
100.1306 248.9561 1
127.3760 248.5080 1
115.5392 88.8736 1
110.0718 16.6094 1
126.3841 130.8141 1
109.1228 179.8660 1
136.4273 130.9534 1
126.4167 168.8456 1
106.8636 240.0026 1
132.8138 95.8384 1
141.3350 39.3519 1
152.6115 213.4657 1
172.6696 67.1823 1
146.0017 244.9879 1
152.7189 125.8553 1
155.6807 82.0235 1
169.0876 20.2992 1
185.9475 31.6635 1
130.7622 101.7656 1
163.4529 192.5288 1
118.9008 209.2178 1
112.5383 159.8969 1
147.1783 133.7830 1
122.1903 55.0242 1
161.1908 198.3305 1
162.3149 236.0280 1
112.5189 95.7949 1
154.2601 222.8418 1
134.5950 65.9861 1
127.2164 30.5313 1
127.3807 221.2538 1
116.5299 6.5400 1
145.1166 123.5103 1
152.5773 28.1549 1
180.3796 23.1618 1
139.1146 244.5957 1
175.7963 208.2071 1
153.9633 250.9780 1
111.8570 55.3633 1
107.9221 156.0280 1
161.8426 227.6294 1
171.0871 76.7428 1
169.4003 238.1119 1
161.5514 125.1435 1
117.1386 77.4360 1
126.1129 40.8119 1
153.1281 38.0953 1
133.6677 51.9849 1
113.6548 235.0090 1
152.2391 60.2793 1
137.5308 204.6604 1
102.9207 126.1288 1
144.8404 70.4304 1
168.5223 140.7955 1
170.9780 94.1538 1
145.3913 88.6471 1
139.3906 22.0526 1
114.8326 65.6874 1
170.6745 54.5720 1
116.4498 156.2968 1
163.2733 3.7725 1
101.6895 163.8360 1
117.1515 18.5300 1
115.9857 219.7404 1
128.1358 122.1733 1
135.1203 18.9739 1
110.2480 211.7724 1
151.0385 187.1493 1
100.3141 212.3444 1
143.9664 116.5512 1
173.6887 201.4091 1
155.5853 140.9607 1
138.9612 58.9117 1
162.2935 90.6232 1
133.1407 125.6875 1
106.3035 170.7763 1
164.9562 98.5503 1
149.6894 230.6622 1
132.9382 107.0229 1
174.9137 12.8566 1
135.9302 113.3931 1
116.2929 239.7230 1
106.8244 23.5242 1
129.2043 19.2019 1
100.6246 232.0859 1
