206.7985 73.7967 0
202.7766 78.6471 0
195.1871 22.6204 0
242.7443 42.0606 0
233.9770 118.5376 0
195.3641 220.3692 0
213.5628 65.6884 0
231.5021 129.5304 0
214.3943 9.5259 0
156.6693 55.7078 0
213.8846 152.5962 0
191.8901 83.5267 0
242.7657 74.1193 0
196.3860 58.8127 0
242.3649 115.2245 0
185.4649 80.3779 0
215.0547 145.8683 0
191.1002 193.4673 0
234.7078 205.8564 0
219.8837 87.8123 0
229.6393 233.7487 0
201.0941 14.7739 0
207.8027 91.0641 0
204.0667 123.8227 0
186.6693 185.4518 0
172.1609 159.2251 0
209.1186 210.9588 0
208.5542 155.3345 0
223.8151 231.6228 0
180.2355 71.9154 0
241.2223 173.5442 0
182.1657 92.9797 0
174.8170 76.6460 0
224.1368 150.2450 0
234.4222 235.2276 0
203.4398 240.2223 0
190.9960 123.2099 0
229.7172 173.3445 0
200.1329 243.9683 0
167.6529 61.3287 0
232.3349 5.6531 0
244.8867 46.8698 0
174.7136 45.1686 0
209.3544 231.9790 0
191.7171 136.0685 0
215.7720 182.6410 0
234.5443 30.4904 0
201.4664 55.4110 0
185.7777 129.4731 0
242.2457 12.2036 0
209.0804 54.4492 0
205.0938 150.7817 0
180.3429 148.0901 0
236.2167 157.3672 0
202.9024 231.5806 0
174.9088 123.7119 0
233.9364 124.7616 0
239.7225 198.7321 0
209.2715 245.6422 0
224.6053 42.2751 0
224.1731 121.5207 0
182.5450 40.2736 0
235.5027 226.4285 0
222.5421 83.8100 0
230.4691 159.8424 0
246.1017 204.2464 0
245.8311 133.1339 0
228.5786 60.9216 0
222.7098 101.9772 0
163.9408 53.9519 0
221.6028 1.7410 0
198.4222 108.0405 0
202.5655 168.4788 0
203.8054 205.1515 0
244.5746 218.3168 0
226.6574 54.2755 0
209.8056 196.8326 0
222.8125 194.4810 0
176.6395 85.7720 0
212.6719 206.9812 0
198.2157 7.8860 0
226.0364 186.3937 0
179.3574 178.8388 0
241.3193 64.0732 0
234.0826 0.3390 0
175.4060 195.5744 0
208.5555 39.1934 0
233.8311 51.9125 0
249.4686 192.1826 0
168.6563 129.4148 0
199.7701 183.8742 0
198.3655 35.8353 0
199.1505 118.7937 0
231.3103 43.1798 0
234.8245 242.1004 0
204.7723 96.8217 0
189.7334 227.3000 0
171.3715 146.7018 0
195.7761 45.4579 0
230.4073 201.0075 0
223.1347 127.2854 0
186.9339 92.8542 0
179.1502 156.8777 0
231.5619 145.1901 0
204.0688 48.0629 0
223.0419 165.4120 0
215.2053 57.0716 0
217.6303 69.6873 0
219.0235 59.5437 0
210.5300 23.7205 0
224.4138 144.7032 0
249.8034 30.3300 0
240.6979 186.4099 0
240.4777 167.1865 0
224.2805 69.2089 0
209.5899 219.2572 0
224.7979 32.1236 0
221.0891 184.0718 0
176.2150 61.6650 0
235.0351 37.4406 0
230.4001 219.9454 0
242.9862 33.5970 0
220.9878 168.7096 0
250.2624 169.7632 0
177.5594 24.6391 0
245.3638 212.9380 0
204.3563 131.8765 0
240.8782 85.0004 0
231.6253 194.3576 0
246.8163 229.2594 0
226.3793 73.6032 0
190.5016 50.3748 0
237.3080 231.0164 0
165.7786 138.8750 0
217.3071 202.9868 0
241.0041 93.9032 0
230.0540 88.0907 0
250.1945 174.3351 0
209.2335 187.5326 0
191.9098 174.1985 0
245.5215 109.0675 0
215.8427 31.9673 0
205.4027 214.1355 0
170.9186 64.1825 0
214.9176 191.5576 0
211.3869 111.6612 0
206.8730 145.7214 0
201.0324 101.6745 0
215.3554 125.5097 0
208.5793 107.4563 0
221.6366 77.7590 0
207.9184 120.4283 0
213.3990 172.0445 0
183.1709 134.1449 0
182.5100 153.3365 0
195.6661 28.1876 0
214.7636 233.1753 0
235.6617 74.7501 0
194.9052 182.2129 0
248.8555 55.9738 0
187.2845 73.9616 0
243.6711 235.0039 0
241.2849 111.5334 0
170.7726 132.7661 0
221.9932 19.6111 0
186.4984 24.3241 0
212.4428 0.5399 0
240.1797 148.8622 0
174.8269 99.7418 0
189.7150 7.4016 0
226.3738 91.8189 0
186.0431 190.1504 0
230.7752 18.7650 0
173.7685 54.3322 0
242.0485 26.4316 0
235.9513 189.4054 0
186.1328 121.0779 0
207.2704 164.2452 0
181.9735 199.0059 0
239.0202 247.3024 0
202.3543 114.6935 0
221.3615 117.3641 0
236.2368 91.5695 0
235.4165 178.8429 0
238.5514 17.6031 0
184.9275 141.0862 0
218.9948 138.6131 0
211.0237 138.5239 0
232.4730 25.9754 0
184.9827 29.3176 0
211.2033 224.1158 0
184.0674 66.0256 0
200.3546 156.6980 0
231.5761 65.4610 0
197.1056 76.7873 0
186.2935 61.6656 0
222.6868 205.6779 0
223.2711 210.9557 0
208.9323 49.0747 0
221.5651 134.9079 0
241.8765 158.6268 0
201.1591 66.1806 0
185.5171 170.2432 0
233.3257 97.9871 0
165.6909 145.9851 0
187.3231 151.9768 0
238.2597 209.8972 0
199.5330 208.4021 0
221.7368 245.6175 0
215.2936 215.7263 0
250.1875 152.8572 0
241.4828 101.3484 0
166.0301 42.3066 0
202.0500 85.4911 0
214.7943 77.8203 0
182.2514 112.0910 0
194.3365 144.7363 0
177.1471 57.7755 0
202.6111 223.1494 0
250.3912 22.9381 0
245.3312 223.4019 0
226.3698 240.6338 0
222.5339 160.4686 0
185.3302 49.0973 0
208.1908 178.5117 0
250.3172 158.3037 0
192.0002 17.0928 0
240.8319 153.3771 0
193.1478 112.4342 0
177.1355 29.9895 0
250.3581 67.0194 0
221.7394 227.5588 0
249.6336 100.4449 0
178.3446 125.4061 0
193.3510 95.9323 0
234.1263 83.5825 0
193.7152 119.7167 0
206.8489 31.2716 0
179.7055 20.0047 0
194.5862 87.7753 0
225.3049 218.9724 0
212.9805 162.4862 0
204.5338 70.2106 0
202.0405 191.1700 0
195.7555 153.1355 0
223.0451 13.9930 0
208.5312 63.6835 0
229.5806 247.6657 0
242.8246 120.4938 0
232.8067 212.5671 0
190.1013 103.8865 0
181.4119 227.4849 0
182.9976 165.7943 0
246.3923 196.0151 0
195.6312 68.0283 0
241.5819 135.6777 0
242.6347 50.9972 0
162.5054 133.1051 0
238.2275 59.5289 0
236.7198 9.3237 0
249.8468 163.7982 0
248.0075 146.9719 0
144.2148 242.1036 0
198.1220 129.7738 0
231.9519 138.8009 0
219.1724 24.0471 0
210.7535 14.8470 0
248.4457 247.4284 0
229.7963 46.1585 0
222.7483 96.9241 0
199.3362 1.2224 0
216.0820 239.1038 0
209.0207 131.0190 0
228.5150 177.6852 0
191.4004 163.6479 0
213.8605 45.5447 0
247.6958 183.5041 0
244.9206 8.3084 0
245.9781 81.5559 0
198.6698 197.7258 0
198.6241 143.9507 0
179.1712 137.4998 0
226.2270 112.9320 0
189.5364 109.9365 0
170.4868 34.9248 0
215.1161 100.4849 0
202.9885 176.4559 0
204.4856 0.1218 0
188.2498 39.0663 0
248.0509 141.9443 0
142.9633 81.4553 1
118.0582 34.3811 1
156.0567 139.4552 1
179.5041 236.3161 1
121.4654 176.3315 1
152.6498 131.9636 1
151.0433 17.1455 1
135.9486 149.5017 1
110.5309 16.7122 1
102.2582 47.0092 1
106.0850 173.1075 1
123.8174 159.1579 1
163.6511 156.9385 1
129.6060 84.8587 1
141.3145 150.1901 1
147.6153 232.1558 1
111.9849 190.5730 1
162.8734 216.5116 1
167.8861 209.5008 1
155.5130 234.7545 1
130.8319 55.1226 1
137.4498 107.5381 1
150.4060 6.8301 1
138.6567 50.0227 1
136.2270 178.9328 1
163.8770 79.3615 1
121.7682 149.3301 1
113.0055 56.2388 1
163.2477 187.5535 1
119.7023 214.5656 1
134.0456 66.7769 1
147.7021 79.4380 1
125.4884 74.7713 1
146.7607 126.6776 1
150.7973 71.0496 1
189.0045 216.1475 1
114.9282 136.7239 1
116.7098 173.2357 1
158.7215 122.9145 1
119.4856 39.5865 1
139.6204 26.9924 1
131.6317 0.3841 1
127.7171 46.5184 1
131.6467 236.2352 1
135.3401 203.3810 1
131.9873 160.3824 1
100.6087 185.5393 1
159.0366 219.4366 1
125.1561 141.5428 1
106.5014 168.4091 1
162.3389 173.8969 1
100.0685 230.1947 1
148.2000 204.4430 1
101.0448 155.3882 1
157.3811 145.1505 1
144.4385 34.5111 1
146.6397 23.9006 1
154.0075 100.2805 1
125.5299 98.7487 1
142.1797 62.3688 1
125.8459 123.3892 1
145.0292 111.2467 1
116.8276 118.6311 1
160.1525 29.9647 1
138.5470 162.2688 1
113.1517 2.4148 1
112.4033 117.8128 1
127.8395 132.9165 1
181.8252 240.4061 1
152.8535 89.7676 1
158.7633 179.2362 1
133.8556 22.8929 1
108.0896 132.7206 1
136.8639 31.1560 1
104.7128 244.3700 1
124.0801 169.3305 1
172.8130 229.1827 1
149.5272 242.7426 1
147.4932 91.6376 1
119.9031 230.1094 1
176.1355 169.4292 1
102.9762 69.2868 1
118.4413 239.0010 1
138.4726 229.2087 1
110.6585 36.7106 1
170.9947 68.9705 1
118.3258 104.2296 1
132.2245 223.8308 1
105.5316 98.4024 1
148.8464 31.7081 1
131.4789 145.9572 1
161.2539 2.5018 1
166.5908 250.7997 1
141.3821 215.4118 1
139.9446 157.4982 1
111.5053 240.9047 1
143.3860 44.2835 1
150.5748 123.6691 1
179.9414 103.6414 1
194.3799 230.3891 1
155.4628 24.6657 1
126.4007 222.7769 1
115.6882 76.9269 1
137.2618 93.2527 1
116.4428 127.2887 1
129.4343 67.9680 1
173.4672 203.8493 1
108.8604 147.0133 1
146.2319 173.7089 1
131.1690 90.2194 1
152.7649 153.5758 1
129.1783 153.0500 1
102.4314 3.6431 1
160.9234 198.7372 1
138.5499 172.4757 1
115.3059 70.2046 1
114.3938 159.0604 1
109.4430 181.6940 1
134.0447 138.0697 1
123.3784 134.5752 1
165.4441 23.5010 1
116.4627 167.7254 1
178.0754 104.6404 1
158.5652 246.0587 1
191.1564 239.0562 1
162.3682 168.7336 1
132.7426 195.1103 1
139.7671 166.9296 1
125.6670 111.4193 1
162.4060 83.4705 1
125.1916 34.7774 1
122.5407 199.0497 1
102.4868 34.0268 1
178.0915 187.2194 1
114.6532 248.0197 1
151.7089 54.2006 1
120.5243 52.0805 1
143.6744 190.1903 1
150.8401 154.7339 1
103.9032 197.5495 1
157.3202 208.2610 1
158.9841 76.4342 1
190.1848 209.3654 1
135.1244 98.3216 1
156.2120 131.3467 1
148.7929 117.4021 1
171.4056 108.8630 1
137.4462 115.4757 1
129.9632 212.3087 1
143.3967 230.9654 1
108.9318 49.6181 1
140.4306 104.8659 1
103.2556 205.8849 1
135.2300 125.4917 1
171.1354 94.0870 1
164.3148 70.3092 1
185.5567 7.7237 1
158.7947 11.3731 1
170.0254 184.2407 1
121.4908 187.3013 1
163.8624 126.5305 1
122.3414 207.4722 1
117.6887 96.4253 1
133.3819 48.2467 1
187.2506 245.4728 1
173.1964 213.1000 1
156.3994 175.4020 1
132.1809 36.9449 1
107.2293 20.8801 1
168.9505 196.8189 1
165.2942 195.3962 1
104.4294 73.8321 1
167.7884 242.8779 1
106.5705 110.2113 1
163.5646 16.8486 1
146.8286 187.7762 1
103.3556 86.5381 1
117.4412 20.6370 1
162.4920 101.9124 1
152.1721 36.9107 1
177.6611 243.7217 1
114.7917 212.3604 1
130.0609 14.6365 1
175.8018 220.3326 1
115.3054 201.7419 1
108.4991 88.9998 1
116.1168 86.4855 1
144.2621 99.5972 1
118.8350 43.3963 1
180.6905 217.9890 1
150.5074 181.8866 1
105.9893 29.7188 1
143.9698 54.8777 1
103.4619 219.4555 1
152.2592 167.3751 1
107.2700 137.3958 1
140.9676 11.5088 1
100.3041 179.9779 1
173.0678 6.6386 1
167.4032 116.4958 1
110.1415 209.4389 1
120.1200 15.7366 1
141.0896 0.9135 1
137.1113 184.8807 1
128.5312 187.0943 1
109.0318 227.4841 1
145.8308 4.8718 1
147.7166 159.2377 1
122.9814 165.7720 1
139.8669 205.6620 1
173.8766 164.6615 1
129.1516 103.1557 1
158.4451 64.0948 1
170.3931 174.9285 1
156.4304 112.9169 1
157.0195 39.9751 1
111.6314 98.3429 1
150.0945 217.7220 1
165.5968 236.0525 1
141.0619 197.3704 1
183.4213 15.9173 1
123.0256 9.3962 1
129.0285 244.4863 1
101.7669 76.8395 1
