229.7661 35.8242 0
244.9954 179.1501 0
247.5833 32.3155 0
229.9199 101.3555 0
191.4475 173.3748 0
233.8824 183.2594 0
209.8164 250.0433 0
230.3178 48.1741 0
234.7699 175.4272 0
237.8468 226.8607 0
204.6400 208.4255 0
222.1583 121.9006 0
199.6929 241.7001 0
249.1401 213.6198 0
185.7033 123.6450 0
217.7421 41.8190 0
203.6928 114.0666 0
211.0280 4.7521 0
199.0450 135.5077 0
241.5065 143.2395 0
232.6922 112.5168 0
214.1980 136.5088 0
246.1663 240.5358 0
233.3533 63.6040 0
233.2657 75.3982 0
205.8679 42.0279 0
215.9724 241.7887 0
230.7469 89.4534 0
226.1289 116.7753 0
226.7817 146.1852 0
215.0640 173.7447 0
241.7096 17.0947 0
166.7734 226.0695 0
196.8281 125.9536 0
227.9980 226.3132 0
192.3923 246.9447 0
204.9483 71.9270 0
233.7581 247.0109 0
224.3953 187.4533 0
235.1628 149.4765 0
197.0489 103.9558 0
215.4433 92.0409 0
242.7699 163.6367 0
194.8758 154.2974 0
228.1942 4.9248 0
184.0117 213.8452 0
214.7732 236.0775 0
247.7108 91.2744 0
202.6800 11.7503 0
213.6088 123.4260 0
245.3188 107.1174 0
244.7144 50.9387 0
250.1096 24.2696 0
226.1609 63.2827 0
246.5283 128.1313 0
239.8351 3.8614 0
194.6032 143.9387 0
208.3545 99.3074 0
233.6334 10.1619 0
232.9358 166.5929 0
183.2761 36.6384 0
197.0566 90.7092 0
182.1837 108.1156 0
240.4949 26.5362 0
217.2634 223.2420 0
197.1584 70.5560 0
244.5408 229.9410 0
181.6136 141.8226 0
231.6468 192.4244 0
190.1587 225.6526 0
214.4743 118.9637 0
245.3371 197.5794 0
186.3719 153.4803 0
199.0291 22.0046 0
216.3068 72.5648 0
231.1870 124.7689 0
228.3647 222.7595 0
205.7667 86.3454 0
187.6793 128.1149 0
236.9865 202.1429 0
217.8944 177.1807 0
163.9504 193.4760 0
234.3306 241.1327 0
219.3201 155.5920 0
178.8386 123.9196 0
198.1764 145.9539 0
249.5387 174.0560 0
217.9920 8.8908 0
236.3449 94.7085 0
201.8039 130.9287 0
248.8634 151.0056 0
229.1029 204.6280 0
216.2732 83.0527 0
240.9030 42.7802 0
204.5587 22.6414 0
202.8995 245.1740 0
248.3407 118.5708 0
210.3184 224.5811 0
221.5472 248.4822 0
227.7290 248.2996 0
248.4885 13.9021 0
219.6654 150.9094 0
236.2106 234.8609 0
240.4735 217.5983 0
223.5224 72.3116 0
241.9463 82.3288 0
248.2511 207.4466 0
181.8246 17.1364 0
204.4365 34.7800 0
202.0905 168.9339 0
191.0232 72.9186 0
193.1941 230.2306 0
208.0253 245.1076 0
187.6690 107.7264 0
143.8984 237.3223 0
199.7608 224.7084 0
151.9911 242.6981 0
244.6537 148.2065 0
197.5099 38.6797 0
223.3266 107.3819 0
199.6084 46.1785 0
231.0230 97.5211 0
208.4950 27.0297 0
220.9505 116.4576 0
212.0083 128.5942 0
214.0099 20.3803 0
178.8089 23.4879 0
241.3922 32.8419 0
201.5046 182.2414 0
193.2322 134.2458 0
211.2286 168.9986 0
224.1244 137.3554 0
194.1554 63.1594 0
234.3923 55.5154 0
212.0282 64.2879 0
230.5032 44.0498 0
193.1899 162.6924 0
232.2500 141.2239 0
222.5969 94.5822 0
224.6759 196.5738 0
195.1215 115.9973 0
197.2083 165.6324 0
236.9207 30.5654 0
242.4809 66.6165 0
228.4675 70.5296 0
189.4440 141.6132 0
242.4423 131.9191 0
216.2061 58.1782 0
178.0266 129.7249 0
209.8250 78.3265 0
241.5911 156.1583 0
222.0483 55.2676 0
213.7322 199.7856 0
245.5315 78.2807 0
213.5583 164.8094 0
229.6891 172.1000 0
237.6100 209.2765 0
220.7913 160.9941 0
234.2701 196.7256 0
235.1236 89.3155 0
246.7279 73.6306 0
213.6989 26.1018 0
211.3315 215.3689 0
219.0182 13.4921 0
249.3341 100.2497 0
204.7147 156.1897 0
225.1937 15.9007 0
191.7049 220.5238 0
204.9367 118.3305 0
201.8945 236.6722 0
207.1688 202.4419 0
190.4685 26.5778 0
204.7989 140.1936 0
210.5690 109.4293 0
222.9312 42.5534 0
197.1768 13.9648 0
212.2112 146.4758 0
211.3975 35.3031 0
232.3430 23.9042 0
192.6650 3.0548 0
241.2517 100.0851 0
227.6868 176.4988 0
224.2965 202.7690 0
200.4383 219.3016 0
199.1062 204.3320 0
216.4354 100.2228 0
210.9984 191.7579 0
242.8158 112.1328 0
242.3906 242.5499 0
227.2325 163.3848 0
221.5335 50.7147 0
244.5779 214.8494 0
221.5656 64.9858 0
186.4319 237.4100 0
207.9651 228.8563 0
244.5902 23.7570 0
216.0816 208.0476 0
227.4689 80.3863 0
238.3075 125.3445 0
238.1409 103.4447 0
210.6763 13.1623 0
224.6070 28.4499 0
189.4214 63.9877 0
224.5113 169.2608 0
243.5910 13.9596 0
201.8983 159.0775 0
240.2577 56.0154 0
213.8683 187.5456 0
245.2266 189.3326 0
198.5950 54.9409 0
231.1206 106.7035 0
244.4982 2.6056 0
220.0214 34.1323 0
181.8604 132.7744 0
206.7101 55.4643 0
227.9004 238.6788 0
193.1225 35.3951 0
220.1450 103.2322 0
193.1935 212.6599 0
241.3100 72.2206 0
223.5879 183.0016 0
190.2584 233.5755 0
205.4464 151.8739 0
186.2550 28.8763 0
213.2248 50.7292 0
220.0424 205.8327 0
247.3672 226.1663 0
209.1920 138.7579 0
221.9324 215.3790 0
187.2609 145.8106 0
205.2030 96.3136 0
249.8698 200.4541 0
192.4389 106.9900 0
237.8464 134.8086 0
219.0643 141.6116 0
230.3463 119.8814 0
200.2174 176.7017 0
236.5316 40.8114 0
222.8343 86.8190 0
223.2030 228.8152 0
223.2812 236.6188 0
216.8309 217.7684 0
202.8476 5.3121 0
203.1265 61.9392 0
226.7130 23.7598 0
227.4879 154.8623 0
214.2349 156.0585 0
227.6317 133.0730 0
171.6310 10.8853 1
180.2879 229.8291 1
147.0833 58.4155 1
142.2404 52.7269 1
107.8488 20.3358 1
129.5730 225.1431 1
103.2999 103.1037 1
123.1493 42.1111 1
138.5702 105.9869 1
170.2915 176.0533 1
159.9255 63.1004 1
146.8403 3.3762 1
105.2765 78.7390 1
126.4666 118.9617 1
123.7083 19.6614 1
126.0802 176.7132 1
111.2655 194.3607 1
176.1397 175.2607 1
167.5229 86.0197 1
154.3061 95.6185 1
122.4454 29.3715 1
154.6210 50.4183 1
163.6593 116.3176 1
153.0343 141.2971 1
159.1397 198.4031 1
134.8730 170.4682 1
148.4270 168.5616 1
131.5076 0.5100 1
172.2101 223.1962 1
162.6875 174.9996 1
132.4247 164.7068 1
127.2065 131.2558 1
136.5597 90.1815 1
191.4837 83.3260 1
142.9203 96.9420 1
179.1475 206.4422 1
170.0764 187.2064 1
191.0103 181.0502 1
123.8224 190.5701 1
107.1666 249.4506 1
165.9933 145.6320 1
107.8820 11.4904 1
104.5727 57.0237 1
148.2375 21.9234 1
100.6019 125.3203 1
128.9657 183.1764 1
165.0157 15.6453 1
189.9094 44.4846 1
154.5901 68.6820 1
114.5673 36.7642 1
159.0554 106.4992 1
117.8485 65.1413 1
144.9286 151.2701 1
112.7049 207.4531 1
161.0257 161.0953 1
102.4604 52.7741 1
107.9951 137.1994 1
141.2786 246.8986 1
116.0055 169.6459 1
142.9235 83.0423 1
100.2174 181.0639 1
175.3739 162.3530 1
204.4707 198.5960 1
139.0737 227.6738 1
118.4960 177.0853 1
182.8304 246.8065 1
160.7265 143.4768 1
121.8975 68.0236 1
123.3035 79.7449 1
165.1282 54.7404 1
146.1317 79.2773 1
160.7145 241.1570 1
177.4818 147.2610 1
177.6129 30.5084 1
130.1573 99.8004 1
147.1634 90.5161 1
112.4477 240.6546 1
135.4504 197.3971 1
165.6113 31.9566 1
153.9931 172.0126 1
101.1442 234.3345 1
128.2119 56.7669 1
157.4810 35.4826 1
139.4772 178.6925 1
131.9898 192.9325 1
165.2074 125.4290 1
181.4588 43.8047 1
103.6035 25.8088 1
165.9621 163.2983 1
116.3036 88.1104 1
100.4989 1.8834 1
121.8563 50.6293 1
115.9335 107.7840 1
160.4878 153.0113 1
110.3695 232.5885 1
181.2133 177.3739 1
180.2270 51.2072 1
148.1042 105.1870 1
194.3470 199.5874 1
127.8030 173.6839 1
156.5882 121.3664 1
185.1480 13.0713 1
100.9696 109.4254 1
149.8841 212.0760 1
171.4923 196.9074 1
120.5000 245.2591 1
154.5653 160.1793 1
171.2577 214.2486 1
169.4028 108.0849 1
108.1542 25.6886 1
176.9470 86.2581 1
140.8751 9.1843 1
180.7935 60.1123 1
133.0361 76.8842 1
118.9800 216.1945 1
177.2253 104.6460 1
115.4652 20.5159 1
101.7510 14.0039 1
115.5616 149.8916 1
168.4056 236.8892 1
109.8319 45.3187 1
179.6971 192.5579 1
120.7798 101.8497 1
128.7985 7.2611 1
145.0183 69.1195 1
170.4523 68.5624 1
138.5950 66.5368 1
185.8893 161.7886 1
101.8427 225.4905 1
160.0961 71.6384 1
187.5670 80.8261 1
178.8444 64.5520 1
136.1130 59.9635 1
171.4310 112.9453 1
195.1563 189.8489 1
128.1727 231.9792 1
138.0381 4.7331 1
162.4491 221.8126 1
114.7309 111.0490 1
110.3509 158.2367 1
149.6605 122.3922 1
147.4380 177.0719 1
176.8693 5.3056 1
160.1397 9.1667 1
103.7599 93.6531 1
131.1488 3.9500 1
140.9040 218.6104 1
163.2088 184.3974 1
147.9746 231.4736 1
119.2651 223.7502 1
100.2374 189.8691 1
156.1843 233.6464 1
109.3624 126.3865 1
154.7424 131.8901 1
126.1491 66.9922 1
143.0729 165.3101 1
158.1600 97.7358 1
116.8468 137.3344 1
113.6398 6.4798 1
164.3573 201.5587 1
150.2202 245.7582 1
186.8204 58.1872 1
171.5502 138.6250 1
101.0687 199.2001 1
171.6183 55.7071 1
114.1175 13.8004 1
153.8737 218.7837 1
135.9452 14.8635 1
163.6426 213.4942 1
139.5334 46.8173 1
109.1742 189.4655 1
128.8687 200.5243 1
111.6183 184.6900 1
104.8567 69.1281 1
111.2513 118.5955 1
121.4379 8.6403 1
169.0038 154.8777 1
184.7657 149.9516 1
155.0970 224.8581 1
126.4585 222.0448 1
127.7362 18.3200 1
117.5097 77.1180 1
122.0033 148.3372 1
164.4417 42.1500 1
153.2394 190.5789 1
154.2151 1.2016 1
170.5150 20.8172 1
182.4736 75.4542 1
158.7215 86.4275 1
116.1270 192.5409 1
186.8918 97.0343 1
128.9247 153.8161 1
174.3256 41.8611 1
126.2366 46.9597 1
189.6996 204.5686 1
184.2392 170.9354 1
122.3121 163.6931 1
159.8955 112.0529 1
169.7943 122.1215 1
147.4656 113.5774 1
108.6431 105.9226 1
174.5394 92.1850 1
110.1390 149.7214 1
174.7274 81.9500 1
124.7406 236.3773 1
131.3588 142.0625 1
115.5486 97.1131 1
157.5948 182.0566 1
139.1109 210.6796 1
136.8578 156.7580 1
157.2627 24.8365 1
145.6572 186.7422 1
144.0547 18.2854 1
136.0035 132.3297 1
138.3058 95.2929 1
105.2483 195.6690 1
158.0389 215.4341 1
132.8610 211.7373 1
145.6013 221.8796 1
132.2456 147.4951 1
153.1841 13.8948 1
134.2421 113.1747 1
176.3049 240.2284 1
100.4319 134.7286 1
135.0378 52.1383 1
160.9799 45.6918 1
132.6454 124.5587 1
120.5642 127.8378 1
151.5534 32.2060 1
112.7861 175.9763 1
103.0483 152.5875 1
149.3048 42.7868 1
109.9264 62.3649 1
146.2891 37.1874 1
111.3411 94.8365 1
125.3177 90.8651 1
143.5557 29.0182 1
145.9421 145.1779 1
168.4356 248.4407 1
178.9193 155.1802 1
152.3574 180.1351 1
156.6913 80.1894 1
161.2221 137.2498 1
147.9626 206.8846 1
171.4074 75.2834 1
117.0674 56.1526 1
131.1905 37.8750 1
110.5142 220.3434 1
157.9673 12.6848 1
143.8603 203.7213 1
