218.6491 52.1121 0
236.0509 187.9875 0
229.5202 97.0945 0
199.0068 220.9563 0
250.0385 217.6229 0
215.3442 203.6809 0
246.2997 105.8166 0
180.6572 35.6270 0
222.6484 203.2738 0
226.8537 241.1949 0
249.8193 48.1156 0
206.8597 231.1069 0
228.5493 127.1281 0
202.2138 14.2383 0
244.1967 224.3646 0
201.2140 137.7110 0
226.2959 72.6988 0
182.3023 112.6328 0
241.9316 174.6497 0
222.2304 29.8251 0
204.3275 133.0395 0
215.0242 159.4992 0
237.8857 106.9041 0
209.5443 140.8952 0
240.9726 206.3285 0
229.8857 61.2046 0
235.1868 201.7244 0
221.7932 102.1993 0
235.4114 64.4163 0
226.4838 18.1835 0
229.2050 101.8806 0
241.8954 121.5337 0
225.5132 160.2510 0
178.0986 195.8997 0
242.5871 49.0014 0
235.5751 127.4320 0
182.7042 228.9704 0
197.8069 122.8543 0
217.5549 19.4144 0
209.1729 20.6432 0
214.4846 98.6827 0
234.9975 249.8302 0
215.1175 211.9556 0
216.5425 181.1486 0
191.9718 116.6692 0
232.8559 171.5945 0
190.4167 94.6567 0
235.9714 168.0668 0
201.2563 194.1048 0
222.6140 22.4850 0
182.6770 242.2890 0
229.0783 13.9708 0
216.3621 104.9159 0
204.4043 37.6256 0
241.1584 146.8511 0
225.3375 146.5689 0
219.7482 128.1011 0
230.7122 162.3336 0
247.0784 58.2270 0
240.4399 63.0770 0
243.5710 188.6921 0
235.9471 138.3231 0
239.8944 16.1230 0
203.0757 178.8869 0
215.0732 114.8292 0
233.9017 23.0758 0
232.5727 182.9376 0
210.0879 54.3912 0
198.9090 103.1857 0
191.2028 108.6761 0
241.4325 41.0320 0
248.3792 165.7132 0
199.6270 0.3612 0
191.5840 78.8526 0
183.7236 124.3968 0
243.4237 245.7544 0
231.0756 210.4503 0
185.3401 216.2082 0
205.7606 120.0753 0
225.5801 222.1751 0
180.1521 143.1396 0
195.7449 37.9141 0
240.8190 133.6211 0
217.7279 90.4720 0
213.9849 134.1401 0
234.1299 238.5363 0
193.6839 89.1955 0
248.9228 156.0542 0
201.4605 147.0278 0
218.3518 229.6992 0
200.6255 207.0319 0
154.1401 190.2198 0
222.2711 2.3943 0
204.8467 195.1308 0
178.3696 123.5555 0
198.8743 164.3188 0
246.1618 185.0220 0
203.4175 31.7177 0
229.8311 93.2152 0
249.0937 132.1598 0
188.4697 142.9648 0
222.4662 151.7925 0
211.8103 215.8388 0
205.9596 96.4982 0
192.2853 42.8881 0
200.6842 20.2857 0
249.9577 127.6981 0
239.6381 158.6103 0
204.7603 5.2570 0
236.7196 12.6495 0
212.5449 241.0695 0
248.8274 16.1491 0
205.2421 169.6023 0
230.0832 247.4339 0
239.1319 224.8682 0
238.4917 88.1183 0
227.2616 189.5381 0
240.9272 96.4370 0
228.6288 233.1287 0
215.0454 48.2814 0
217.7581 67.0695 0
180.9689 192.0488 0
200.0751 82.8945 0
191.0370 18.5054 0
188.1515 26.7460 0
199.8111 114.7175 0
182.4139 237.5995 0
201.2903 238.5124 0
164.7979 15.9013 0
209.8536 178.5051 0
200.6843 62.7674 0
221.7534 120.1059 0
246.0244 178.9016 0
208.2302 75.9239 0
238.2647 100.9985 0
212.9598 58.4030 0
195.5392 130.7982 0
244.7805 139.1066 0
238.3938 233.3958 0
207.6559 129.0656 0
215.6053 25.8815 0
185.8196 47.5983 0
248.0179 32.0226 0
180.4911 184.4472 0
182.2279 132.4680 0
194.5902 192.2611 0
211.4689 150.0231 0
193.3952 69.2442 0
241.6754 74.1507 0
206.1476 82.6233 0
228.3642 51.0647 0
192.7947 173.8125 0
206.2077 161.9284 0
221.9302 112.0805 0
200.2590 212.8719 0
188.5797 120.6233 0
180.6278 176.3679 0
229.4149 46.7491 0
247.4151 88.9300 0
234.0062 75.4015 0
197.4021 185.3301 0
247.6596 148.4307 0
219.0449 76.8015 0
191.5547 162.5547 0
172.7550 109.4308 0
211.8934 197.0126 0
225.4811 82.5181 0
204.8531 224.1168 0
190.0266 193.7134 0
197.9249 200.7964 0
214.1729 231.5942 0
221.3453 197.1709 0
246.6891 206.3426 0
229.7894 83.6855 0
225.8827 33.6538 0
192.2710 235.7156 0
216.3817 31.2120 0
229.7260 192.5201 0
248.4637 145.6158 0
213.7016 168.6165 0
230.3667 29.5481 0
182.8035 220.7186 0
194.2710 135.0359 0
225.0696 9.5833 0
202.4601 9.1173 0
205.3552 44.9771 0
188.6493 176.5627 0
213.4594 124.9909 0
211.6789 39.5976 0
177.1453 39.8257 0
229.3127 178.7794 0
218.3574 37.5426 0
232.5914 37.5230 0
192.1849 249.5508 0
248.6853 100.6848 0
207.9025 206.6312 0
221.8177 170.9682 0
211.2735 224.9731 0
197.6870 7.0162 0
192.8931 226.5006 0
237.3934 122.7597 0
218.9361 220.1613 0
246.1464 120.4348 0
241.7912 5.8354 0
219.1921 185.2574 0
216.0161 84.4742 0
233.2029 218.2958 0
248.4575 69.1390 0
220.4195 95.6973 0
211.5018 10.7896 0
204.6599 23.3010 0
243.9932 23.5843 0
188.3282 241.9010 0
232.0310 70.8306 0
244.9401 112.3140 0
194.7571 27.3699 0
225.5865 43.1893 0
202.1907 49.8516 0
180.8154 212.2125 0
250.1434 8.1509 0
185.0036 181.6049 0
245.4366 82.1564 0
188.4078 203.5955 0
241.2165 194.8696 0
191.1953 59.2185 0
233.0177 114.8671 0
247.3458 249.2238 0
225.6867 64.3167 0
172.7873 116.5513 0
192.7703 51.7608 0
233.4386 5.2419 0
205.7438 60.9734 0
229.9971 111.8671 0
179.4038 224.1357 0
221.2003 212.5494 0
214.4761 5.5910 0
206.7854 186.0927 0
185.4884 41.2413 0
207.1403 87.5277 0
193.4188 217.7477 0
237.7989 216.6562 0
205.6741 157.5370 0
220.9550 247.8420 0
173.9279 135.8730 0
207.3499 102.7526 0
240.4749 211.0457 0
208.1834 111.2593 0
230.4372 147.6695 0
214.4032 143.8835 0
226.9420 137.5431 0
188.2955 185.6760 0
233.7675 54.2046 0
211.6226 106.7013 0
208.5400 236.0046 0
204.8616 247.4161 0
217.7604 243.5000 0
249.2361 212.4409 0
198.0566 58.9076 0
200.1297 72.2012 0
232.8277 153.6188 0
240.9610 33.8261 0
214.1660 192.4685 0
194.9961 155.6904 0
222.3598 139.4236 0
118.6235 235.8925 1
179.8010 5.3517 1
160.0435 68.4914 1
115.2179 76.5482 1
113.0244 210.5882 1
112.4540 103.3096 1
175.2650 162.0600 1
105.2135 75.5457 1
158.4535 52.1948 1
132.7657 39.4891 1
107.4855 200.2529 1
141.8286 225.6426 1
137.1541 160.8138 1
145.4166 152.6205 1
168.2975 118.7457 1
141.8586 89.9890 1
119.6870 224.5147 1
144.8747 41.5267 1
108.4421 134.5521 1
108.3405 149.2265 1
153.2431 229.6270 1
100.3189 192.8659 1
157.0777 161.2406 1
132.0909 199.2124 1
187.3778 9.4331 1
162.8082 233.2611 1
173.8000 151.5865 1
161.4086 148.6424 1
121.6174 18.7109 1
181.5344 79.7233 1
114.2199 67.3224 1
174.8824 207.8102 1
166.6270 209.4789 1
170.9036 172.6459 1
122.1507 214.3163 1
161.9089 91.7408 1
116.3637 21.9981 1
158.1470 13.8450 1
106.0445 179.2545 1
151.3444 18.4417 1
122.8465 166.4927 1
181.2520 62.6356 1
125.6720 41.5455 1
170.7453 89.1152 1
109.2875 44.6515 1
110.8330 109.8022 1
101.5852 73.2656 1
131.2900 109.7868 1
149.4478 182.1268 1
163.9853 153.5492 1
115.8074 34.5541 1
103.9170 141.9268 1
105.5395 215.9868 1
102.8801 82.5623 1
157.4835 214.1223 1
171.2228 200.7066 1
122.8762 11.6958 1
137.6343 177.9346 1
131.9054 52.8172 1
169.3489 130.9374 1
130.1656 23.5717 1
126.0264 144.3372 1
131.5073 96.3407 1
149.3521 92.6137 1
129.3933 222.6884 1
144.6725 201.2609 1
150.1614 142.4332 1
172.8624 51.0873 1
112.5953 137.6282 1
114.0542 57.9887 1
108.0605 204.3546 1
110.2235 65.7971 1
168.6314 140.0922 1
153.9255 26.7433 1
110.1934 238.3769 1
181.6352 168.8990 1
163.7329 198.1163 1
151.1569 48.2259 1
160.3355 62.7404 1
108.9806 36.5250 1
153.9099 151.6267 1
157.8693 245.1685 1
136.0641 32.7217 1
102.9736 61.7747 1
188.0937 149.0181 1
119.1483 175.5891 1
129.1530 125.2176 1
148.4929 236.1658 1
119.4415 92.6091 1
114.1432 90.5855 1
170.8203 180.7328 1
153.6445 159.5629 1
109.1733 167.8245 1
167.8912 91.1659 1
152.8015 58.8034 1
117.4404 4.0144 1
136.1254 208.9117 1
100.2884 237.2141 1
145.7861 188.9342 1
157.6129 24.2998 1
109.8113 94.9122 1
153.6043 130.5942 1
136.9865 110.6458 1
146.3525 21.2755 1
168.8571 67.6688 1
160.4901 86.9326 1
128.8413 63.0880 1
132.3303 133.1911 1
158.0909 40.0640 1
173.6034 220.4386 1
149.0786 161.6315 1
104.5472 28.2986 1
130.5617 71.6395 1
174.4920 75.1499 1
113.4225 47.7101 1
158.2345 192.7889 1
152.6936 63.8089 1
114.1667 120.6661 1
152.9544 81.9329 1
168.2923 100.7761 1
136.1888 217.5909 1
152.2519 97.7283 1
155.1864 223.9527 1
100.7668 224.8992 1
103.7234 189.3768 1
169.4871 33.0647 1
142.2464 166.4910 1
123.2266 89.0245 1
136.1004 172.3453 1
172.3475 25.1431 1
136.6321 9.9095 1
118.3942 40.9072 1
107.1671 185.8238 1
162.2941 168.8799 1
144.7913 232.2461 1
148.3886 219.2896 1
144.1458 246.4067 1
100.1821 133.1453 1
137.5698 70.6693 1
100.1696 115.8841 1
127.3056 117.7795 1
109.0193 130.0658 1
135.7258 186.6985 1
151.6074 202.3483 1
134.5045 2.8752 1
180.8127 69.8329 1
163.6252 146.3805 1
131.2519 155.0950 1
147.1457 69.0872 1
123.9338 198.2973 1
156.8646 239.9182 1
129.1407 14.3803 1
103.2178 150.9089 1
163.1094 246.1246 1
154.0559 12.0765 1
102.1805 169.5447 1
143.8608 180.0985 1
143.7543 134.2400 1
104.6289 122.7172 1
117.4592 151.9638 1
105.3955 246.1163 1
163.4675 124.8567 1
176.3781 171.7210 1
171.1491 222.6837 1
132.5618 234.1728 1
129.0757 249.7223 1
122.8287 59.8529 1
158.2707 178.1592 1
175.8524 43.8752 1
123.8501 233.8348 1
111.3454 247.2767 1
103.7099 55.8461 1
180.2995 15.9981 1
138.0113 66.1833 1
183.6838 104.1249 1
165.3629 75.2059 1
125.6629 158.2975 1
107.8896 229.9442 1
141.2260 95.1945 1
135.1946 47.9367 1
150.1414 30.3218 1
169.7764 232.5412 1
158.7363 139.2817 1
107.5751 17.5880 1
113.0706 182.8955 1
163.1582 100.9309 1
159.4914 109.2579 1
124.8443 106.2136 1
115.4689 115.5248 1
165.0461 149.3368 1
148.1765 113.4288 1
181.8495 89.6632 1
177.5415 245.6302 1
167.7239 162.1837 1
125.0333 183.0443 1
143.2385 212.0123 1
121.6167 49.3514 1
140.2362 185.1399 1
156.9230 204.4980 1
157.8892 3.0278 1
137.8013 102.8025 1
149.7043 56.7997 1
131.1022 242.5349 1
122.1103 245.8469 1
143.3307 5.8058 1
137.4749 122.9781 1
177.4008 56.7129 1
120.5162 103.3840 1
166.5174 9.3090 1
154.9961 105.5950 1
142.3295 46.4426 1
182.8199 51.4022 1
138.4743 140.0668 1
129.7565 166.6591 1
144.3442 11.8015 1
121.5059 27.2098 1
125.7851 72.4858 1
145.6566 34.1420 1
140.5336 79.9216 1
107.0329 102.3204 1
108.6398 250.1661 1
149.9713 119.0644 1
101.3534 118.8430 1
169.7645 1.1622 1
171.4372 194.2741 1
147.5325 106.4733 1
124.0205 138.7272 1
151.2324 250.1092 1
130.6028 86.0106 1
111.7722 80.9108 1
158.8902 58.2388 1
116.0050 193.8988 1
116.3742 206.2610 1
169.5591 23.0969 1
162.9999 228.0487 1
