216.0944 63.7566 0
240.5440 200.4969 0
230.7857 101.2635 0
197.1698 237.4396 0
214.9703 211.7905 0
249.1534 113.1531 0
187.7115 46.5697 0
217.7487 203.5188 0
217.7972 224.8977 0
237.0374 65.9255 0
192.4028 234.9710 0
227.8851 131.2152 0
202.2912 15.2409 0
249.4551 226.8163 0
201.1761 141.1017 0
231.6841 78.2767 0
188.8150 119.2782 0
239.1398 187.7122 0
230.8726 27.5393 0
208.6369 136.2778 0
218.0376 166.0221 0
245.8974 108.9645 0
213.0531 150.6874 0
229.1396 68.4746 0
235.0151 206.7855 0
217.7715 108.7084 0
234.8506 75.0829 0
226.9594 24.7378 0
231.9626 109.6763 0
231.0251 118.7590 0
233.3912 169.9486 0
176.8752 209.9101 0
241.6573 54.1385 0
240.1700 126.8439 0
182.5314 214.1096 0
197.5660 125.0300 0
221.0721 20.0862 0
205.5728 19.7146 0
205.1088 95.4218 0
232.8797 1.1756 0
221.8174 216.6789 0
213.8963 183.7852 0
192.9754 114.8239 0
233.1507 188.5407 0
192.0401 106.7332 0
229.4402 181.2250 0
199.2699 204.4446 0
217.7482 23.1763 0
184.0688 240.6632 0
234.2538 18.4736 0
214.9544 99.3265 0
198.6535 42.9314 0
239.1551 157.0502 0
218.8733 156.7757 0
224.9906 143.6291 0
238.8970 178.8887 0
240.8539 62.6960 0
235.4434 61.2023 0
244.0173 205.7826 0
236.7934 149.0963 0
244.6747 28.0951 0
207.6295 172.3369 0
213.0332 117.4370 0
237.1642 22.4442 0
227.8184 189.6838 0
207.7400 47.1773 0
248.9839 192.9648 0
198.0870 101.4490 0
194.8484 110.7582 0
228.4076 39.0051 0
245.7673 169.2756 0
200.7923 249.7579 0
188.2976 93.2527 0
245.1474 238.2197 0
188.8574 126.6500 0
239.4467 243.9293 0
222.8403 199.8833 0
174.5473 216.4857 0
208.0037 120.9450 0
226.8842 218.1988 0
188.6610 146.8698 0
193.7911 24.7311 0
235.6780 135.0095 0
217.2808 87.7105 0
218.0318 134.1409 0
234.9956 233.9340 0
193.8289 85.4433 0
198.3390 145.3273 0
202.2963 226.9658 0
195.0896 201.7177 0
145.3251 175.6265 0
224.5117 0.9279 0
203.8142 198.3569 0
172.9420 135.8953 0
201.2529 162.0916 0
247.4374 183.6658 0
196.8607 32.7776 0
232.5765 92.5287 0
248.8611 130.8905 0
179.6674 150.8770 0
223.5111 163.5871 0
206.1602 212.6039 0
197.0592 89.9923 0
250.3248 60.6588 0
203.9336 45.1618 0
198.6949 23.0568 0
241.5148 166.8046 0
204.5438 6.1295 0
250.4448 21.3709 0
215.5424 242.0058 0
223.3846 172.1018 0
231.4343 237.8252 0
230.5221 226.0655 0
245.0504 88.6463 0
217.6204 188.9694 0
241.8534 95.9249 0
221.3165 229.5487 0
211.7242 55.7359 0
215.0031 70.3558 0
197.5260 180.2474 0
193.8695 97.9339 0
188.7938 15.0973 0
184.2598 36.5756 0
198.9211 120.6720 0
194.1760 219.2060 0
192.6700 246.0872 0
178.9369 14.7345 0
205.6829 180.0380 0
204.8554 66.7570 0
219.8270 123.7043 0
243.3553 190.7102 0
205.9729 72.1340 0
241.7786 100.4650 0
222.8996 56.2796 0
200.5076 132.2665 0
239.7317 138.9791 0
240.1979 230.5624 0
207.1013 129.3266 0
211.9770 28.6074 0
187.5783 70.1513 0
242.4986 38.6564 0
184.5636 177.8391 0
180.3073 137.1379 0
187.1754 188.3147 0
206.2272 149.2521 0
190.5303 74.8366 0
212.3192 80.8826 0
230.5501 54.2886 0
196.4930 187.2490 0
198.8387 155.3994 0
219.3747 114.0042 0
204.0526 222.3755 0
184.1119 129.4266 0
183.5872 184.0851 0
244.1731 49.3323 0
243.1633 84.2016 0
249.6317 206.0406 0
198.6554 171.9987 0
246.4970 156.7080 0
209.4158 75.4901 0
203.4199 172.0010 0
177.0987 113.1786 0
211.5505 194.0327 0
225.1528 82.4086 0
206.5423 236.2523 0
185.0123 192.7846 0
213.4585 206.2704 0
208.6176 243.6614 0
219.6917 195.3011 0
230.8369 87.7719 0
222.0476 32.0960 0
198.0766 227.8944 0
206.4447 40.5913 0
245.6042 118.5322 0
232.5439 199.8467 0
243.0084 143.0621 0
213.2033 158.3168 0
231.0693 32.4567 0
182.6557 202.1183 0
188.8109 141.3288 0
225.5369 15.8402 0
199.9507 8.7330 0
212.5018 40.2557 0
188.2832 170.8187 0
215.3573 126.4514 0
223.1446 50.4436 0
184.1258 19.8018 0
222.4452 180.6437 0
216.7734 36.9110 0
223.5585 40.5138 0
190.6329 3.2876 0
221.8657 205.5971 0
228.3929 171.3580 0
213.8294 233.0793 0
185.8326 10.7891 0
199.0262 219.1541 0
229.9860 123.1359 0
211.5981 217.8887 0
241.9660 2.8853 0
223.6973 187.9109 0
203.4210 82.3113 0
239.2953 214.6537 0
245.1764 71.0601 0
223.4082 100.5247 0
216.2371 11.5754 0
203.2837 32.1654 0
186.2812 249.9037 0
234.9832 84.1760 0
245.5868 123.0447 0
191.9079 49.3422 0
231.5567 46.9487 0
202.7746 59.2333 0
186.1671 210.2230 0
249.5972 13.6442 0
193.0272 161.3154 0
195.6526 194.9117 0
197.4911 61.8497 0
240.5459 116.1977 0
249.7304 7.6486 0
218.9961 74.8905 0
179.9338 124.6950 0
187.3701 59.2729 0
230.7311 9.4259 0
218.0348 48.2103 0
228.6890 113.8430 0
184.4663 225.1986 0
227.2001 209.8146 0
217.9700 6.4520 0
197.9189 193.0412 0
186.2240 61.2477 0
248.7328 48.2148 0
204.3953 89.9329 0
192.6527 211.4257 0
239.5175 222.0432 0
201.0561 149.6564 0
223.9844 244.8446 0
175.3300 144.5314 0
205.9832 107.2883 0
243.9525 214.4593 0
203.3782 114.6359 0
249.2822 235.6747 0
232.5674 145.1105 0
211.4002 142.1613 0
228.9567 152.4872 0
191.4124 177.6430 0
226.1661 64.5996 0
210.2446 110.2052 0
195.6119 250.0533 0
212.6666 248.8749 0
221.1229 243.9437 0
248.6204 221.4905 0
196.0488 71.2450 0
198.1686 79.0278 0
232.3608 162.6201 0
238.1404 35.5907 0
207.4719 190.1227 0
189.6928 153.0584 0
248.9043 176.3819 0
221.9735 152.8956 0
107.9286 249.3335 1
177.4073 6.2830 1
138.9562 58.6506 1
113.6400 62.2024 1
102.1815 128.2929 1
129.3687 95.3087 1
167.0704 157.3033 1
130.4128 44.5152 1
167.8589 52.9039 1
128.6233 38.3080 1
112.1697 123.8797 1
136.4167 206.1297 1
129.9501 224.8267 1
140.6028 154.8741 1
144.5637 140.7551 1
168.0370 111.5410 1
146.9232 83.1287 1
146.9845 23.1126 1
118.4115 117.6744 1
169.6193 212.4380 1
109.1371 199.4450 1
153.8814 164.8197 1
133.1379 208.9512 1
175.6835 243.7351 1
106.2585 172.6199 1
162.1851 218.9323 1
146.5813 148.5882 1
101.5611 146.0439 1
130.9138 128.0511 1
123.4360 18.5254 1
173.9334 80.5349 1
130.9335 61.7240 1
161.3181 184.5849 1
161.5776 198.5700 1
176.3418 154.8082 1
111.2307 219.0557 1
157.7406 95.2979 1
106.4707 33.7096 1
155.9246 18.0900 1
106.8590 187.2686 1
152.5929 16.1878 1
119.8476 171.5633 1
178.4405 72.9813 1
132.7140 14.2691 1
183.1000 102.0464 1
136.3359 79.7826 1
108.5620 69.4616 1
149.3628 104.8070 1
161.5151 179.8760 1
168.5773 149.3884 1
123.9699 27.0439 1
106.7689 136.6035 1
102.4362 88.7950 1
109.6000 54.2057 1
114.0937 170.4312 1
149.1618 191.8684 1
177.0882 195.2892 1
116.8120 248.3350 1
156.0140 183.8627 1
142.7889 35.5906 1
166.6036 141.6534 1
140.1895 248.3659 1
111.7546 139.5994 1
153.4238 89.6085 1
150.7173 70.1912 1
111.8627 213.2426 1
142.5706 226.4252 1
135.8172 136.4689 1
178.8818 66.6895 1
127.9300 133.6695 1
103.4713 44.4804 1
129.9389 193.5867 1
152.5048 131.3993 1
166.1603 37.3563 1
106.8646 221.2275 1
179.1955 162.2274 1
167.1523 189.7021 1
151.7895 41.1420 1
170.2930 62.2048 1
111.5295 111.6023 1
159.6317 137.8205 1
175.5817 225.3640 1
138.8703 28.1774 1
158.9886 153.7979 1
109.8378 119.3385 1
122.4734 181.0519 1
129.7619 83.9224 1
150.0725 208.4272 1
146.7261 88.6318 1
116.6091 72.2173 1
172.0574 187.3749 1
160.3652 170.8044 1
126.4474 159.2031 1
171.1948 88.2135 1
134.5317 53.4209 1
109.8726 234.0686 1
115.7590 239.3892 1
118.0769 8.2826 1
138.9978 194.2271 1
152.4354 23.5419 1
110.2122 82.2673 1
135.1198 126.3456 1
117.4580 95.3019 1
130.0139 110.3854 1
160.6418 11.1907 1
171.0670 72.6065 1
114.3636 183.3166 1
100.0458 231.6490 1
169.5605 81.7841 1
120.5992 57.2041 1
136.0234 98.3574 1
171.0550 28.2147 1
152.7400 203.3106 1
142.1483 146.5610 1
113.1681 22.2817 1
137.6761 45.0750 1
156.5311 60.4717 1
119.7883 35.1174 1
180.2701 180.7706 1
155.7381 50.9340 1
119.2853 87.0724 1
158.4104 65.9370 1
169.9216 103.6611 1
148.3790 231.9608 1
161.0793 78.2266 1
142.3426 205.0631 1
104.8919 202.4320 1
175.2412 32.7265 1
129.0277 147.3142 1
133.7192 70.4787 1
131.7982 178.7796 1
168.0934 3.2937 1
149.8378 11.3571 1
114.7248 29.9839 1
113.2686 190.3846 1
181.4278 166.7881 1
124.5665 110.9163 1
142.4462 213.2256 1
149.1804 223.9443 1
114.1461 227.2202 1
117.0278 135.1785 1
137.7449 66.2760 1
126.2113 106.7593 1
125.6736 98.9942 1
138.7313 174.0297 1
120.0148 223.0470 1
162.0496 170.9149 1
135.1099 242.3697 1
181.8975 80.6338 1
153.5315 140.7234 1
118.2605 150.1457 1
157.3013 48.9585 1
134.2406 218.7910 1
141.8670 233.0000 1
132.5280 6.5189 1
107.2918 152.4145 1
164.9458 227.7585 1
165.0737 17.0063 1
125.6918 177.1220 1
131.8050 153.8507 1
121.3332 126.9003 1
101.9114 107.6383 1
114.8544 159.3542 1
156.1670 122.1071 1
169.9138 175.9135 1
155.8693 217.1749 1
122.8571 235.1444 1
123.7962 243.0573 1
121.8469 43.4665 1
171.2580 166.2704 1
181.1159 31.4598 1
101.6137 227.4503 1
107.2237 45.1528 1
174.4653 13.8181 1
150.8288 58.9016 1
185.3728 106.7507 1
152.8602 82.1929 1
139.7278 185.7412 1
153.1365 112.8387 1
136.1697 32.0427 1
142.4137 5.8143 1
152.9053 223.2125 1
169.8295 123.8427 1
148.1076 199.1808 1
172.3928 105.6993 1
165.6903 120.0081 1
129.9837 72.9691 1
126.8511 84.6486 1
162.6378 128.5046 1
141.3245 89.8994 1
177.8093 97.0713 1
184.6156 234.5219 1
156.7486 149.0943 1
108.4896 96.2992 1
116.4060 199.4181 1
149.7829 184.7638 1
110.1387 2.3248 1
105.3173 82.0705 1
113.5906 38.8703 1
140.9032 164.7031 1
153.3189 177.2762 1
170.1695 237.2791 1
167.6887 91.4008 1
153.2274 30.0687 1
111.4873 179.2098 1
126.5406 209.0284 1
102.7474 212.1143 1
128.3111 2.6796 1
151.3478 239.8483 1
130.1411 139.5255 1
166.2519 65.3172 1
157.5645 105.7575 1
156.7057 7.7041 1
148.5284 74.4423 1
158.9569 30.7714 1
174.9755 45.0179 1
145.0247 135.9623 1
110.1073 144.8274 1
150.4321 247.1620 1
107.4962 162.7413 1
137.3991 13.3442 1
119.7843 67.6277 1
158.7258 36.8685 1
141.0696 73.6468 1
100.3931 93.1664 1
142.0312 122.8120 1
120.5780 114.0529 1
158.6408 225.7266 1
171.4495 199.2703 1
160.6332 115.3122 1
127.5263 120.1165 1
166.7131 241.8972 1
122.6763 79.3139 1
112.3025 57.7823 1
170.1403 40.6693 1
108.8025 168.5605 1
104.9424 25.1804 1
118.6083 211.2822 1
134.3113 199.3102 1
173.6250 23.6739 1
162.7497 244.2076 1
