243.9533 35.7123 0
232.9485 179.0254 0
227.6199 101.0127 0
212.1893 212.6824 0
248.1792 199.6204 0
218.6606 190.6974 0
219.5958 50.8181 0
236.4225 53.8801 0
219.5404 184.5330 0
230.8789 208.3401 0
222.7649 213.2748 0
216.7834 128.2054 0
237.8110 219.0810 0
199.1839 120.2968 0
240.3819 88.2571 0
186.6544 57.9709 0
187.0395 119.7842 0
205.0095 145.3251 0
238.4062 110.1933 0
182.6370 144.2129 0
248.2940 57.2092 0
219.1595 78.7350 0
230.8277 62.3871 0
224.7687 109.7607 0
226.8931 84.4062 0
226.4430 128.7453 0
209.7038 200.2466 0
228.3882 116.9761 0
210.2654 175.9227 0
220.4204 87.2552 0
245.0918 51.6751 0
233.2054 220.3145 0
235.8381 237.0525 0
227.2574 66.2929 0
227.8996 242.1935 0
200.9264 154.2484 0
194.5351 55.2789 0
238.1395 136.6846 0
228.3608 22.1283 0
200.5067 217.3526 0
200.7414 229.3291 0
189.8413 77.0355 0
246.9698 8.3057 0
250.2810 115.4150 0
177.1568 121.4541 0
221.9794 126.3500 0
247.7745 131.1142 0
244.0300 164.8030 0
228.7297 139.1671 0
235.3453 70.4157 0
249.6637 163.6837 0
232.5464 7.6582 0
202.3913 93.6506 0
198.5382 107.5266 0
248.1392 146.2122 0
219.9043 229.2668 0
202.4542 52.9329 0
174.1657 113.2071 0
245.9754 181.8462 0
205.4953 221.0296 0
220.2395 104.5622 0
218.7382 200.3824 0
199.9259 113.8489 0
248.3169 238.5596 0
212.2534 113.5139 0
240.0131 63.7191 0
208.8864 101.8929 0
205.0671 69.7953 0
180.5878 116.9385 0
215.0064 221.5175 0
185.9255 148.3254 0
239.2183 211.2544 0
196.8525 139.1173 0
191.7915 86.4930 0
219.4538 165.0334 0
244.0871 172.9943 0
214.9586 20.4865 0
239.8879 101.1852 0
218.4311 116.1082 0
191.1573 108.8846 0
238.7905 132.1788 0
204.2829 167.6658 0
211.6739 49.6099 0
234.4535 14.8092 0
240.6407 237.5706 0
250.7827 137.3683 0
242.8054 138.6732 0
211.1603 246.6803 0
231.5121 213.4634 0
205.8673 119.6505 0
246.1362 80.0170 0
238.7342 201.3908 0
229.3279 171.6979 0
235.2397 104.2519 0
226.8962 192.5522 0
232.1305 53.6531 0
234.1218 164.3960 0
209.4453 40.2263 0
223.2266 239.2914 0
213.9586 8.4124 0
205.7200 59.5676 0
199.9949 184.6837 0
230.5357 235.3542 0
209.6187 234.1226 0
216.7244 34.2874 0
216.3811 97.3547 0
242.1032 32.2179 0
204.3797 78.6766 0
244.3264 124.7717 0
244.6015 107.0552 0
217.8298 70.6930 0
214.5031 12.7841 0
190.0706 100.8672 0
198.8809 103.1153 0
220.9043 174.2413 0
219.6476 136.1769 0
226.2799 31.4131 0
246.9668 94.4937 0
246.4755 69.6849 0
222.9661 161.0788 0
202.0099 140.6759 0
225.5801 76.9979 0
213.9725 196.0291 0
209.1943 85.6858 0
212.8180 170.5143 0
250.6029 98.9319 0
186.1857 131.5612 0
240.9185 155.9519 0
239.7540 39.3957 0
222.0786 151.9823 0
194.9155 74.9763 0
226.8048 159.0904 0
226.4223 46.3758 0
226.2455 232.6193 0
213.3497 157.2043 0
216.2904 177.3748 0
215.4706 239.8533 0
225.2191 177.1477 0
235.0707 74.8145 0
194.7878 207.9856 0
232.5607 249.2107 0
179.0227 137.9604 0
193.4922 165.3073 0
198.4593 90.6832 0
224.1103 248.2754 0
181.2427 106.4089 0
211.6829 83.0606 0
206.9341 18.4669 0
238.0572 148.8897 0
241.5985 2.5556 0
241.4155 245.6023 0
209.6193 189.2251 0
233.8787 93.0133 0
238.4527 183.4681 0
232.1876 132.6082 0
246.7915 219.8746 0
215.0749 3.2499 0
199.1014 192.8197 0
232.4504 84.6335 0
227.1590 224.7092 0
234.6037 123.2323 0
246.3163 214.9310 0
213.1832 145.6405 0
199.0205 64.4530 0
238.5211 192.0785 0
223.4626 58.9250 0
192.7144 63.8825 0
246.0616 225.4952 0
207.9944 209.1946 0
229.6360 49.7556 0
234.3102 117.4413 0
236.2356 29.5358 0
243.9916 22.5743 0
203.7141 204.6538 0
201.2618 132.6210 0
248.6823 88.9581 0
190.9903 149.0430 0
224.0564 19.4025 0
223.5600 121.1074 0
224.2029 38.5467 0
210.1384 70.8024 0
222.9282 4.9218 0
238.1828 47.0516 0
244.9200 16.4763 0
226.2391 94.0363 0
206.7913 242.5133 0
226.0586 200.0846 0
221.9055 223.5500 0
201.7186 163.3527 0
240.6068 13.6929 0
213.8859 61.2000 0
214.9957 207.9239 0
211.6335 137.7494 0
244.4875 207.6644 0
191.7896 96.0485 0
199.6002 81.7508 0
250.2068 190.1178 0
214.3250 79.0616 0
244.5014 115.5107 0
223.4227 146.6674 0
221.0739 141.1467 0
210.4702 162.5542 0
250.9143 41.5631 0
216.3284 43.9924 0
244.7163 230.8831 0
203.7331 227.5060 0
229.5239 185.6708 0
222.1947 10.4365 0
219.3488 25.8459 0
210.0176 121.9753 0
239.9290 172.7149 0
194.5684 129.2161 0
230.1219 144.6080 0
116.2930 227.0512 1
106.5685 204.9049 1
199.4330 239.4041 1
129.5139 62.1349 1
116.0204 138.2994 1
115.8836 225.0766 1
119.1613 6.8183 1
136.7275 165.9329 1
110.4880 122.2281 1
133.5719 193.8153 1
157.3758 69.5211 1
155.0925 197.6585 1
161.2670 3.2535 1
105.2676 60.6789 1
138.0846 93.6839 1
140.2251 74.0521 1
151.6368 115.4065 1
118.2627 221.5544 1
136.7119 184.2973 1
144.3361 104.2879 1
127.5798 191.9485 1
105.3009 147.4471 1
130.9430 110.6396 1
129.0721 83.3121 1
190.5715 17.6125 1
118.4037 197.1193 1
132.1700 127.4436 1
140.9530 140.5367 1
145.2800 217.5804 1
126.3135 161.9566 1
176.6057 195.4440 1
189.0803 182.2375 1
185.2658 226.9630 1
128.0161 171.5765 1
121.4213 243.2796 1
149.7825 172.0617 1
131.4019 45.0110 1
199.1862 43.9773 1
162.5293 97.4797 1
133.6988 222.3457 1
155.0283 171.1362 1
124.9449 15.6356 1
137.2851 121.4659 1
111.5370 18.8389 1
117.0183 13.6972 1
139.6900 0.9563 1
157.7225 204.6052 1
118.4113 23.3953 1
110.7858 81.1763 1
168.2200 146.1565 1
146.0441 86.8973 1
109.0871 224.2578 1
182.7421 80.7709 1
121.2629 38.8642 1
114.7364 112.8023 1
131.8396 56.3840 1
114.3099 92.2291 1
105.2398 170.0574 1
140.7814 152.6779 1
164.8973 110.9274 1
135.6169 141.0742 1
145.2534 14.7494 1
108.5073 107.7452 1
124.2251 181.1529 1
113.1657 40.8291 1
112.9475 4.5339 1
141.9884 208.6595 1
119.9090 173.6149 1
191.5741 218.8978 1
137.1736 170.7130 1
153.9996 219.7423 1
159.7284 242.7564 1
152.1248 157.3294 1
175.4604 76.8626 1
127.9682 147.5917 1
107.4508 28.6397 1
161.8622 156.4469 1
180.0807 91.1836 1
154.3369 101.0598 1
118.5627 205.1626 1
155.2684 54.6626 1
154.7516 144.2407 1
164.3135 9.6617 1
125.1813 98.8503 1
107.4135 199.4037 1
184.3938 210.8941 1
157.5321 175.2123 1
147.9718 4.1563 1
200.5445 248.5604 1
131.3860 201.6010 1
181.4309 167.8249 1
155.2673 189.5151 1
159.1494 21.4128 1
199.1659 17.6405 1
109.8373 42.4280 1
137.3503 57.0216 1
159.7588 128.3274 1
192.1881 238.9806 1
100.9988 194.0621 1
174.0978 7.8368 1
171.4509 86.0024 1
147.8164 130.0439 1
145.8560 27.5570 1
154.3074 32.5607 1
168.8273 73.5228 1
160.9774 78.6639 1
172.2831 54.3740 1
152.0208 229.6687 1
154.7688 182.5116 1
128.8724 120.3155 1
149.8585 65.7512 1
151.1994 107.2596 1
141.9385 39.9550 1
173.8161 224.5086 1
108.5772 24.5328 1
141.0166 16.0265 1
149.4207 72.7504 1
153.8876 131.2884 1
146.8177 160.3352 1
148.5477 49.5937 1
122.0655 108.8255 1
182.0612 10.9346 1
171.0278 103.3690 1
168.8144 178.0739 1
121.8928 58.2245 1
101.9226 237.7122 1
110.1829 77.0228 1
144.9586 179.8074 1
104.9561 98.9910 1
131.7421 233.3718 1
148.2010 122.8686 1
179.3077 231.0878 1
120.3524 72.4786 1
160.3777 133.2139 1
145.8843 192.0654 1
101.5750 36.8661 1
148.9524 241.0236 1
141.4040 60.8368 1
100.0515 5.6357 1
131.8564 184.9670 1
123.1339 48.8371 1
178.0425 155.0637 1
167.7120 162.3400 1
162.9343 48.3014 1
137.2818 31.8582 1
206.3006 23.0493 1
163.1394 84.8329 1
178.7502 52.5616 1
178.9801 242.2083 1
177.7248 61.1647 1
177.8108 184.5550 1
154.5612 14.8670 1
166.5136 218.0756 1
105.1664 78.6057 1
155.6530 214.8492 1
151.1986 241.5157 1
135.1796 16.8560 1
133.1716 155.7605 1
185.0617 39.7154 1
129.7369 211.6225 1
114.3367 204.3976 1
172.3962 137.4127 1
111.4843 126.7359 1
177.2264 200.3785 1
160.3647 234.8158 1
189.5661 201.5484 1
169.0202 23.4274 1
115.7961 82.4052 1
105.1980 89.6494 1
157.9756 73.4866 1
116.1287 153.8218 1
174.6817 158.6545 1
111.9853 236.9857 1
135.9568 37.9846 1
193.9288 213.2196 1
123.7717 191.6585 1
187.2971 247.5890 1
158.6017 90.8705 1
138.1734 111.4921 1
123.5622 120.6408 1
208.1191 31.3765 1
199.6326 198.7999 1
106.3572 35.3409 1
176.5454 215.9965 1
181.5824 237.4072 1
172.1628 170.3349 1
114.1420 145.5848 1
114.7348 164.7186 1
129.6796 136.1962 1
105.4086 221.2187 1
171.5868 128.0587 1
166.5527 128.8264 1
188.4297 177.7134 1
142.7816 231.5546 1
140.2470 244.1771 1
164.1217 37.9223 1
141.1674 128.6013 1
162.2698 197.3493 1
171.4274 42.5439 1
179.2145 28.5806 1
139.5603 205.9429 1
135.4915 78.0312 1
166.6846 32.3591 1
168.7861 242.0051 1
110.3154 179.3714 1
178.5079 18.8456 1
191.3044 190.8521 1
149.4538 148.2836 1
174.1465 0.1702 1
103.8997 161.3713 1
144.1868 187.7696 1
166.2795 200.9962 1
118.4373 121.7324 1
144.1855 83.4640 1
173.1050 207.3336 1
163.9371 106.2249 1
158.0037 139.5572 1
120.3647 129.4719 1
120.8477 164.4933 1
153.1915 80.9401 1
159.6828 162.7852 1
111.9199 161.7659 1
159.6266 99.5769 1
183.2963 68.9607 1
193.0504 0.9654 1
179.0702 175.3622 1
188.7643 42.0437 1
145.0557 244.7365 1
170.5801 149.8374 1
168.2106 230.1391 1
108.9756 242.7156 1
198.9372 28.5385 1
142.8318 98.8184 1
131.5735 25.9338 1
104.9839 3.2540 1
171.1255 237.1271 1
133.1057 102.3788 1
103.8027 230.9301 1
181.2586 99.0425 1
101.9254 208.8480 1
194.7393 169.2530 1
107.4961 188.4044 1
130.1055 5.9290 1
130.4085 244.6859 1
173.9055 95.3572 1
202.6197 11.1404 1
159.1271 107.9246 1
158.3192 29.0201 1
112.0329 64.9672 1
205.1594 6.8211 1
116.7098 82.1644 1
142.6775 93.6650 1
109.3559 98.7448 1
152.6133 91.6064 1
169.4206 184.6303 1
179.1461 46.6730 1
188.5394 33.2205 1
167.1132 55.4431 1
119.7228 34.8356 1
185.5278 156.6417 1
118.7527 105.0133 1
162.6865 209.7540 1
168.8479 115.9193 1
103.1183 131.8163 1
102.8483 48.1675 1
119.9580 183.8886 1
190.6749 9.6788 1
127.2804 75.3841 1
150.2745 0.0101 1
185.3738 49.5934 1
119.0141 147.7105 1
122.3633 213.4313 1
194.1492 51.3148 1
176.6170 35.5563 1
122.3304 232.3988 1
122.4104 238.1969 1
156.6142 48.3143 1
180.2900 220.3467 1
