220.8195 47.4150 0
234.0867 80.3786 0
219.7669 198.4030 0
232.4786 4.8259 0
233.0411 176.3948 0
241.4772 109.5332 0
207.7921 11.9409 0
223.4914 58.3195 0
213.4280 246.7268 0
220.7015 208.0847 0
203.6031 132.7294 0
181.7298 227.9972 0
237.5427 2.0905 0
202.5323 151.4465 0
207.0631 53.7151 0
209.6133 116.7119 0
216.4000 17.0260 0
231.3754 146.8218 0
247.7344 153.9870 0
217.9266 136.0386 0
247.6459 141.1208 0
240.6230 16.8806 0
230.3889 76.3177 0
208.2220 59.9631 0
238.6870 9.9190 0
220.6160 9.2887 0
242.8210 80.9168 0
234.7487 127.7719 0
219.6801 188.9434 0
207.9380 238.1892 0
199.7853 141.8630 0
192.3268 240.1814 0
182.4995 235.9933 0
206.4272 95.8061 0
215.8716 239.6006 0
244.7219 205.4435 0
211.2553 105.5237 0
248.1641 229.2670 0
216.3230 108.3928 0
211.8424 198.6337 0
228.6617 7.6078 0
212.3265 193.0619 0
182.5639 221.7028 0
247.2079 113.8448 0
234.9371 221.0963 0
211.5124 6.8679 0
249.2844 52.5250 0
221.4241 143.5867 0
239.5739 86.9844 0
246.9827 28.9784 0
232.9256 66.4055 0
228.2819 19.3780 0
215.3324 171.0384 0
226.4989 129.8731 0
248.4875 181.5686 0
195.5912 55.9977 0
212.8623 89.0596 0
195.0114 103.5646 0
229.4722 40.5408 0
191.4910 234.0082 0
197.2810 90.9983 0
229.4448 242.4859 0
166.5266 76.5315 0
245.2545 61.7175 0
246.2861 218.8396 0
190.8109 217.7087 0
221.1371 111.9144 0
214.9090 123.0045 0
238.4219 243.7147 0
212.5294 127.6684 0
179.9797 33.3371 0
220.9268 77.7946 0
227.0490 141.3398 0
197.3496 228.4942 0
189.0897 97.4957 0
215.0487 143.7651 0
243.7447 214.4622 0
241.6264 179.8585 0
210.5277 207.8705 0
242.4057 21.7369 0
207.1483 184.5828 0
180.7975 88.8474 0
227.2872 151.3338 0
198.9524 42.6783 0
247.0948 5.0162 0
241.1118 97.9283 0
204.5247 127.8221 0
225.8998 236.3936 0
220.9243 95.1487 0
249.6323 33.6334 0
203.3251 21.0001 0
193.7441 0.6259 0
199.0408 238.7464 0
204.6254 246.7039 0
232.8510 32.3922 0
244.0920 161.9952 0
237.5798 14.2692 0
228.2471 0.0613 0
216.3570 78.6201 0
238.5050 71.7697 0
240.7580 232.5606 0
187.3586 35.6846 0
184.3766 66.2207 0
203.3630 199.3722 0
175.9109 78.5901 0
184.2536 206.4976 0
214.1512 25.0336 0
202.6867 102.4268 0
238.4904 118.2178 0
191.0611 199.9799 0
200.8646 202.8018 0
177.3040 197.4659 0
246.2495 171.5898 0
203.2619 43.3956 0
212.9281 115.0033 0
187.3459 58.3351 0
233.8343 110.5025 0
209.8355 32.7360 0
209.7464 138.9870 0
191.4745 134.1141 0
216.2408 39.9137 0
191.3713 45.2372 0
226.5558 183.4025 0
239.5007 153.3694 0
218.3835 179.5760 0
243.0711 147.6862 0
189.1043 67.2664 0
248.2392 42.4978 0
200.5774 68.9632 0
225.4678 49.2752 0
211.6102 153.4179 0
225.1143 69.1226 0
240.3827 201.4400 0
197.0881 95.7068 0
215.9908 185.1741 0
233.8725 40.0185 0
241.7650 56.2473 0
224.2563 82.1200 0
209.1403 157.1265 0
210.3065 69.5104 0
199.5487 130.2942 0
207.9633 80.7929 0
233.1893 53.4611 0
229.7384 209.0606 0
209.5240 170.5613 0
229.2790 228.0965 0
247.1115 163.2399 0
227.5966 215.3659 0
250.6869 75.1870 0
221.5016 30.7965 0
230.5985 194.5273 0
222.5452 14.4189 0
226.9624 105.6653 0
227.3886 189.5645 0
244.4926 245.7455 0
224.8627 28.9160 0
186.2075 214.2073 0
200.9587 110.6215 0
225.6451 201.6205 0
188.3911 194.7859 0
208.6453 23.3822 0
227.7562 165.5650 0
220.2392 123.2805 0
205.4301 66.0559 0
196.3580 36.7021 0
237.5351 163.7962 0
213.2075 47.1322 0
241.7260 31.7838 0
194.5628 14.9368 0
240.9804 171.5964 0
236.7702 211.3285 0
204.5141 213.4310 0
198.2138 211.0164 0
230.9580 112.6617 0
235.0784 186.5147 0
228.6693 122.8629 0
230.4122 14.2460 0
240.8143 192.8837 0
217.7570 73.4722 0
215.5925 228.1849 0
235.0826 48.8692 0
213.8268 74.5779 0
203.0492 4.5312 0
218.2311 213.3566 0
175.5113 219.7982 0
203.5190 89.6315 0
221.2892 116.6746 0
245.5601 234.8350 0
210.4435 98.0129 0
183.8153 50.9295 0
223.1406 22.4369 0
201.8493 77.8295 0
218.1545 160.8841 0
237.2124 25.8507 0
226.0646 157.0356 0
243.6891 45.1344 0
235.8967 204.1136 0
245.5362 191.1538 0
195.1486 84.0154 0
214.4810 83.3344 0
247.6878 9.5114 0
216.7991 65.4517 0
200.4904 120.8799 0
187.7060 83.2286 0
216.6407 233.4544 0
202.9201 50.0302 0
227.4321 135.3655 0
178.2545 211.3880 0
241.4072 65.8421 0
226.0095 174.4262 0
239.4897 105.6273 0
247.1569 87.8716 0
192.8792 246.3230 0
210.5206 162.1330 0
200.2637 30.7500 0
194.2749 67.8329 0
205.5358 216.9637 0
223.0677 221.1088 0
244.3083 132.5744 0
212.6675 217.0246 0
218.3769 151.4683 0
235.9770 97.0096 0
237.8998 227.6115 0
193.9081 77.1017 0
242.0253 122.0917 0
236.8712 141.8324 0
190.4269 146.4867 0
235.7642 62.8042 0
227.6629 92.4259 0
196.0139 218.3911 0
205.2593 230.2016 0
204.8778 224.7315 0
196.2909 23.2020 0
171.2520 73.4712 0
216.3058 54.8997 0
241.1853 135.5908 0
246.0067 127.5677 0
127.8734 242.0800 1
143.9632 44.7208 1
170.3622 116.4037 1
125.4876 37.7181 1
108.9305 191.2110 1
167.9757 249.0574 1
170.2137 232.9010 1
105.1354 172.9440 1
110.9650 232.2181 1
187.0989 141.4162 1
157.1012 198.9993 1
145.8716 82.6792 1
153.9213 243.4468 1
108.2022 96.9189 1
131.5536 46.0149 1
109.5393 24.4457 1
169.9119 21.8172 1
138.6964 233.1799 1
128.6866 134.8036 1
139.4170 201.5698 1
191.2395 129.6046 1
111.3434 68.1374 1
107.9208 209.3408 1
146.7194 171.6573 1
181.9231 114.2428 1
171.7685 156.5056 1
133.6058 193.0180 1
192.2632 192.3608 1
165.5961 0.5440 1
184.9973 14.8094 1
136.8789 241.3879 1
123.5726 136.0197 1
134.2975 68.5514 1
178.7192 65.3253 1
127.1177 101.0999 1
158.4966 11.1940 1
161.1069 215.0103 1
170.5167 150.6628 1
108.5624 82.1401 1
147.6424 219.3109 1
173.9818 171.6541 1
126.3642 18.7904 1
134.5195 21.5843 1
112.8265 240.1018 1
170.5026 36.3599 1
160.5286 61.4230 1
124.2357 54.1949 1
174.6028 109.7493 1
115.1912 35.8055 1
148.9516 162.1631 1
128.7400 143.6459 1
165.3569 162.2335 1
138.3318 225.0456 1
145.1148 69.7923 1
147.0431 112.0032 1
198.3792 188.6235 1
119.5389 113.3657 1
151.0355 18.7238 1
161.9182 114.6142 1
109.5090 55.7668 1
144.6128 31.2843 1
180.7378 139.1889 1
124.6239 155.3552 1
146.3754 239.7004 1
137.8434 119.1001 1
160.5923 73.4277 1
174.8552 143.7840 1
116.2080 93.2934 1
106.9960 219.2118 1
156.5617 202.4802 1
149.2380 39.1364 1
155.5954 170.0072 1
136.8420 220.7517 1
142.4768 249.0240 1
162.2776 21.5479 1
114.9530 181.3766 1
126.9571 193.6093 1
171.8699 103.7218 1
155.7054 48.8302 1
107.5002 236.3017 1
170.3008 199.6865 1
102.7874 18.7054 1
117.7594 31.3026 1
152.2909 32.1788 1
116.3345 88.1974 1
176.0388 194.0063 1
148.0332 190.0376 1
126.7084 74.7513 1
200.2104 168.1078 1
170.1625 93.5122 1
153.0054 115.2400 1
122.3334 106.3135 1
192.4210 209.3928 1
141.4727 176.4998 1
104.0141 135.9849 1
137.6420 137.1667 1
185.1089 3.1033 1
146.6449 144.3813 1
165.7885 180.7464 1
125.7008 211.4106 1
157.6574 2.2026 1
101.0752 68.9137 1
155.8521 67.9204 1
125.2579 67.9326 1
158.5394 250.0139 1
156.4658 83.7247 1
159.6587 237.1408 1
153.7766 40.5837 1
118.0829 62.6174 1
137.9919 210.7642 1
166.0426 103.7636 1
129.8972 218.2134 1
144.4876 125.0660 1
131.1996 43.1535 1
134.2693 178.1752 1
134.3625 188.5749 1
155.7972 97.2417 1
122.1467 219.8909 1
178.4445 86.5217 1
164.3824 107.4178 1
126.1488 175.3532 1
126.1474 62.1850 1
184.2336 171.1972 1
159.2164 158.8103 1
121.1455 82.7234 1
112.2405 111.9840 1
189.4700 109.3151 1
159.3819 113.0298 1
116.3518 72.5537 1
118.6971 232.5248 1
173.6134 55.1597 1
176.8624 180.0045 1
153.9088 183.8708 1
165.9142 24.9704 1
161.2979 242.1559 1
104.9922 181.0644 1
171.6641 133.3377 1
161.4877 218.8198 1
160.6355 39.7918 1
173.7194 18.3186 1
104.4315 30.1068 1
114.5397 142.0369 1
126.0312 189.1776 1
165.9004 226.8745 1
148.7453 202.8936 1
125.7344 229.2731 1
102.5163 201.8222 1
155.6139 247.6222 1
140.1467 160.5826 1
137.8053 168.1642 1
146.7844 78.4343 1
149.9606 195.2906 1
146.9651 107.2605 1
139.4768 129.1665 1
169.4123 186.9900 1
114.4621 8.3494 1
175.8743 237.3523 1
145.2840 243.9167 1
174.1823 40.1407 1
198.0087 178.2581 1
117.4451 164.7026 1
155.6987 72.1107 1
109.0289 201.3514 1
163.6429 174.7527 1
114.9375 207.9614 1
176.6731 188.5925 1
146.1308 182.2052 1
103.4658 75.3770 1
115.5797 49.1940 1
165.5636 205.9642 1
192.2377 118.7173 1
138.1758 103.1950 1
144.1782 19.4592 1
115.3434 174.3545 1
129.8910 17.5519 1
136.4983 60.1570 1
109.6458 161.7635 1
105.4172 122.1572 1
182.1149 19.1871 1
122.0076 163.9636 1
149.4177 51.8861 1
123.4617 8.3735 1
166.6615 66.9969 1
170.3381 84.6307 1
134.2471 95.7736 1
150.0768 156.7258 1
180.3337 101.3806 1
128.0112 27.8469 1
146.3842 138.0394 1
170.7907 69.1322 1
115.6247 18.7414 1
121.3779 206.0309 1
157.6340 130.9168 1
109.6159 105.6951 1
167.6996 125.1092 1
182.9926 157.4535 1
127.2722 121.0620 1
117.6374 190.9453 1
146.0582 95.4963 1
145.9330 151.6017 1
152.5172 59.5649 1
191.7982 184.9084 1
126.1359 111.2954 1
182.5244 131.7565 1
119.1129 147.1237 1
120.3082 224.1520 1
133.1472 82.8175 1
138.8073 88.9466 1
105.3027 196.0084 1
175.6169 162.2605 1
191.6949 34.5632 1
151.7428 217.6119 1
175.6840 48.3400 1
105.6653 147.1380 1
142.8764 91.5242 1
127.3634 169.2343 1
158.3064 221.5825 1
153.8206 10.6158 1
130.0618 204.6898 1
161.4571 155.7978 1
169.0403 138.6090 1
186.8731 27.3817 1
163.2098 133.0036 1
106.8449 246.8902 1
114.0133 102.2733 1
143.4415 61.7427 1
115.0319 155.9700 1
133.9264 234.7676 1
135.0290 169.2613 1
124.6499 2.8898 1
136.1474 29.3813 1
135.7794 51.4875 1
100.5815 59.6898 1
151.3982 124.1784 1
149.0523 1.8893 1
126.2221 90.0964 1
122.4063 128.0663 1
177.5102 8.0642 1
117.1784 247.1142 1
114.2196 131.5395 1
187.2072 166.2666 1
147.9324 227.1274 1
160.6866 145.7249 1
192.3302 159.9917 1
126.1600 159.7039 1
163.6534 95.5130 1
107.4556 43.0753 1
139.6821 41.9749 1
110.3669 195.1921 1
124.2768 240.9557 1
168.7915 31.8263 1
162.6612 188.2219 1
