205.7950 97.4686 0
196.6315 94.5074 0
209.4392 10.8302 0
230.4074 49.3293 0
238.0054 133.9544 0
236.5271 248.1104 0
244.9979 95.4274 0
229.9105 126.1568 0
216.3622 21.3595 0
195.8835 21.8178 0
188.0744 172.0982 0
179.0301 108.3449 0
249.9448 77.1791 0
187.1029 73.1340 0
203.1856 77.5244 0
216.1979 155.5351 0
184.5214 191.9031 0
232.3002 92.9049 0
234.6899 224.2351 0
216.4906 2.1598 0
215.1165 101.4470 0
206.8792 159.9103 0
192.1569 197.1521 0
184.7225 147.1024 0
229.7444 228.3190 0
197.6983 185.0688 0
242.8109 3.0291 0
195.1680 75.8480 0
210.3611 176.5339 0
179.6660 113.7851 0
178.0586 95.2742 0
221.7044 147.8451 0
225.6103 14.7772 0
217.4817 232.1772 0
244.9079 244.5500 0
214.4256 142.9529 0
196.2795 169.9741 0
241.7769 36.0105 0
180.2022 242.1570 0
196.7533 15.1648 0
235.1682 75.3992 0
190.1472 8.9582 0
239.6386 15.2175 0
179.5242 193.9241 0
217.5707 200.2493 0
234.7740 66.3941 0
211.1701 43.8017 0
198.1691 58.0018 0
219.1610 114.5759 0
208.9735 41.2587 0
181.5812 164.6999 0
197.2017 131.7383 0
204.0932 189.3935 0
194.3801 231.0592 0
243.3870 67.0607 0
177.3555 123.9400 0
244.6025 141.4861 0
233.5485 202.0816 0
229.4113 241.7831 0
219.4189 67.3603 0
239.6805 100.7966 0
192.0108 45.2895 0
219.1636 170.8189 0
242.3569 201.5232 0
248.4848 86.8662 0
213.6903 114.0474 0
189.3481 0.9068 0
224.1055 24.1887 0
191.0781 130.6377 0
197.7006 210.5374 0
215.0759 196.0114 0
243.0356 223.8175 0
223.2456 75.2485 0
231.8298 192.1055 0
248.4700 205.5663 0
167.6220 99.8757 0
217.4460 226.6705 0
215.6311 246.6131 0
218.6034 193.0216 0
175.4156 144.9255 0
244.1602 99.9055 0
237.2339 19.2099 0
171.1740 199.5612 0
239.8971 45.7426 0
205.7199 18.1808 0
219.9651 61.9126 0
238.4337 169.2381 0
186.9906 122.7911 0
202.3674 207.8322 0
229.9364 59.5918 0
202.7840 27.4075 0
198.0554 125.4948 0
219.2871 40.1832 0
228.2358 38.1231 0
235.3082 8.2635 0
212.6750 121.2367 0
208.5129 229.6980 0
206.2690 140.3689 0
213.9574 62.2292 0
235.1163 240.0343 0
202.6849 179.6508 0
176.4390 101.3877 0
184.7077 183.3909 0
209.8764 150.7544 0
218.1512 74.3220 0
218.2909 187.2741 0
233.8788 83.0131 0
247.9892 91.7675 0
237.2671 92.1410 0
224.1334 245.9409 0
229.3932 156.6627 0
245.3940 50.7714 0
239.6307 159.4907 0
209.0733 165.7095 0
225.7384 101.4977 0
212.2626 217.5518 0
220.2855 32.0281 0
219.2283 180.0445 0
217.4473 52.1339 0
225.9686 57.2746 0
245.9875 219.5943 0
243.6461 58.5491 0
206.8153 200.2222 0
246.2637 170.8893 0
233.7393 161.6929 0
182.2740 9.9568 0
243.4048 180.1489 0
233.2771 211.3301 0
183.1329 95.8798 0
224.4505 221.3026 0
227.4611 95.9713 0
201.1719 85.0337 0
239.9442 229.8031 0
182.9364 135.2277 0
185.7062 234.1609 0
223.0720 130.9161 0
227.0714 185.5795 0
189.3816 208.5672 0
213.5948 33.5434 0
224.7316 196.8476 0
198.7425 67.1721 0
223.9430 181.2323 0
243.5044 123.3873 0
192.8734 178.2457 0
214.0298 126.1560 0
219.8140 130.4519 0
234.3050 105.1570 0
203.4752 105.1407 0
207.0910 121.5871 0
180.1367 226.8669 0
198.9038 165.3780 0
196.2877 148.1127 0
204.1328 248.1915 0
209.3256 235.2389 0
229.7397 114.1843 0
194.5574 220.8471 0
242.5221 72.0304 0
192.8151 81.4559 0
226.2716 232.4510 0
194.4474 117.9990 0
245.6624 29.2207 0
175.7805 228.9822 0
242.9324 240.3056 0
242.0406 145.2844 0
188.4633 59.8520 0
225.6050 4.3626 0
241.7851 108.6096 0
184.6493 217.5461 0
223.0013 49.4730 0
207.8832 52.1153 0
238.0525 54.9601 0
239.1713 196.5213 0
201.7743 112.9279 0
208.2991 196.4293 0
202.4498 217.4414 0
206.9805 93.3267 0
224.8244 117.4152 0
249.7887 116.9638 0
211.3870 181.5502 0
177.4027 131.4993 0
226.4160 122.3329 0
185.9448 155.8973 0
200.5913 38.8659 0
189.4737 21.1608 0
201.0083 237.1572 0
196.3482 48.4305 0
222.4057 206.7195 0
215.1613 94.6672 0
183.7045 77.0872 0
231.3928 216.4135 0
212.5930 208.7007 0
193.2149 55.8226 0
227.8597 138.3950 0
227.7438 147.2914 0
217.6319 79.2473 0
178.8291 160.4515 0
191.9864 140.2149 0
186.2081 128.7172 0
240.0279 208.0867 0
228.1432 207.3101 0
217.4912 8.4796 0
211.5434 238.6737 0
223.9087 160.6787 0
203.0614 5.7664 0
183.9502 84.2091 0
219.7792 92.7453 0
189.8028 99.9903 0
211.8831 136.3839 0
210.1980 58.3250 0
202.3956 242.0196 0
231.1362 11.7469 0
205.8486 170.6192 0
197.5614 27.9809 0
183.0317 151.3209 0
184.9959 19.6809 0
247.6326 154.1547 0
199.1860 98.0729 0
190.9468 242.9482 0
243.7820 7.8163 0
241.1427 133.4218 0
186.8305 112.6996 0
198.2343 103.0149 0
242.2704 82.1774 0
190.9268 106.8469 0
192.6085 34.1384 0
224.3303 237.1904 0
237.5862 187.8431 0
215.1047 89.7959 0
235.5159 232.1671 0
198.4422 202.2696 0
211.1850 72.7086 0
208.2680 205.5851 0
188.8635 163.5891 0
236.2485 32.3667 0
204.8826 65.3956 0
245.0775 249.5129 0
212.0851 106.9024 0
197.5280 228.8671 0
248.6182 16.9452 0
168.0023 150.1781 0
245.7865 236.3406 0
186.6647 93.1941 0
232.8186 139.0702 0
229.5181 85.6786 0
197.8947 138.8832 0
239.5553 78.4477 0
231.1987 32.5919 0
229.6813 167.2360 0
179.2051 0.5740 0
196.5537 112.7551 0
210.0433 30.1276 0
210.8347 15.8859 0
239.2900 27.1725 0
226.8995 71.9572 0
225.9952 109.2724 0
197.2017 248.9644 0
230.9348 3.3259 0
199.7951 156.3410 0
236.7889 174.8542 0
180.0852 143.7404 0
224.7590 87.9532 0
233.1983 178.2779 0
230.3211 21.5232 0
204.7838 222.0432 0
192.3474 159.5218 0
247.3156 158.6151 0
217.3501 158.4632 0
237.4519 120.0647 0
205.0070 127.3418 0
199.8604 11.8792 0
221.1437 142.9994 0
190.3354 190.7191 0
220.9827 3.6736 0
249.1219 42.3070 0
211.4641 23.3442 0
237.2555 152.9746 0
245.2659 192.5176 0
105.2230 98.0232 1
105.0426 59.1535 1
146.3043 194.8344 1
145.7316 211.6880 1
168.8206 26.8708 1
137.2240 138.5121 1
118.4476 147.3738 1
155.0872 124.7799 1
165.8328 154.1224 1
116.2180 122.4921 1
132.1227 89.4724 1
140.0561 115.0194 1
106.0631 168.8378 1
123.6430 241.0181 1
105.9810 190.2950 1
150.8339 96.6672 1
136.4353 203.5251 1
108.1108 133.9572 1
106.0872 161.0274 1
150.7131 76.0033 1
160.0154 208.7964 1
131.6078 225.1382 1
169.7391 224.7099 1
100.9325 192.2113 1
175.1661 49.2034 1
141.2894 73.1481 1
124.3348 30.7754 1
127.4701 49.3239 1
111.8599 143.2715 1
170.1750 114.8009 1
102.2202 79.9779 1
179.4983 64.6360 1
151.9918 218.3751 1
145.7464 27.5872 1
163.9365 69.6524 1
134.7529 81.9901 1
125.9506 41.1478 1
114.9700 180.3397 1
119.7230 8.9864 1
164.6198 232.4814 1
161.4920 183.5546 1
125.9707 202.3009 1
150.2696 113.4069 1
158.0886 60.7905 1
150.8983 151.4434 1
165.8151 42.7137 1
116.4889 47.7877 1
128.9895 30.7905 1
122.3192 114.7332 1
167.1747 205.3080 1
112.5617 112.0467 1
125.3533 168.0899 1
124.4385 6.1396 1
156.7659 133.7401 1
156.5571 37.8039 1
168.3291 54.3841 1
125.2436 65.5778 1
169.6045 73.5578 1
171.6349 87.6492 1
131.4751 73.5917 1
139.1784 95.6647 1
115.7008 210.0046 1
150.6167 146.5878 1
140.0845 175.2975 1
157.5190 107.8105 1
125.7242 218.5326 1
141.6777 67.5172 1
103.1295 181.7925 1
158.6954 6.9911 1
139.0777 11.3207 1
173.3385 232.0128 1
141.9057 222.1728 1
143.2577 233.1637 1
110.0757 70.7226 1
135.7461 233.5637 1
143.4215 137.8905 1
118.6503 72.6347 1
114.4183 11.2834 1
191.0618 63.1394 1
118.1785 116.9566 1
176.4864 19.7870 1
148.1661 187.8127 1
152.0198 130.4015 1
114.5978 226.4107 1
110.7529 213.0441 1
175.5317 199.9339 1
156.9508 176.2186 1
163.6683 19.9526 1
147.8108 50.4599 1
151.4848 14.6331 1
113.4688 171.7495 1
163.9151 114.5056 1
175.9689 56.4080 1
160.8048 244.6669 1
109.6376 49.4692 1
172.9921 187.4960 1
100.6013 71.6829 1
151.2064 55.6420 1
173.2550 123.7516 1
181.6277 48.1303 1
154.5869 0.1139 1
138.7612 170.2083 1
126.5118 97.7734 1
155.0188 91.5794 1
144.9213 126.1159 1
109.2759 184.7615 1
168.0104 217.7349 1
177.6516 39.7166 1
136.5848 193.6765 1
113.4836 196.4051 1
105.3536 129.7482 1
116.4122 174.8355 1
165.4298 140.2910 1
109.3993 92.3309 1
116.5192 93.8076 1
180.8656 30.9037 1
116.8634 133.3434 1
173.4479 69.4982 1
153.8992 239.5152 1
179.4344 209.3812 1
130.5941 149.2910 1
171.9279 178.1300 1
129.1938 22.0332 1
132.9771 114.7629 1
106.9899 223.0940 1
195.7589 38.4243 1
120.6840 97.0336 1
142.6754 240.5157 1
149.5143 166.7081 1
119.4307 216.9122 1
172.5566 31.2848 1
166.9228 166.4632 1
121.3736 133.1297 1
100.5357 6.9126 1
166.8060 243.6981 1
158.6052 54.1493 1
135.4425 183.4899 1
163.9083 106.3291 1
104.1455 148.8718 1
156.4981 203.7515 1
149.3043 120.7577 1
144.4321 38.1821 1
135.9292 41.4581 1
125.4861 194.2327 1
177.5276 7.3344 1
105.0709 227.9619 1
123.8797 89.2513 1
130.7114 124.9160 1
127.1391 179.5808 1
143.8484 118.6089 1
124.4943 140.2968 1
117.2094 26.0808 1
138.5729 31.9387 1
151.7841 9.1177 1
146.2810 92.0003 1
118.8426 232.0215 1
162.5001 88.8511 1
108.2641 40.8235 1
109.0669 84.6283 1
183.5311 53.6221 1
168.1128 12.9083 1
102.2346 110.6284 1
166.6618 194.7820 1
102.6614 210.7543 1
129.3467 210.2258 1
143.0225 79.4076 1
148.4320 178.7667 1
153.7981 231.1842 1
172.3562 245.1216 1
128.5812 70.2045 1
110.1822 3.7585 1
103.7983 247.5794 1
144.3738 202.7169 1
134.7850 110.6488 1
177.2197 75.2702 1
170.3026 2.8028 1
125.6258 244.6062 1
171.6012 214.6480 1
134.3620 216.8649 1
122.8061 55.2627 1
111.5244 155.6632 1
129.1568 12.0143 1
116.8883 143.6618 1
157.9465 82.2457 1
140.4342 249.0054 1
148.3112 105.0397 1
161.4438 99.1746 1
108.1287 21.1065 1
155.1748 71.7586 1
138.7188 146.1846 1
111.4112 64.4098 1
158.5370 11.4088 1
121.9549 211.0719 1
130.6706 157.7772 1
145.1381 84.7103 1
156.9642 120.3394 1
139.5578 158.1197 1
140.3304 61.8345 1
128.4549 80.2848 1
186.1209 34.2514 1
135.0730 49.4472 1
116.2783 77.2058 1
157.4864 164.5119 1
123.2993 249.4646 1
160.3547 170.8184 1
123.8657 155.3445 1
118.2081 39.1178 1
119.0223 0.5581 1
122.8458 106.8919 1
158.5910 30.0771 1
145.1480 158.5295 1
151.5541 162.5953 1
127.7182 113.5966 1
153.3200 201.3680 1
166.8537 122.6865 1
119.4045 60.1905 1
138.3077 103.0336 1
156.3125 144.3236 1
122.5594 181.8165 1
136.9306 125.2935 1
120.5840 15.9806 1
102.0044 123.1529 1
150.9955 24.9924 1
104.8915 118.5440 1
161.1015 220.6168 1
131.9545 236.5256 1
102.2555 30.7263 1
113.8911 1.8245 1
