221.2869 45.6099 0
191.7094 248.6469 0
217.4317 55.7648 0
249.1396 55.8122 0
231.6224 29.5780 0
202.1138 138.3211 0
191.7294 215.1508 0
171.0584 24.3081 0
217.5737 130.1277 0
199.3496 20.3367 0
192.4020 94.3542 0
242.6051 211.2102 0
218.6294 80.2514 0
218.8144 102.2130 0
222.6718 189.3167 0
180.3238 235.8348 0
224.5766 11.7447 0
205.4526 41.7355 0
226.0918 140.7438 0
216.7298 238.7395 0
200.6414 202.8023 0
189.2255 231.6768 0
230.5307 177.7630 0
242.7906 15.0638 0
237.8610 31.9675 0
187.5624 116.5188 0
202.2110 28.9553 0
246.6415 28.3187 0
208.3143 245.1496 0
193.9085 123.6228 0
193.3734 202.9688 0
209.7570 60.6333 0
115.1168 15.5273 0
227.5801 154.5754 0
233.1210 94.3867 0
205.2427 232.0569 0
200.8811 54.6376 0
228.9226 119.9418 0
232.3487 245.2541 0
227.6282 93.0478 0
240.2827 58.4907 0
220.6910 74.5501 0
199.2228 211.5394 0
215.9708 13.3364 0
174.0247 38.4081 0
201.7433 238.0285 0
193.7889 191.2005 0
239.1539 213.0049 0
207.2889 72.3011 0
216.5045 177.4071 0
242.0956 165.0488 0
228.1655 219.7358 0
239.9173 82.5527 0
183.4217 79.5436 0
221.6048 85.1288 0
219.1539 22.8719 0
239.7321 139.9255 0
230.8345 21.2497 0
242.6515 174.7122 0
165.0060 48.9406 0
230.8878 184.7910 0
234.3472 69.9049 0
176.4577 10.8547 0
243.0670 34.4614 0
247.2446 186.5583 0
227.9365 237.7511 0
234.4317 226.1966 0
238.0432 172.6096 0
234.1537 74.4376 0
249.4102 21.2983 0
215.9435 5.2683 0
217.7581 144.6328 0
215.7391 207.3169 0
199.8135 191.7761 0
243.0707 191.6466 0
237.4008 40.8278 0
200.6963 217.4582 0
221.4604 106.7115 0
248.8319 68.5083 0
207.6121 100.5271 0
247.0243 214.8311 0
224.7278 247.5133 0
201.0305 127.8780 0
226.7956 62.5424 0
229.7702 37.3183 0
225.6963 204.8961 0
222.7810 200.9326 0
231.7123 135.3414 0
184.5231 221.8215 0
206.8848 23.6865 0
217.5446 230.3601 0
250.2663 9.0342 0
205.4113 156.3146 0
224.7290 149.4554 0
246.4017 52.7452 0
235.7746 202.2298 0
178.7289 26.1631 0
227.6664 81.0792 0
244.8274 138.8169 0
221.4621 64.5992 0
187.5444 61.4463 0
227.8524 164.7549 0
243.6296 249.9437 0
223.3761 28.8845 0
181.4265 46.7998 0
243.9045 9.7452 0
176.7095 48.0572 0
211.9093 65.4251 0
192.5606 38.0810 0
245.9064 88.9386 0
197.0296 7.2232 0
249.2158 230.9683 0
207.2153 209.0957 0
212.8349 143.6269 0
201.0565 95.5336 0
221.7843 7.5551 0
212.5784 121.9425 0
211.8310 168.0544 0
158.1458 16.9086 0
205.7693 143.0030 0
191.8534 120.9659 0
225.0124 228.9305 0
209.0909 46.1529 0
213.1026 134.9068 0
202.0703 151.3596 0
203.5096 67.6326 0
224.1722 213.6869 0
184.2709 55.5724 0
239.3327 224.5098 0
237.1512 157.1040 0
184.1213 123.3791 0
239.7460 182.4748 0
223.5317 183.8901 0
196.6062 99.9755 0
222.1732 19.2004 0
190.4214 135.2994 0
242.7475 148.0989 0
247.9383 80.0090 0
187.1807 34.0285 0
186.3010 44.6928 0
235.3428 50.1192 0
225.6492 53.1323 0
198.9538 172.6396 0
182.8241 185.3861 0
227.2623 98.4057 0
214.8415 40.2587 0
199.0166 47.4873 0
205.4156 2.5772 0
235.5360 111.1632 0
240.8785 111.5004 0
222.8877 242.2776 0
238.3128 128.9145 0
210.1577 218.6575 0
242.6640 74.6680 0
218.1337 90.2407 0
196.9686 42.6494 0
219.1956 117.3777 0
246.1481 226.3151 0
241.6057 50.1790 0
247.0369 194.5110 0
210.0979 92.8354 0
196.5219 140.2645 0
222.7155 136.9321 0
201.2216 121.0966 0
205.4401 164.7013 0
247.3368 199.3772 0
237.2802 237.5671 0
182.9729 9.2546 0
192.0561 9.1625 0
208.4098 50.7106 0
244.1537 128.5182 0
182.4275 3.9455 0
230.0560 208.5066 0
194.3918 70.6513 0
199.6222 60.7892 0
234.3380 2.3369 0
211.7054 249.1598 0
214.0405 29.9434 0
236.6068 100.9353 0
208.4857 200.5995 0
231.8265 167.1379 0
200.7760 158.9684 0
214.5417 185.5026 0
230.2421 194.1748 0
193.2355 26.2249 0
212.3595 228.4261 0
215.7935 93.7620 0
190.3156 18.2970 0
204.0410 112.2803 0
233.2866 105.0122 0
245.2578 161.0418 0
197.7542 79.9596 0
204.2140 223.1629 0
199.6250 11.2717 0
250.0368 97.5899 0
246.6083 171.1508 0
186.2551 244.5646 0
192.5272 237.8818 0
199.7001 246.1665 0
248.5518 144.3508 0
219.7513 222.3179 0
245.4539 245.5930 0
221.8812 167.5475 0
236.2907 123.4013 0
197.9268 179.9831 0
230.9331 85.0749 0
211.0843 150.5729 0
189.0607 57.5321 0
167.6162 21.3668 0
186.0313 214.2154 0
205.5653 32.2417 0
245.6635 237.0106 0
227.3651 111.4235 0
234.2981 10.3300 0
244.2098 206.0947 0
230.0628 49.6495 0
193.8093 102.8158 0
222.5502 35.7966 0
246.6342 150.0755 0
208.9355 19.0300 0
236.5146 195.4020 0
208.9489 184.7227 0
217.2515 169.7970 0
242.4586 103.9295 0
195.5357 113.0381 0
207.9987 130.9219 0
208.7905 172.7602 0
241.2511 63.5112 0
214.4109 69.5071 0
233.6064 230.8828 0
210.4868 196.4068 0
170.3914 42.3234 0
182.0324 17.6192 0
205.1806 90.7709 0
231.8383 140.0513 0
202.9325 81.2305 0
210.0573 239.9424 0
248.4040 180.9357 0
187.3927 23.9239 0
216.0678 201.1284 0
235.6751 88.9946 0
248.8450 32.8896 0
213.5681 52.7492 0
245.8752 120.0054 0
232.8757 218.2356 0
218.3702 156.0811 0
214.6496 115.7471 0
231.6767 124.1666 0
187.8136 187.3983 0
195.2916 224.3431 0
205.0700 195.2137 0
241.9398 4.3025 0
235.2802 14.7084 0
193.1509 50.9932 0
228.1908 159.9415 0
153.9320 29.7292 1
150.2388 18.7814 1
160.8375 56.8192 1
162.3417 140.5564 1
116.6121 206.6857 1
139.4616 127.9977 1
107.4571 102.2381 1
119.1139 3.4973 1
118.2935 232.0454 1
109.2361 190.3054 1
111.6709 113.5884 1
145.2815 129.8005 1
146.9731 214.1553 1
135.6374 229.2256 1
155.6017 182.5127 1
129.0781 85.7172 1
156.4488 246.9534 1
125.5579 115.4201 1
144.8273 66.1796 1
114.7984 42.2237 1
166.2421 16.5043 1
180.7648 125.7969 1
115.2764 134.1952 1
112.0787 167.0630 1
173.4710 165.8073 1
128.1749 192.3687 1
140.9174 46.5536 1
175.6708 101.0888 1
184.7550 205.8282 1
121.8497 58.1772 1
153.3977 46.1386 1
105.4273 47.8600 1
161.2044 66.1066 1
128.9324 134.3053 1
151.6891 203.7969 1
142.9142 187.8400 1
167.3197 112.8645 1
129.3803 60.2315 1
103.1491 158.9389 1
192.1141 156.9144 1
113.3151 103.0956 1
135.3131 160.3484 1
104.4347 167.9861 1
148.5806 218.4538 1
140.3020 158.1316 1
154.8024 116.4991 1
127.6180 139.4463 1
126.6083 230.2682 1
126.9563 160.0845 1
116.1711 60.5100 1
160.9420 134.1133 1
160.4463 234.4951 1
161.7166 204.9622 1
136.9182 213.0433 1
164.3686 61.4373 1
122.9980 211.6535 1
158.2347 6.3428 1
133.2942 65.4908 1
108.0851 123.7386 1
179.9001 115.3721 1
176.0355 82.9380 1
109.1568 199.0472 1
102.1522 97.3387 1
151.8021 71.4571 1
115.5756 236.0834 1
147.5197 239.1920 1
118.9456 106.5304 1
105.8718 26.2185 1
154.1756 57.8003 1
107.7756 67.1265 1
133.5177 86.9691 1
165.7825 160.8032 1
157.4444 222.2434 1
103.7071 231.1254 1
196.3347 166.4133 1
151.3342 142.4996 1
117.6386 219.2469 1
149.5192 96.6428 1
170.0449 93.9455 1
171.0780 189.2740 1
181.5448 212.8749 1
156.0735 236.5649 1
114.8810 245.2357 1
153.9958 82.9859 1
124.3713 77.1939 1
107.2144 243.6148 1
175.7762 75.7914 1
138.2906 55.9423 1
133.0965 13.2633 1
160.5290 181.4800 1
104.2153 134.0438 1
128.2099 170.4671 1
111.8812 241.1019 1
136.4659 97.3431 1
109.6210 152.4182 1
106.6784 211.4908 1
168.6278 208.9061 1
123.6478 25.1589 1
139.2688 35.6222 1
189.1230 196.9876 1
195.4544 148.0784 1
169.1039 180.9685 1
113.7301 29.7752 1
121.1669 167.6093 1
177.2830 248.7044 1
145.6629 42.4543 1
140.6185 202.8133 1
157.0349 70.4913 1
138.7253 73.7253 1
184.9647 153.5719 1
142.4150 138.4129 1
147.5510 84.5162 1
160.7508 175.8831 1
155.9980 173.0451 1
178.7310 130.4697 1
155.8928 164.5465 1
166.8078 124.0786 1
166.6994 217.3526 1
121.3710 69.6431 1
147.7468 192.0464 1
122.2198 196.4674 1
102.1531 142.4771 1
186.8694 162.5442 1
126.5427 175.3437 1
166.8067 188.6186 1
154.1546 24.2731 1
115.7902 93.7158 1
167.6124 1.7739 1
176.1061 119.8838 1
106.5746 94.0496 1
163.1976 24.0036 1
132.7487 45.1967 1
140.6989 104.9393 1
169.9769 229.8130 1
116.3861 78.2878 1
149.4767 102.9247 1
163.8459 197.2912 1
183.8425 108.6917 1
158.9800 83.3622 1
120.6762 173.2710 1
169.4507 242.2116 1
190.9536 87.9305 1
154.5338 146.9620 1
151.8323 125.3770 1
144.7931 148.7110 1
171.8908 8.4112 1
150.0096 113.3966 1
103.7458 185.4375 1
111.4069 77.2367 1
127.3457 155.2885 1
174.5519 136.6926 1
134.4455 31.7745 1
159.2618 41.7475 1
152.5381 11.8090 1
172.7121 115.1257 1
106.3363 0.6294 1
113.1435 4.5724 1
144.7884 169.4781 1
182.3603 88.8712 1
114.1303 160.7658 1
166.8305 53.8148 1
133.7216 132.0883 1
114.7514 22.5174 1
104.4688 61.9676 1
124.3469 36.5839 1
108.1668 182.3329 1
178.3562 164.4140 1
124.4559 145.6212 1
148.4761 161.4292 1
168.7651 149.3607 1
108.5721 85.1684 1
123.8135 44.3453 1
116.7740 185.6989 1
184.5013 103.9231 1
153.9430 38.3813 1
133.4150 247.0543 1
143.2803 143.7984 1
179.5639 174.5111 1
131.6668 206.4151 1
113.7528 216.3291 1
101.7421 129.5605 1
102.7863 27.8615 1
103.8314 237.6180 1
128.3032 217.2930 1
121.0013 86.5646 1
100.9116 150.4729 1
138.8134 118.3331 1
113.5816 123.3284 1
107.9696 229.4610 1
135.9839 199.0228 1
148.5138 200.2245 1
180.0122 188.5262 1
140.2404 238.9276 1
131.1140 55.2796 1
150.7350 227.0362 1
177.5161 218.2987 1
110.1961 139.6418 1
127.7131 95.0035 1
119.9252 14.2275 1
174.7484 55.2572 1
141.1732 60.9456 1
127.0173 20.6648 1
179.3612 143.7378 1
156.4619 124.9780 1
120.9819 121.9137 1
186.2970 73.0790 1
168.7813 29.2720 1
119.8587 48.2300 1
176.6622 88.1688 1
160.9038 220.8185 1
158.4752 105.9417 1
134.8618 24.4199 1
179.0964 97.0139 1
169.3970 87.7586 1
126.5430 111.2226 1
105.4877 40.7471 1
129.4338 119.6651 1
169.5142 214.4895 1
183.8032 232.0829 1
172.7625 220.8033 1
151.6775 53.8476 1
178.3725 201.6034 1
187.5700 139.2061 1
130.0239 75.9343 1
164.9925 152.5829 1
104.0047 193.3595 1
140.3061 15.1188 1
152.5734 154.6241 1
157.7530 92.2375 1
144.7773 78.9868 1
114.6890 35.4440 1
142.1816 91.6321 1
151.7906 176.1987 1
141.1039 4.5072 1
127.6038 6.8541 1
103.4187 8.8043 1
160.8644 250.3263 1
127.0509 204.9217 1
