234.9556 33.0376 0
239.0038 185.0889 0
247.8035 27.2983 0
234.6387 88.3582 0
194.2833 183.5134 0
229.0866 183.3021 0
242.3596 77.2105 0
202.0236 10.5594 0
232.0851 47.5435 0
241.6240 170.5224 0
235.7023 239.4121 0
209.7985 204.2309 0
220.2118 126.3412 0
193.9395 228.4871 0
247.0904 223.5657 0
197.6575 138.2561 0
211.6591 44.0732 0
203.4909 113.7771 0
209.1753 15.2866 0
205.4826 139.6059 0
231.7686 143.6797 0
234.3544 111.9255 0
221.6507 134.3252 0
237.4401 58.1037 0
248.0837 178.5633 0
224.7650 64.1479 0
217.0057 41.9185 0
203.2260 241.6147 0
223.8708 74.1048 0
226.9787 115.5736 0
227.8791 149.6981 0
218.4729 179.8043 0
233.8491 15.3259 0
248.6170 123.5717 0
184.4826 242.6036 0
200.7228 130.6204 0
229.0951 237.7066 0
193.8784 240.3250 0
199.0285 80.1987 0
227.4820 245.7232 0
231.6744 197.6941 0
239.4203 139.9490 0
189.5147 111.3025 0
216.3461 100.3370 0
245.8331 160.6014 0
206.3720 157.4438 0
215.7270 4.7559 0
176.8876 212.5117 0
210.6427 238.3067 0
239.9712 81.2697 0
197.6727 19.1553 0
247.1909 134.1772 0
214.3864 128.1743 0
245.8008 98.3181 0
244.6673 46.6411 0
239.6355 16.2885 0
228.7157 54.7731 0
245.6374 128.2785 0
227.1840 9.3291 0
184.2895 148.2455 0
208.0800 98.1454 0
230.1117 5.4011 0
241.0954 160.6131 0
193.2025 41.6409 0
212.1108 91.1637 0
199.7200 97.7876 0
240.9503 26.9027 0
211.3998 229.4318 0
192.0061 84.5340 0
189.9619 123.1079 0
239.9669 188.6290 0
183.3712 219.4180 0
248.7465 94.3081 0
214.4811 116.2856 0
181.7291 154.9031 0
191.5211 26.3364 0
210.3422 66.0337 0
225.6544 126.2728 0
243.8469 18.3422 0
226.2684 229.2226 0
200.8336 87.7193 0
190.4366 132.4514 0
231.2495 206.8640 0
213.1378 186.1562 0
174.9308 208.6015 0
218.8840 245.7462 0
220.0831 170.4987 0
185.7083 113.7845 0
195.8500 149.1733 0
244.4437 175.6534 0
207.7040 21.1222 0
232.0197 80.1591 0
249.1566 107.2865 0
208.9830 131.5090 0
247.4397 143.2347 0
230.5952 219.9702 0
212.5078 83.0205 0
239.7353 40.5689 0
190.1273 20.5408 0
196.3607 0.1336 0
206.2580 222.8767 0
209.3781 247.6120 0
223.7055 249.2451 0
244.6422 9.2392 0
218.7469 149.4417 0
240.7446 240.2893 0
238.6189 221.2508 0
217.7984 71.3322 0
237.0850 65.9783 0
185.0030 11.4110 0
193.1177 37.7474 0
207.9479 174.4835 0
182.5138 77.1112 0
192.5064 221.0408 0
204.6989 3.3508 0
197.1037 105.2553 0
149.0726 234.4030 0
207.3207 208.7704 0
154.4140 232.5125 0
243.2693 148.1994 0
198.6190 38.0460 0
215.0726 109.4306 0
199.6162 57.4991 0
240.9172 91.2729 0
205.6864 29.8333 0
222.0314 116.0168 0
207.0359 123.8504 0
210.4519 28.8754 0
181.1840 43.4605 0
243.7927 36.9188 0
208.1636 192.5687 0
189.1621 140.4935 0
216.7723 174.8030 0
221.1147 141.3610 0
190.8547 76.2896 0
239.0786 53.1979 0
200.4642 63.5472 0
230.4002 41.4746 0
197.0647 172.9059 0
230.0271 136.4449 0
227.4648 85.7347 0
223.5430 201.6706 0
194.4961 122.8056 0
203.2081 172.7479 0
237.1371 23.5912 0
231.6678 64.6013 0
209.9896 148.5872 0
238.8218 127.5920 0
215.7789 53.6062 0
180.5775 114.3712 0
204.5665 85.6880 0
238.3731 155.5356 0
223.6829 48.0263 0
216.7302 203.9069 0
211.0784 162.6272 0
232.7290 172.3433 0
236.3206 231.1417 0
232.5972 155.6754 0
237.0933 197.6461 0
233.8051 74.9728 0
248.2903 72.0778 0
221.9039 20.5582 0
197.8224 208.6187 0
215.5772 11.0324 0
236.4375 98.8738 0
216.0386 164.2820 0
225.9159 13.8111 0
195.5435 212.6103 0
204.6716 119.7808 0
203.7168 231.5257 0
196.3202 196.7733 0
180.6787 30.1807 0
211.0019 153.2542 0
210.3332 106.0973 0
223.9635 42.7032 0
193.2372 12.9225 0
247.0074 2.8539 0
219.5926 157.4585 0
208.8000 38.3362 0
228.3135 22.0929 0
188.1832 1.9991 0
246.5618 86.3955 0
231.6057 178.6306 0
247.1531 154.9883 0
226.2123 211.4131 0
202.0158 201.6280 0
184.7346 205.9377 0
219.9150 103.8161 0
215.8756 194.5215 0
234.5100 118.7609 0
239.4607 248.2570 0
224.3215 159.4430 0
220.0463 55.8399 0
236.3191 211.9573 0
205.8008 74.4957 0
179.8728 4.7407 0
201.4670 225.0794 0
213.8127 213.2833 0
222.5653 78.5691 0
245.9599 111.8378 0
231.4014 100.8426 0
199.1677 24.0041 0
222.1561 35.0906 0
187.7294 66.8122 0
222.8829 176.6006 0
238.9445 3.1331 0
203.6851 165.6302 0
248.6064 58.7646 0
211.2469 196.8913 0
244.2867 191.0188 0
178.1263 64.9977 0
226.1949 92.9740 0
247.7681 247.9877 0
216.5180 35.6344 0
183.5074 136.4775 0
204.6623 47.4845 0
219.7385 233.4318 0
184.7543 36.6333 0
224.5971 107.6154 0
190.2118 209.1755 0
241.9105 70.1042 0
223.8067 192.2662 0
196.6223 236.6678 0
198.3653 155.6255 0
178.7821 32.6852 0
207.7858 57.9515 0
217.1804 214.2009 0
242.4898 228.7384 0
209.9180 140.8850 0
224.7700 216.6888 0
181.9218 142.9951 0
218.0386 90.5312 0
247.3687 200.7144 0
199.2560 101.5705 0
234.0502 129.1289 0
217.7461 145.8440 0
239.9675 119.5697 0
204.0989 181.2866 0
236.9026 48.3843 0
222.5348 87.8664 0
221.5536 229.8717 0
217.2037 241.3474 0
216.3451 221.3328 0
247.7500 183.6014 0
188.3352 15.9098 0
199.2090 72.4300 0
224.0562 29.0397 0
234.2965 148.4497 0
202.9593 153.1283 0
226.9305 133.2340 0
138.2600 18.9393 1
163.0551 16.8023 1
157.4537 90.3276 1
129.7855 58.7180 1
106.1981 15.2544 1
116.6726 216.6945 1
102.3531 130.3273 1
107.9528 18.4190 1
125.9601 111.6199 1
168.6300 187.2572 1
164.7768 89.7494 1
151.2258 2.3820 1
100.3914 46.0716 1
105.4387 63.4786 1
103.0813 109.1432 1
115.2938 239.6634 1
121.6280 12.5168 1
141.1513 174.5064 1
125.4218 182.9231 1
163.0892 172.2988 1
178.9654 105.5017 1
138.3069 96.3731 1
134.8992 11.9603 1
130.7363 71.7363 1
111.5745 220.5738 1
135.9694 112.8535 1
167.2080 126.6438 1
180.5933 193.6044 1
133.1268 167.0620 1
157.3015 187.7854 1
141.5463 245.3057 1
164.6522 245.5768 1
156.8492 168.4870 1
117.8844 165.0877 1
112.3757 119.5153 1
130.7879 84.3434 1
195.9538 89.8281 1
121.3055 103.2006 1
165.7227 208.1611 1
155.5664 192.4220 1
186.4424 176.1462 1
116.4307 174.7117 1
120.0180 230.2560 1
174.3346 146.5303 1
106.3132 9.0581 1
100.0566 55.1454 1
144.7531 31.1867 1
132.4312 183.9304 1
151.9754 29.1396 1
184.2086 56.4470 1
121.3802 76.5863 1
101.7713 22.6190 1
153.7735 106.1951 1
104.3597 58.2060 1
122.1364 56.8085 1
148.2415 140.7952 1
129.2834 210.5378 1
166.1607 158.9058 1
135.1617 242.4158 1
118.3566 132.4378 1
142.4222 90.0396 1
120.0261 192.1363 1
172.3088 170.9810 1
199.1208 187.3311 1
104.9625 177.0977 1
119.5322 154.4370 1
175.4959 0.6801 1
143.5386 106.5245 1
104.3150 68.4439 1
103.4766 75.1495 1
139.6094 71.2417 1
150.3394 91.5125 1
130.9958 221.1463 1
172.3308 239.0723 1
172.7071 124.4947 1
187.1922 52.3210 1
145.6440 94.7279 1
132.9576 94.3180 1
120.0336 216.4009 1
118.6594 199.6485 1
152.1910 57.1706 1
156.9655 149.5228 1
144.4260 40.4376 1
141.0162 46.0234 1
148.8495 171.3994 1
133.2635 187.8423 1
172.1348 114.6308 1
168.1726 53.7434 1
155.5417 159.5555 1
107.1215 245.0380 1
126.0452 48.7681 1
103.8585 100.4626 1
150.6586 159.1730 1
102.4920 218.3176 1
180.0515 179.7452 1
161.1202 57.3617 1
137.0253 120.7160 1
193.3255 194.0739 1
123.3533 154.0776 1
180.9283 129.2881 1
173.7775 13.9725 1
169.7061 174.9849 1
185.9475 226.1736 1
122.8586 222.2416 1
142.3613 158.0579 1
136.3781 238.2904 1
156.9810 109.3201 1
128.8747 19.3724 1
170.8207 77.3844 1
136.8093 1.3219 1
167.4850 65.1887 1
107.5080 138.1344 1
111.2803 78.1324 1
108.7502 197.8706 1
180.5313 94.5236 1
118.6339 1.0729 1
123.8592 146.5745 1
172.8960 245.5247 1
114.1281 18.5254 1
174.7115 199.4889 1
108.1152 99.0145 1
127.8473 248.8092 1
134.6612 66.8542 1
156.2110 71.9640 1
127.2167 67.6144 1
192.9463 160.6083 1
149.0273 86.3744 1
182.3773 85.3196 1
147.4751 76.6549 1
120.9384 43.2021 1
190.4403 102.0113 1
185.1332 170.1481 1
127.2305 201.8423 1
158.6843 6.3865 1
182.5701 235.1951 1
112.9849 155.7143 1
132.5198 105.2771 1
164.3843 189.2651 1
174.4510 32.2700 1
177.1703 21.7985 1
104.6676 91.0355 1
119.0499 18.8725 1
149.7510 195.4248 1
149.4948 184.5105 1
135.1224 214.5602 1
112.3516 232.0056 1
172.0833 228.5511 1
153.0052 145.6246 1
113.0752 67.8169 1
154.4641 173.4299 1
162.9992 97.2559 1
132.9428 146.3132 1
138.0933 226.7102 1
167.1678 221.7780 1
152.4041 11.1908 1
173.3313 68.0878 1
164.6720 119.7741 1
158.7756 67.5023 1
130.9268 228.7623 1
143.4360 216.2563 1
124.4508 8.3757 1
167.0207 213.5574 1
134.7877 36.0245 1
105.9002 158.2893 1
112.7914 174.1085 1
127.7575 190.9188 1
101.6868 169.3328 1
110.4711 55.5054 1
151.3126 242.2268 1
161.7067 150.2872 1
176.0375 157.0587 1
153.1159 221.2231 1
107.0222 199.5281 1
127.8175 235.5802 1
100.5778 83.3917 1
102.0569 150.8769 1
113.9047 147.6962 1
163.4690 41.1256 1
164.6700 194.3049 1
163.1829 11.3765 1
167.2533 28.8164 1
177.8675 85.5323 1
145.2942 104.3291 1
120.3138 181.6440 1
122.1310 240.5454 1
173.5346 103.0045 1
107.7836 43.8378 1
145.3504 150.8983 1
171.7799 45.6213 1
153.7434 41.7066 1
170.5467 201.0717 1
174.0659 162.1762 1
131.8053 157.9418 1
151.1245 119.6909 1
180.3882 121.1871 1
143.4431 133.1312 1
110.5212 181.2323 1
117.8859 110.8706 1
160.0925 101.8187 1
112.2157 140.7673 1
167.6440 83.0173 1
138.3568 233.7875 1
143.2527 142.4270 1
132.0069 120.8391 1
130.4713 175.4575 1
151.6707 205.9596 1
104.0827 231.4518 1
164.9944 145.9232 1
161.4647 33.4761 1
155.6866 217.2090 1
152.6135 18.6167 1
125.3475 129.2424 1
121.1260 87.0789 1
100.2003 210.2857 1
149.0632 226.3111 1
161.1524 208.0314 1
140.4320 205.4855 1
134.5269 129.1138 1
144.3014 7.4920 1
124.8041 138.8631 1
156.0214 245.9657 1
102.5373 121.4135 1
115.9300 28.4247 1
135.1146 79.9783 1
120.9202 120.4049 1
117.8528 124.4824 1
142.7287 22.1722 1
105.6944 167.1717 1
124.9372 34.6425 1
114.9946 50.3189 1
141.9483 58.3198 1
110.1984 81.6059 1
124.6852 80.4715 1
127.4296 30.4133 1
153.8355 129.1562 1
164.8133 21.4756 1
106.0018 29.0490 1
184.0172 158.1622 1
163.8168 181.0210 1
165.0011 107.6256 1
168.0185 135.6569 1
162.1512 199.1449 1
164.1998 73.5423 1
117.2623 39.0186 1
132.4364 26.0208 1
111.0134 208.2835 1
150.0471 49.5546 1
172.9188 191.2015 1
