232.8265 68.9170 0
200.6270 233.7742 0
221.5102 57.9264 0
246.1046 29.1666 0
206.7697 135.1826 0
178.7108 227.0767 0
193.1192 246.3070 0
206.8779 123.1840 0
199.2705 240.8806 0
181.9957 83.1054 0
232.7516 221.6515 0
188.9040 69.0232 0
205.1459 77.7145 0
202.0680 154.7403 0
224.5276 102.6282 0
241.6401 173.3930 0
197.2534 227.1112 0
241.7399 14.3578 0
238.2007 119.6522 0
197.1537 13.2049 0
237.4254 116.1196 0
222.7127 248.6758 0
175.4489 177.0567 0
197.4607 201.9028 0
216.4454 171.3293 0
206.7578 234.5070 0
244.3575 198.7728 0
240.8302 212.2218 0
190.8299 85.5760 0
190.1824 37.2072 0
250.0038 196.6708 0
219.0380 239.7888 0
198.7544 126.9793 0
239.9964 59.1541 0
198.8408 164.0583 0
214.9621 19.7038 0
123.2470 54.1332 0
226.7930 141.9905 0
249.8380 84.5944 0
193.7576 240.6188 0
214.0118 30.3132 0
215.8526 107.2334 0
247.3631 224.9628 0
236.1342 179.5903 0
235.5178 88.3037 0
237.7388 67.9301 0
216.4111 84.2747 0
196.1037 188.8130 0
224.8585 28.7707 0
202.9129 15.3081 0
190.3406 206.7231 0
179.2407 176.7786 0
201.9760 212.4574 0
229.2357 158.6699 0
195.9042 63.3846 0
188.4818 155.8223 0
209.5808 147.6269 0
206.3815 226.5219 0
228.1735 80.4711 0
187.5734 104.2609 0
221.7229 90.4709 0
244.8800 23.7247 0
235.1717 124.8887 0
233.3163 171.9787 0
197.7314 32.2580 0
206.6710 166.7117 0
221.1118 76.4926 0
174.2465 243.0334 0
221.6131 170.0738 0
219.6438 225.4348 0
223.8384 219.3777 0
210.5199 157.6989 0
214.8991 48.9061 0
241.8028 1.7296 0
237.8457 208.0968 0
222.0143 121.5438 0
192.4918 218.8061 0
205.2011 221.7738 0
216.1069 189.4025 0
246.2458 116.7193 0
236.7203 51.6863 0
193.1389 213.7533 0
212.9435 70.2425 0
246.2484 67.6097 0
176.0278 70.0369 0
228.6006 206.2230 0
235.5965 196.3477 0
198.8053 3.4841 0
193.6256 127.2823 0
209.7567 57.5464 0
241.2026 27.7281 0
207.6021 186.2988 0
209.4408 205.0907 0
224.0118 136.0027 0
201.0974 247.2575 0
230.5685 1.0699 0
217.0288 231.5903 0
184.5762 94.7550 0
174.9357 166.2740 0
228.3275 171.9252 0
185.4217 240.0750 0
224.4628 64.3740 0
228.7028 94.3664 0
212.8883 78.8667 0
188.5742 59.2778 0
221.5634 165.3491 0
232.2260 25.0981 0
197.9120 26.9881 0
247.6982 0.7329 0
189.2114 44.4281 0
216.5661 65.3742 0
218.0247 33.1870 0
182.7049 3.9750 0
200.9747 207.4547 0
192.1939 107.5064 0
182.3844 62.7543 0
235.4006 1.4778 0
198.0974 86.8212 0
185.3522 165.1832 0
210.5880 23.2970 0
222.0079 126.3634 0
218.6779 134.0211 0
229.9683 228.8508 0
229.7718 44.4574 0
193.7865 141.0004 0
187.4763 127.4482 0
190.4931 51.0394 0
210.5931 225.7912 0
176.2697 60.8452 0
238.9483 227.7103 0
230.7204 141.5906 0
242.7859 186.6166 0
196.1598 79.0579 0
215.7401 160.2162 0
194.9555 169.3612 0
195.9709 44.7763 0
232.8138 154.6529 0
246.8025 9.0098 0
210.0434 138.5960 0
246.6554 34.8675 0
240.6403 145.2008 0
215.8356 98.7519 0
187.6398 14.4014 0
216.3827 247.5643 0
238.4210 46.2624 0
232.1549 38.5807 0
180.5695 158.3040 0
183.8132 134.7179 0
226.0887 177.2567 0
208.2758 102.6375 0
226.3000 35.8774 0
219.2151 29.0295 0
225.7597 9.3615 0
233.0503 106.6675 0
238.9765 102.8243 0
214.6723 242.1564 0
213.2014 117.5621 0
202.6147 193.3659 0
238.0453 75.1322 0
204.5784 66.5726 0
200.2532 23.4966 0
192.5792 94.7734 0
241.1691 220.1176 0
245.7565 49.7324 0
223.6286 185.0236 0
205.8715 28.8129 0
192.8994 99.6571 0
216.6241 142.4700 0
203.3959 119.2694 0
195.3376 122.2386 0
231.6349 203.0150 0
246.8484 123.1918 0
240.0570 232.9308 0
190.6659 22.7910 0
242.9226 136.3314 0
248.3094 229.7416 0
187.5784 247.1736 0
215.1327 40.0898 0
243.2645 128.2711 0
183.1651 245.3572 0
220.6590 188.6248 0
247.9669 78.0799 0
182.7776 52.1345 0
213.9574 55.7356 0
235.8020 240.8000 0
226.2245 196.4260 0
189.8138 4.6687 0
222.5812 156.0413 0
217.2218 10.1411 0
207.6427 86.2859 0
180.6723 185.9555 0
193.7569 153.0258 0
196.7300 161.4240 0
189.8200 170.9159 0
216.3674 179.5634 0
208.4882 0.3574 0
210.6664 214.4135 0
247.0988 172.6899 0
245.5706 152.5927 0
209.3176 93.7041 0
178.2112 1.1421 0
193.1496 75.9542 0
199.5978 108.0397 0
225.4546 87.1329 0
234.3445 166.4561 0
198.6889 55.5045 0
206.2123 241.9184 0
207.1160 11.0248 0
247.6762 206.4554 0
219.5793 94.2525 0
240.8467 160.5295 0
186.8808 225.7316 0
183.7972 213.0942 0
190.7924 233.4877 0
245.4510 106.2535 0
222.9229 200.4146 0
247.0533 165.3748 0
198.5979 144.5947 0
241.0497 110.4175 0
168.3916 159.4369 0
242.7804 85.1615 0
195.1772 114.6740 0
178.9397 55.8393 0
174.8774 21.1749 0
186.9879 193.0822 0
223.4092 21.8012 0
219.6318 220.0858 0
231.6833 99.0993 0
226.6490 239.9822 0
217.8943 201.8389 0
236.8983 32.6261 0
198.3393 68.8951 0
244.9267 181.0608 0
246.5825 41.3856 0
248.3370 135.2552 0
239.4220 18.5269 0
212.0962 173.7708 0
229.6542 211.1559 0
197.6846 180.4883 0
232.3360 146.8027 0
244.8145 97.5327 0
196.5709 91.7944 0
213.5054 129.8073 0
235.8515 96.4314 0
201.3645 173.2509 0
227.4014 53.3624 0
202.0810 50.0248 0
246.5639 242.6414 0
235.1293 159.2498 0
203.0345 182.9393 0
249.8893 148.0440 0
248.7425 141.9914 0
180.6741 37.2962 0
184.1570 30.5775 0
208.9065 44.6832 0
235.2542 133.5437 0
206.8906 35.5658 0
173.0506 235.3678 0
231.5558 187.5904 0
210.3496 6.1828 0
213.3347 193.5544 0
228.1650 71.8099 0
248.5820 213.8060 0
219.9104 47.7999 0
226.9759 130.0150 0
213.8188 184.2268 0
195.2159 135.5114 0
201.9927 98.3577 0
225.4033 114.8143 0
182.0022 149.4310 0
194.3910 197.8377 0
189.0697 181.8284 0
226.2750 234.8233 0
231.0145 14.6407 0
174.5012 35.9436 0
218.2266 152.0293 0
137.8142 121.2813 1
168.8253 41.6883 1
165.2646 105.2592 1
109.0695 179.4112 1
128.0578 182.2620 1
113.8818 108.6468 1
140.2084 1.6368 1
107.2171 245.9356 1
116.2646 194.0012 1
116.1830 12.5164 1
118.6640 249.5030 1
127.0395 149.7873 1
175.3436 193.1587 1
128.8325 232.3293 1
111.1110 149.9951 1
132.8926 132.6091 1
131.6215 249.7994 1
168.2360 195.8413 1
121.5306 30.2532 1
103.2729 65.2393 1
137.1758 14.3614 1
119.9264 124.8561 1
122.9898 192.8306 1
102.5840 192.3268 1
166.1191 173.6753 1
147.8819 5.3635 1
179.7824 114.8734 1
162.2226 176.8526 1
115.8034 46.7395 1
121.4028 36.1332 1
152.0189 105.0358 1
116.8234 161.1303 1
135.2746 212.9478 1
172.8082 94.3246 1
134.0138 106.0004 1
177.8612 128.4120 1
105.9601 131.0974 1
111.3452 168.7781 1
111.5524 200.7542 1
109.4812 20.8530 1
158.2851 185.8244 1
128.3037 154.3958 1
152.2744 131.9051 1
119.5818 59.2550 1
131.5752 115.6217 1
115.6451 7.9169 1
112.7579 214.1094 1
137.4581 155.9089 1
145.1031 111.7329 1
166.9718 72.3414 1
156.8457 220.3175 1
141.3881 226.9963 1
107.0072 160.5090 1
155.4397 88.9879 1
107.2223 233.5435 1
122.9659 218.0128 1
114.6755 228.7878 1
129.6534 100.2309 1
154.0529 127.0079 1
143.2960 67.9996 1
112.2055 191.3773 1
165.9521 1.2439 1
146.1074 221.2521 1
147.0668 14.2620 1
163.0619 148.0627 1
105.0919 96.2196 1
111.4439 249.0378 1
143.5589 74.9527 1
115.7563 101.0278 1
102.2686 118.7036 1
108.2586 124.1625 1
156.1596 158.0554 1
174.8004 216.4773 1
100.7784 205.1059 1
174.1420 153.5589 1
165.2130 235.8804 1
110.6224 64.1588 1
140.0326 88.9970 1
180.3167 123.1496 1
107.4729 12.7070 1
145.9236 216.0668 1
170.2383 3.6041 1
158.4548 203.7464 1
132.7414 51.0110 1
119.3783 143.6048 1
160.9296 81.6915 1
107.9985 7.1598 1
142.9998 47.0375 1
125.2933 114.0168 1
101.3805 113.6081 1
142.2960 102.3692 1
156.1861 207.0626 1
131.3315 26.0593 1
159.5546 39.1005 1
176.7858 206.1555 1
156.0571 166.0511 1
106.5382 27.5761 1
167.7940 164.2329 1
129.0236 61.5323 1
179.7425 78.3693 1
165.1852 241.2168 1
135.0801 40.1939 1
146.1209 91.6752 1
128.7574 125.2606 1
147.6460 184.8221 1
107.3220 139.2921 1
132.1637 74.0176 1
177.3027 197.2542 1
123.1258 183.0495 1
166.1766 133.9138 1
154.9283 142.1476 1
153.0270 179.3363 1
131.2678 189.8494 1
127.8857 108.9276 1
141.5392 171.5968 1
126.1100 137.5031 1
142.2350 142.3139 1
162.6777 157.5607 1
172.8411 126.1437 1
105.6104 105.5729 1
148.6613 24.3233 1
121.2761 5.5597 1
162.9166 123.0393 1
122.8246 89.0657 1
118.3150 42.0914 1
119.4189 25.0004 1
147.3375 49.4382 1
169.1380 46.2100 1
150.2865 37.2138 1
136.2640 163.3899 1
121.4343 227.7977 1
116.4619 79.3709 1
100.7897 225.5526 1
147.4169 243.1471 1
170.0466 118.7044 1
168.1843 64.0040 1
137.6470 187.9947 1
156.7859 242.5462 1
157.1348 71.2887 1
106.0802 88.4629 1
150.4187 139.6722 1
165.7242 80.9368 1
108.8510 134.6347 1
151.7454 14.0885 1
146.3643 84.3674 1
118.0814 183.3820 1
132.2830 178.0874 1
162.7513 113.6854 1
127.6417 15.4718 1
169.6436 34.5864 1
156.9642 232.4234 1
141.2135 133.6965 1
138.5129 28.7081 1
104.5498 184.0507 1
175.4975 100.2588 1
163.8915 187.8793 1
152.8785 58.9471 1
143.8063 119.9277 1
103.2833 41.4535 1
156.2885 0.7579 1
122.9013 174.3533 1
153.5386 150.0098 1
147.0680 168.9974 1
102.7816 144.9195 1
146.9158 96.9086 1
119.3153 68.7842 1
167.9054 198.8320 1
165.2472 55.3809 1
136.3777 247.2116 1
156.2627 8.5909 1
167.6631 212.4541 1
121.5976 170.6586 1
130.2314 88.8572 1
149.9592 162.7764 1
147.6166 196.4352 1
102.0736 174.8033 1
108.9487 112.5091 1
109.5126 241.1361 1
133.6625 234.5495 1
133.4929 203.6702 1
137.5965 61.6665 1
148.3064 231.7628 1
106.6134 79.1988 1
109.2096 210.1484 1
151.5352 224.0180 1
126.7120 81.4781 1
111.9409 221.9131 1
151.3488 173.4077 1
146.4277 207.2522 1
126.7572 208.9591 1
169.2564 19.4538 1
175.1059 136.6747 1
165.2125 224.2503 1
117.4844 151.9820 1
104.1177 18.3580 1
119.2260 50.2372 1
163.3073 35.9395 1
137.1710 222.1075 1
155.2819 44.7436 1
147.9040 33.6596 1
162.1552 13.8825 1
186.0666 119.5327 1
156.1796 118.9147 1
141.2640 127.8254 1
170.8705 111.5645 1
161.6714 219.9185 1
100.2456 99.0892 1
140.4079 146.4500 1
180.1507 206.1964 1
160.3251 96.5585 1
177.6666 86.7692 1
150.1101 64.4127 1
164.8768 89.3640 1
139.2806 74.6674 1
133.9864 199.1325 1
146.2570 134.7657 1
183.0414 222.6200 1
133.3565 242.4495 1
126.3012 196.5754 1
160.2879 61.7230 1
156.0901 193.9908 1
176.9682 108.9989 1
155.5606 31.7283 1
126.3272 162.1459 1
190.7027 114.4792 1
168.6382 59.2469 1
107.8902 51.7284 1
105.4054 31.8486 1
129.3355 222.0005 1
169.7220 203.6234 1
178.0575 15.0542 1
163.0472 209.7002 1
