239.0475 66.9143 0
200.2220 12.5534 0
180.7706 133.7656 0
234.1369 202.4375 0
238.6600 52.6140 0
206.6856 177.5126 0
233.8517 155.4388 0
187.4732 76.3475 0
221.5334 119.4598 0
206.5704 59.0747 0
204.1125 107.4466 0
237.4239 186.0686 0
228.0931 157.1575 0
202.8961 230.6428 0
220.3474 65.3890 0
204.6536 162.1530 0
189.8511 47.9908 0
190.9784 158.6624 0
238.9545 8.6204 0
208.6760 198.9574 0
218.4717 206.1921 0
239.3720 150.3489 0
235.7150 49.8566 0
245.2046 75.6242 0
207.5191 131.0160 0
192.9705 62.9624 0
229.7235 5.9028 0
194.3586 131.5070 0
234.9797 142.1341 0
233.6455 218.3965 0
235.3034 80.1158 0
143.9143 215.4914 0
205.8833 170.8331 0
241.9526 111.6437 0
212.3983 243.7370 0
204.5725 52.2514 0
199.8829 146.4735 0
236.3690 38.0960 0
216.9466 140.7179 0
208.4688 100.0593 0
218.0917 228.2703 0
219.4520 33.2874 0
186.1895 27.9305 0
233.1104 241.2372 0
220.4402 214.3611 0
196.0717 83.7169 0
245.2629 193.3109 0
230.4235 182.0060 0
241.6032 241.4226 0
230.1102 125.0998 0
211.7677 20.1870 0
201.8386 117.4423 0
209.9744 68.4610 0
215.6188 177.3382 0
239.2195 31.7180 0
243.6447 166.7615 0
183.3280 47.1117 0
200.5185 184.5573 0
210.0329 191.8795 0
247.2509 65.9371 0
248.4774 241.1061 0
245.3943 249.1818 0
183.5681 186.3199 0
237.1191 84.7673 0
224.5935 35.3546 0
207.6867 46.7246 0
182.7911 124.5591 0
244.8229 216.7940 0
205.2256 207.4731 0
224.4105 169.2024 0
218.9525 151.0070 0
243.1360 35.1356 0
226.9636 147.1321 0
221.6046 135.1107 0
208.1488 4.3989 0
203.1122 136.5947 0
201.8160 218.1895 0
199.3898 169.5203 0
249.4672 83.1959 0
206.7937 210.3712 0
215.8112 132.0478 0
235.2305 192.8263 0
227.5089 173.5399 0
209.5292 226.0765 0
215.5016 56.1548 0
193.5381 199.6183 0
179.4234 139.7237 0
196.9549 191.9382 0
243.1576 92.9636 0
198.7148 45.6091 0
247.1625 26.8529 0
234.3481 109.3817 0
237.4211 128.4374 0
225.2848 165.8585 0
202.3412 7.9297 0
193.3786 168.1154 0
234.6179 103.0084 0
220.4295 52.6319 0
190.8542 21.2525 0
195.5397 17.9784 0
222.7433 85.6254 0
197.9633 4.6004 0
226.7764 47.0201 0
227.2021 22.7231 0
190.6589 121.0613 0
193.9333 71.4944 0
223.8424 26.0755 0
203.7651 89.3973 0
187.3063 145.2460 0
199.4751 21.5800 0
190.2346 99.7039 0
212.3021 94.7889 0
246.8639 5.8604 0
218.3743 239.0125 0
215.9523 61.3768 0
194.8684 155.9838 0
242.8445 137.8256 0
198.8670 175.2743 0
237.4466 62.9985 0
240.1909 234.3156 0
189.1948 214.2376 0
240.3628 246.8842 0
223.0113 180.1089 0
192.3109 115.9614 0
227.2737 161.2448 0
240.6959 176.7601 0
242.6534 224.8510 0
188.9579 91.0992 0
245.0727 152.5686 0
246.6210 18.4441 0
232.3020 59.8536 0
203.0972 152.6016 0
195.1619 147.3407 0
202.2160 39.5346 0
188.3765 56.8384 0
229.4314 95.6669 0
222.3481 197.3918 0
198.4281 225.6283 0
247.6900 211.3619 0
222.7960 110.1633 0
240.7099 59.4305 0
206.6132 78.1734 0
235.6766 95.7626 0
224.9531 151.8299 0
245.2419 105.3781 0
241.5788 101.7309 0
233.6498 29.2326 0
186.7169 140.3891 0
214.6216 209.6109 0
245.1148 89.4791 0
207.3444 140.3168 0
181.4644 24.1430 0
237.7522 13.6971 0
188.3303 125.1258 0
227.5805 85.6233 0
193.4045 93.5216 0
199.8618 104.8687 0
187.3414 150.4350 0
212.3765 164.7831 0
199.8044 96.9392 0
217.2625 195.2430 0
231.2509 0.1275 0
195.3143 229.5355 0
237.2875 173.4435 0
221.9899 10.2743 0
226.1044 76.1158 0
187.0677 14.1866 0
245.7682 198.8106 0
190.7661 31.0203 0
199.6344 122.8726 0
248.9603 236.3677 0
216.9508 20.1022 0
217.0592 89.1541 0
223.7669 210.6806 0
191.3910 184.4895 0
181.8999 180.5370 0
229.9411 192.3106 0
210.2506 57.8459 0
240.2898 120.7708 0
227.7229 241.2374 0
244.0708 181.3563 0
221.4928 100.8942 0
221.3646 16.5496 0
214.1983 112.7253 0
230.7645 68.4537 0
223.1323 187.7699 0
214.3252 84.7790 0
233.3214 228.2216 0
215.7259 45.8578 0
246.6064 129.6007 0
249.8527 189.4560 0
209.1695 22.3454 0
225.5173 218.5483 0
218.7028 7.2149 0
230.8934 138.4917 0
233.8232 211.8358 0
248.1483 145.7696 0
228.4072 56.6138 0
189.2431 202.9828 0
210.8883 115.0200 0
198.9057 201.5530 0
219.6425 95.2731 0
188.6502 163.5293 0
193.2744 37.7625 0
218.2730 25.2529 0
196.6009 207.8603 0
196.7686 59.9225 0
236.6157 23.0344 0
214.5905 146.0348 0
244.7496 119.1468 0
210.7555 11.7793 0
225.5325 66.2142 0
209.4311 145.8853 0
238.0505 168.1507 0
218.2071 78.7848 0
195.4779 180.9728 0
194.5955 54.6150 0
234.2523 207.3578 0
183.2285 102.7939 0
212.7470 124.2453 0
242.7524 43.9329 0
212.7782 104.0938 0
236.8351 162.7003 0
208.5855 153.9752 0
249.0388 231.3714 0
244.8301 83.6605 0
247.7684 138.4473 0
230.8394 232.7446 0
230.7772 115.4431 0
229.1773 200.8270 0
212.7725 158.2306 0
234.4224 132.3509 0
197.5383 213.1030 0
197.7993 31.1044 0
201.6451 80.2501 0
211.2859 187.8375 0
204.2876 245.6434 0
215.2553 223.1552 0
246.1003 162.8714 0
225.2569 125.7731 0
210.6477 37.6763 0
182.0596 196.6989 0
246.5838 39.3917 0
236.1976 237.2482 0
187.2531 175.7802 0
193.0191 140.1314 0
207.7098 119.6766 0
210.6139 238.1964 0
223.7300 1.0578 0
223.4922 226.8224 0
228.5759 14.2011 0
225.4785 39.9889 0
202.7561 64.5594 0
226.5870 105.2528 0
182.4318 190.7943 0
175.9348 234.7345 1
143.1417 46.2748 1
128.6141 50.8530 1
149.5229 124.1339 1
153.0261 12.7845 1
167.9290 155.2483 1
157.6208 134.8426 1
133.0603 189.1760 1
159.5870 227.1227 1
124.8711 155.8412 1
129.5396 73.2705 1
150.7106 150.5992 1
181.9069 50.3389 1
123.2799 244.6714 1
108.5867 62.1300 1
101.4203 91.1738 1
139.7737 229.2617 1
126.7725 16.0918 1
145.7666 35.4711 1
116.2057 35.2336 1
106.3432 137.3491 1
145.7672 89.0386 1
102.7708 57.3987 1
156.5030 24.2797 1
178.5016 211.4961 1
159.0965 100.0478 1
187.0679 83.0412 1
180.2575 94.5420 1
167.8940 163.7883 1
113.1091 202.2395 1
135.8949 3.1710 1
155.4539 215.9530 1
118.9422 201.2807 1
174.4020 35.4672 1
145.5582 105.3580 1
127.8687 109.0618 1
160.9421 183.3690 1
141.8899 97.8431 1
173.3286 67.7919 1
114.3588 234.2888 1
162.6461 173.9040 1
174.5010 95.3868 1
106.5137 7.8580 1
158.7960 35.8849 1
191.1206 219.2713 1
112.8402 118.8800 1
114.7779 172.2195 1
133.7107 44.6450 1
169.8743 25.0263 1
102.7422 100.8601 1
160.2401 14.4700 1
143.3339 168.0513 1
106.1750 239.4706 1
185.1842 111.0646 1
143.8413 179.5536 1
152.5649 224.7356 1
157.1172 171.3658 1
170.7415 115.5039 1
170.6796 224.5686 1
132.8090 168.9836 1
125.1213 117.9514 1
132.2113 245.0050 1
112.0837 147.3903 1
148.7604 155.4044 1
144.4219 61.0064 1
132.3117 88.5275 1
108.9464 211.5890 1
179.6853 69.5075 1
129.8635 6.7872 1
102.0381 128.1796 1
177.7048 242.8776 1
150.5127 46.4977 1
167.6592 56.0627 1
140.8328 239.3723 1
173.8253 90.0425 1
188.3354 240.0306 1
132.6534 196.0730 1
149.0146 189.0202 1
128.9299 144.7422 1
161.6400 78.7975 1
132.2855 232.7001 1
140.7503 147.8023 1
198.2543 246.7511 1
115.2800 11.8047 1
120.5772 218.6573 1
178.1415 60.3575 1
175.6163 53.1844 1
178.7849 203.6677 1
174.9633 122.9142 1
143.2705 202.1748 1
151.6588 117.6215 1
115.1424 96.4074 1
176.4724 118.9896 1
107.3084 45.6082 1
157.2000 125.3918 1
162.1872 201.3997 1
176.4189 221.1702 1
149.8273 208.5245 1
116.9843 65.5914 1
182.5178 166.3466 1
187.0076 4.1157 1
107.6147 37.8337 1
160.3225 219.4705 1
137.4164 53.1114 1
160.3341 149.3380 1
103.7696 75.0011 1
148.5585 140.5224 1
120.1290 49.7911 1
108.9693 225.3848 1
163.1890 59.3202 1
134.2569 148.2380 1
101.8719 147.4059 1
102.2608 233.5430 1
110.2419 241.3297 1
150.1482 97.8988 1
169.2245 74.4989 1
114.5923 183.3163 1
130.8448 162.5209 1
150.0719 132.3671 1
121.8100 176.9995 1
108.4521 176.4005 1
162.3167 3.8644 1
124.1827 239.5648 1
158.0696 189.0947 1
133.1647 210.0526 1
162.0500 165.2923 1
104.8932 246.2984 1
123.4526 227.6706 1
171.8983 205.8558 1
105.4389 114.3408 1
153.4093 60.5892 1
166.4382 187.7005 1
163.0274 233.9756 1
112.2710 102.5577 1
152.3521 228.8203 1
121.9360 88.9154 1
172.9016 47.8493 1
153.9367 53.9413 1
125.0531 199.8506 1
165.7871 246.0256 1
169.2294 100.5401 1
165.7805 116.4725 1
101.9328 200.7834 1
113.4564 213.7002 1
173.6692 170.4010 1
147.3077 80.4627 1
159.4267 194.4534 1
165.3665 140.5638 1
171.4458 198.1545 1
133.1442 183.9119 1
153.4090 105.8348 1
121.5625 40.0010 1
145.6633 134.5721 1
152.0510 77.4186 1
142.0613 129.3581 1
123.0517 143.3259 1
156.1003 156.5603 1
165.3640 157.7079 1
170.5997 7.5468 1
168.9575 15.5995 1
181.2857 152.5122 1
140.0180 0.4066 1
107.2570 181.9374 1
113.4330 163.1308 1
113.2529 151.7423 1
148.4964 90.2869 1
125.1122 80.1739 1
164.2285 31.0825 1
170.4657 80.8506 1
146.2889 55.2290 1
117.3081 76.8393 1
156.1138 66.5888 1
108.9027 132.3329 1
130.2632 134.1912 1
149.4528 216.4240 1
102.7932 44.3738 1
124.9320 201.6395 1
178.6054 13.9558 1
125.6755 219.2839 1
100.8556 20.6932 1
139.1406 37.5356 1
131.3487 154.0037 1
130.1716 97.7003 1
152.3688 199.2066 1
142.6311 18.3852 1
137.6491 81.6516 1
136.6528 224.6425 1
118.4325 84.1267 1
135.5233 111.4089 1
152.2507 164.1043 1
127.1631 37.8720 1
179.6425 78.8127 1
150.4930 17.3266 1
179.8855 128.2980 1
173.5112 190.6698 1
117.0752 165.7693 1
169.6187 215.5754 1
120.3687 189.2666 1
138.5256 58.2912 1
126.0147 34.1016 1
139.5160 197.3663 1
112.5221 53.2291 1
116.5883 137.9256 1
116.7528 87.3782 1
118.7549 137.4414 1
139.3135 216.5369 1
148.7889 71.4675 1
106.5538 66.9168 1
153.9828 92.1249 1
177.4211 3.4465 1
172.8987 131.4693 1
121.2389 123.8611 1
157.7587 246.1670 1
163.3766 70.2629 1
135.1015 22.4156 1
120.8746 212.2441 1
118.6695 20.5808 1
156.8968 43.6418 1
144.3897 247.0009 1
120.1939 113.7683 1
163.4274 109.9671 1
186.0244 248.6233 1
107.2980 17.9148 1
158.8453 240.6449 1
153.0426 180.0340 1
182.6648 218.6667 1
141.9747 68.0053 1
144.3431 193.3437 1
127.5521 179.0524 1
121.4032 24.7720 1
170.8922 145.8898 1
165.5161 212.8044 1
153.3493 3.8128 1
170.5536 123.8302 1
140.3878 156.6598 1
124.0026 127.9980 1
110.6175 81.8330 1
140.2282 88.0474 1
130.3795 122.2392 1
140.2798 9.1816 1
113.3830 30.2285 1
165.9860 0.9355 1
195.6319 238.5153 1
