191.7858 11.7996 0
243.8273 79.9503 0
246.9315 39.6640 0
198.5315 120.7553 0
185.1039 217.8363 0
225.4924 35.0527 0
218.8175 146.3733 0
235.7896 62.4946 0
235.4467 155.9196 0
190.7878 68.6213 0
236.5121 212.9298 0
198.2960 85.5950 0
218.3258 120.1673 0
217.5081 185.8473 0
227.2070 152.3898 0
179.7139 13.9133 0
216.2022 29.5590 0
231.2183 132.4598 0
210.1464 57.3478 0
192.8619 165.6193 0
224.9367 3.5478 0
193.9589 216.0786 0
189.1978 233.6832 0
199.4636 177.0792 0
240.0057 27.5033 0
235.0633 45.5750 0
196.1794 112.3155 0
188.9683 64.4182 0
241.9768 227.1756 0
216.8649 13.0244 0
200.4778 111.8903 0
246.8901 189.5842 0
174.6164 213.3900 0
239.7672 66.6157 0
137.6006 242.4742 0
183.1924 171.6107 0
208.5627 244.5786 0
224.3736 67.4448 0
212.4704 127.4131 0
235.7942 4.5139 0
226.3521 180.6488 0
240.8129 104.4749 0
243.0360 46.0956 0
222.5555 93.8402 0
224.1505 216.5111 0
206.8163 16.6668 0
189.5506 26.2649 0
202.1996 4.4138 0
176.9869 226.6549 0
233.6016 216.0898 0
214.4527 92.5768 0
216.9301 193.6086 0
219.5953 160.0581 0
236.9147 231.5247 0
248.3044 65.9018 0
193.5135 58.4816 0
229.4628 100.1781 0
223.3174 52.2900 0
210.2318 145.8970 0
234.4054 14.7614 0
226.7223 170.8894 0
203.7319 47.7002 0
199.8420 182.7826 0
177.3161 3.3292 0
250.7183 28.1828 0
239.5206 174.8772 0
226.4492 226.3722 0
241.7098 240.5290 0
208.0776 180.0030 0
245.7546 93.1222 0
236.5658 21.1304 0
224.4986 18.6843 0
189.3117 132.2871 0
221.2823 200.6682 0
202.8512 236.9979 0
231.8711 173.5347 0
240.5548 130.7296 0
243.5570 121.1739 0
190.3922 248.0160 0
211.8710 107.9252 0
206.4560 96.2885 0
244.7509 213.6276 0
210.3143 240.3538 0
203.7198 129.0019 0
197.6429 218.5488 0
226.4553 190.8177 0
218.9525 141.1103 0
191.2408 238.6841 0
216.0335 51.3361 0
199.8071 243.5095 0
187.3837 173.3222 0
195.6302 193.8979 0
231.4957 195.8004 0
244.3019 32.8931 0
205.8751 55.6241 0
231.3556 90.9572 0
229.4232 121.4740 0
187.2673 51.4960 0
188.4395 180.9047 0
223.4104 38.6864 0
185.5937 33.7459 0
240.2571 11.0158 0
180.6221 36.6473 0
233.6236 81.7835 0
193.5644 33.2059 0
217.3352 24.3883 0
219.0173 216.5365 0
187.9115 148.9338 0
234.4681 160.7248 0
196.7583 73.4118 0
225.6017 13.8724 0
202.2332 117.6651 0
178.8965 194.7330 0
206.2247 30.0735 0
187.6287 138.1539 0
189.9633 96.4250 0
218.2289 240.1385 0
200.5113 69.8627 0
195.9715 137.6540 0
197.6109 147.2855 0
232.5577 70.8651 0
231.5123 224.5233 0
184.6317 41.6146 0
244.5707 236.1204 0
206.7507 167.1049 0
198.0650 95.2410 0
247.4889 141.1360 0
215.7575 175.1833 0
209.7357 195.2227 0
188.8863 91.1130 0
249.4346 246.6839 0
229.6165 61.0084 0
187.9819 119.3547 0
203.5309 139.6216 0
203.4518 37.4884 0
207.2594 81.5378 0
246.5209 54.7190 0
179.2249 222.4378 0
184.4553 200.4335 0
250.4924 18.5912 0
233.8541 207.4688 0
230.2728 114.0636 0
239.4086 49.1530 0
208.9341 73.7372 0
234.6992 39.7176 0
237.1501 115.7411 0
244.2144 99.3212 0
230.7789 7.3132 0
223.1501 133.4335 0
214.5193 230.8775 0
248.0424 77.6857 0
212.9602 118.4389 0
201.6888 62.5763 0
249.7684 4.7361 0
214.7149 131.9091 0
237.1133 218.4904 0
238.3935 184.4344 0
102.5165 65.1118 0
189.7167 79.9547 0
185.5795 129.3135 0
210.5582 140.7947 0
193.8342 102.0449 0
200.5948 209.5926 0
243.8030 200.8421 0
237.2667 243.9031 0
208.6014 231.0234 0
237.5034 143.7232 0
199.0278 17.3659 0
235.5746 77.2637 0
250.7068 107.8686 0
185.6071 23.4809 0
240.4198 195.8556 0
191.2889 42.6889 0
224.9015 101.2573 0
227.6414 241.5511 0
226.7926 209.6554 0
216.1657 249.2594 0
228.2262 72.2282 0
210.4883 219.2613 0
185.9314 206.2126 0
187.1946 190.4821 0
206.2379 190.4613 0
233.9479 187.1992 0
215.2495 56.4520 0
217.5725 222.2301 0
213.4146 166.5737 0
247.3206 164.1441 0
215.9663 106.2070 0
211.9281 20.9623 0
208.1136 104.8400 0
233.9836 99.8068 0
202.8098 158.2723 0
217.7108 72.0883 0
195.2968 229.3409 0
227.2841 25.1670 0
192.3480 3.4441 0
192.1239 225.9940 0
198.7811 1.7132 0
243.8968 7.1296 0
231.2269 146.7420 0
201.6366 224.5006 0
243.6556 156.1798 0
233.4221 29.2404 0
178.7195 182.8029 0
233.6319 123.8473 0
209.0643 209.6864 0
223.8134 88.0766 0
191.9573 151.7623 0
196.1490 42.7521 0
197.6031 26.4234 0
182.6018 1.7398 0
214.6456 65.0655 0
240.7847 248.2919 0
220.2082 112.2697 0
212.1584 5.5244 0
245.3459 223.1157 0
232.6368 53.4008 0
190.2898 105.1848 0
222.3517 164.3478 0
224.6296 58.0838 0
209.0202 150.0009 0
215.9315 44.6643 0
203.4807 198.4668 0
196.2910 202.4806 0
188.9033 185.7074 0
220.2350 103.0498 0
247.2738 22.8114 0
214.9647 96.9767 0
243.4807 172.0380 0
196.9232 125.4129 0
236.9463 107.2266 0
198.5126 188.6743 0
241.6525 87.2025 0
223.7001 233.8898 0
241.0015 148.4144 0
205.6767 203.3962 0
241.0615 139.0729 0
176.1316 26.8730 0
242.9447 166.1535 0
207.5910 45.2119 0
205.4584 87.7332 0
199.5689 155.8766 0
187.6913 60.7023 0
207.0127 12.3209 0
222.7569 175.6118 0
250.0811 132.2066 0
208.2716 39.4389 0
193.1363 213.5325 0
246.5651 196.6395 0
250.7226 114.1809 0
232.6364 234.6886 0
196.7004 169.1299 0
207.3344 131.2728 0
223.9997 125.6997 0
202.6739 216.1920 0
187.5918 5.3720 0
216.4692 211.0675 0
224.9345 245.6298 0
233.0356 24.5329 0
218.9044 86.6737 0
212.3698 156.9369 0
159.5434 21.3727 1
145.0885 32.2189 1
180.4578 83.9875 1
175.8394 177.5972 1
101.9998 100.5447 1
134.3013 211.7150 1
132.9583 179.3804 1
130.6248 15.1745 1
125.0316 230.0242 1
132.8261 216.1917 1
138.2255 44.6974 1
103.2789 214.1733 1
125.7664 63.0526 1
182.0753 162.4071 1
149.5370 2.7787 1
102.5285 230.9589 1
127.2168 238.1817 1
102.2950 220.4943 1
171.6053 61.4545 1
132.1670 52.1862 1
158.3831 3.3703 1
118.6099 125.8436 1
115.3833 63.7184 1
168.8196 93.2859 1
172.6029 201.0140 1
119.2192 169.8846 1
173.5138 76.8167 1
129.5603 116.0794 1
157.5684 230.5942 1
148.6590 57.5520 1
155.4145 16.8089 1
181.8486 109.0607 1
157.7292 107.1791 1
164.3808 182.3793 1
117.6739 152.3927 1
176.1591 133.4260 1
172.7090 90.8841 1
125.4522 175.2616 1
119.8415 147.4478 1
107.1188 77.5673 1
184.6795 231.0651 1
124.5430 133.4395 1
149.6632 123.9940 1
154.2901 87.8625 1
109.5530 50.7483 1
137.4551 35.8443 1
107.8672 67.3932 1
118.8715 179.8818 1
122.5149 84.5506 1
162.1659 142.1433 1
155.9423 193.3568 1
146.8446 171.2040 1
167.8236 219.1156 1
159.4582 119.8145 1
174.0141 185.3167 1
112.3259 191.0682 1
118.7647 2.9498 1
101.6900 116.2280 1
172.4979 121.6251 1
160.4650 64.3669 1
119.3460 210.6423 1
109.1387 84.0054 1
148.8928 21.9725 1
162.6485 24.1340 1
167.2955 82.5058 1
185.7936 77.3977 1
135.3416 112.7131 1
163.3667 36.4499 1
153.9334 179.3278 1
163.4280 203.6989 1
116.9592 224.5996 1
140.3886 141.5437 1
153.8647 146.0411 1
146.2872 222.8040 1
166.3438 138.7886 1
155.0559 141.4593 1
169.5395 234.5638 1
108.1887 17.8211 1
173.0510 230.8312 1
170.2431 247.4799 1
120.4253 12.3244 1
141.7726 103.2981 1
181.1843 94.1694 1
107.6105 204.7629 1
150.6868 105.8296 1
121.1980 36.3792 1
138.7740 65.4032 1
111.9451 75.5521 1
136.4706 224.0275 1
154.9387 154.9315 1
135.3773 164.1473 1
126.8640 154.3148 1
111.5088 145.4203 1
125.3923 218.1818 1
143.4223 71.5207 1
100.2231 165.1320 1
171.0450 242.3207 1
113.8453 39.3988 1
155.7068 46.7999 1
150.4312 202.3891 1
156.0718 163.2092 1
122.7597 70.3440 1
165.8326 176.0649 1
116.7347 15.0297 1
109.8192 123.1645 1
142.3647 7.6167 1
171.4600 114.7959 1
155.4415 75.7758 1
127.3283 178.0286 1
122.3209 78.8268 1
136.5763 101.3084 1
167.2587 193.3909 1
108.0049 138.6849 1
154.0672 187.8914 1
145.6680 109.5906 1
168.8539 172.1334 1
161.4350 155.8861 1
141.2113 189.1497 1
112.6390 231.7334 1
122.4901 202.5854 1
101.5322 156.2825 1
114.8809 162.1599 1
136.5475 191.1726 1
177.8240 240.2028 1
142.0120 15.6230 1
127.0945 43.4574 1
163.8912 215.7652 1
158.2065 167.5939 1
112.8011 132.0064 1
159.4282 12.2210 1
123.2124 20.8292 1
163.8692 92.9109 1
120.3494 97.5950 1
111.3611 245.5866 1
147.0725 239.8163 1
106.5552 84.6139 1
128.7117 107.3714 1
108.8712 222.3050 1
117.5708 185.1295 1
170.2031 159.4561 1
169.6931 151.3748 1
101.6678 189.8703 1
151.1687 13.5896 1
164.5999 44.1535 1
190.1924 160.4513 1
168.8671 180.5281 1
101.0373 178.6277 1
117.9791 56.2780 1
144.0740 84.6055 1
175.5673 44.0408 1
103.6339 57.2667 1
144.1702 134.6818 1
141.2483 88.4254 1
185.1199 115.2875 1
147.2498 79.6832 1
184.6068 87.5174 1
170.4115 15.3336 1
156.5956 131.6107 1
131.3032 247.1283 1
102.5122 130.7056 1
113.1382 104.3655 1
127.6600 139.7409 1
177.9945 97.6360 1
137.9115 154.8613 1
112.2223 27.4296 1
150.5501 128.5648 1
131.2548 28.0961 1
139.8775 54.5218 1
181.5966 52.0793 1
105.7828 108.9725 1
107.9149 167.1367 1
120.3138 161.0647 1
151.8266 70.9682 1
128.7506 193.1346 1
164.0797 77.2933 1
150.1396 246.5643 1
139.0835 246.6068 1
105.6565 247.8957 1
134.0299 144.9233 1
134.1093 76.5234 1
150.4319 163.1176 1
153.7633 218.7905 1
144.3635 231.2691 1
109.9525 31.8032 1
118.9896 49.1610 1
131.4668 184.2250 1
133.7285 134.1106 1
110.5244 180.6789 1
138.4583 120.1174 1
124.2642 195.6717 1
142.6172 199.8225 1
164.3233 210.4950 1
115.8444 204.2436 1
155.1009 248.8324 1
177.8701 67.4201 1
150.7054 210.1840 1
146.8427 43.4299 1
137.0250 90.8202 1
176.5674 91.0108 1
102.1686 29.3989 1
114.5307 97.4147 1
138.7642 26.8978 1
177.2083 152.0920 1
179.5748 144.0552 1
109.9575 149.6616 1
124.9529 51.0148 1
154.9700 32.6012 1
165.8846 67.5427 1
165.3339 49.0794 1
163.3050 125.0720 1
132.5521 5.8024 1
179.5981 62.0558 1
112.6682 213.2617 1
127.7522 122.6654 1
148.3576 95.9997 1
121.5460 89.8797 1
156.4676 41.6301 1
121.6343 246.5633 1
101.7274 237.3525 1
141.3542 216.5858 1
105.8001 97.7467 1
161.1357 240.9057 1
177.1007 206.4622 1
167.0654 105.3220 1
177.9222 229.9044 1
143.2198 175.1992 1
143.6597 57.1230 1
119.6962 107.7266 1
128.1005 206.7849 1
172.6015 19.8845 1
148.6972 154.1166 1
143.5810 95.6058 1
109.9591 58.9134 1
150.0405 50.7978 1
130.7647 103.0567 1
119.2874 7.2704 1
105.3689 46.1076 1
133.3575 172.1275 1
168.5415 226.8067 1
142.0063 238.6182 1
147.0631 28.2433 1
172.4539 8.0749 1
