220.7375 57.2517 0
221.2904 70.0057 0
196.3356 3.9840 0
240.0601 42.8410 0
243.3444 30.3748 0
249.3968 5.8126 0
202.7637 103.7985 0
200.9336 229.7373 0
210.9252 28.1381 0
225.2458 105.7192 0
232.9344 105.1698 0
200.1758 16.9364 0
248.4935 184.1552 0
199.0091 48.9620 0
244.6711 103.3164 0
220.4194 164.6039 0
204.9229 56.6506 0
231.2856 93.2625 0
184.2751 57.7101 0
221.8526 125.0279 0
211.8529 71.7479 0
228.8142 170.0187 0
193.3784 196.5909 0
243.9577 223.8094 0
207.3570 76.8965 0
223.0153 246.6312 0
236.6289 86.0641 0
228.2126 248.3155 0
179.7412 89.3016 0
232.3578 146.6601 0
196.0176 178.8720 0
240.8086 101.7804 0
185.7649 110.5238 0
201.6618 212.2136 0
211.5902 172.4939 0
229.0557 238.6985 0
199.8625 80.6177 0
246.8683 192.5493 0
170.8348 76.9545 0
192.8081 18.8536 0
249.1809 235.5480 0
210.3443 216.7102 0
241.1716 152.2998 0
248.5747 149.5308 0
165.2990 119.4350 0
206.9328 238.7038 0
161.7809 72.9439 0
232.0295 140.6697 0
175.8847 25.9164 0
230.1498 220.7831 0
218.6287 116.2100 0
238.4793 181.6210 0
226.0003 56.2074 0
248.4580 38.7482 0
212.8059 54.6004 0
171.6213 109.8685 0
242.2938 14.7374 0
205.2441 19.0141 0
193.7593 160.2446 0
177.5867 118.1540 0
186.5485 201.1217 0
169.7688 72.3113 0
199.8673 134.8802 0
201.6858 109.7691 0
199.0941 239.7421 0
247.6175 94.7548 0
202.5628 70.2321 0
209.6909 114.1668 0
189.4827 48.3094 0
236.3172 72.0973 0
243.1161 177.6138 0
230.3277 160.1095 0
219.5391 29.3632 0
198.7175 119.5807 0
211.9908 62.1472 0
197.6201 246.0959 0
195.2015 125.7667 0
193.8117 187.0463 0
213.6432 203.5036 0
232.4219 121.9671 0
241.6078 21.7921 0
220.5665 211.9430 0
217.5246 205.8109 0
209.7521 83.7881 0
189.3308 223.7743 0
200.9805 206.6725 0
204.1069 177.0903 0
230.7745 88.8020 0
188.2559 188.2356 0
194.4767 54.2883 0
243.7542 52.5660 0
192.5430 64.1123 0
206.7182 181.3417 0
233.5707 187.3708 0
184.7444 17.9910 0
182.0441 123.6701 0
239.8436 36.1610 0
246.1010 245.2881 0
198.2747 144.9284 0
239.3233 120.2986 0
186.8898 232.8188 0
195.0594 103.4907 0
221.2061 10.8978 0
232.8492 226.0400 0
220.3477 174.6865 0
180.9028 80.1366 0
240.6457 92.1331 0
182.7192 91.8618 0
246.7193 169.8167 0
187.8672 242.1912 0
245.4825 110.7337 0
233.1524 178.3925 0
221.4255 43.0664 0
225.6895 65.8387 0
214.9833 59.1559 0
209.9984 33.0860 0
236.5153 149.8136 0
245.6670 57.5329 0
225.2319 215.2797 0
223.4831 16.6074 0
224.5831 178.9714 0
218.9669 49.7347 0
249.7256 21.5055 0
212.8090 0.1770 0
248.5469 68.4038 0
246.2257 123.1211 0
190.7565 10.2614 0
188.8428 169.3592 0
196.8383 71.4463 0
242.4102 189.8627 0
237.5397 77.0058 0
178.6453 29.0073 0
246.0573 219.4091 0
170.5605 91.7779 0
211.5024 94.2511 0
232.9450 214.5409 0
228.5870 103.3605 0
214.1170 102.5972 0
213.9074 213.6465 0
192.0976 141.9492 0
201.7634 84.7453 0
227.2743 38.1725 0
206.3196 220.2260 0
180.5457 6.5565 0
237.1667 195.9575 0
237.0942 157.8573 0
187.7284 179.5688 0
196.0811 61.3030 0
230.8987 127.9316 0
226.2688 151.6936 0
173.2721 118.9733 0
212.3130 45.8502 0
237.9469 129.0909 0
246.5400 210.4513 0
209.1923 140.3398 0
246.8967 156.9090 0
175.7749 81.3274 0
204.5241 0.8650 0
220.4108 216.9122 0
238.8643 53.4699 0
236.1830 21.5219 0
187.2863 161.1727 0
176.7599 53.6639 0
206.7605 135.7112 0
171.8630 83.2537 0
239.1197 9.5251 0
222.2647 224.6335 0
236.4644 246.7445 0
195.5222 78.4367 0
217.9758 66.7186 0
217.0316 233.5679 0
219.9994 79.6300 0
204.6310 190.4526 0
192.6413 27.9671 0
235.3071 11.7518 0
194.3838 97.3700 0
215.9839 181.9427 0
203.7993 160.8186 0
228.4216 4.4769 0
167.2488 85.2985 0
220.5056 130.1429 0
220.9394 93.4363 0
235.3865 200.1176 0
189.6750 106.3829 0
221.1383 159.4744 0
246.3871 142.9827 0
225.0393 194.0049 0
232.0071 25.8395 0
247.6818 131.6951 0
249.3759 201.2639 0
188.6122 248.7148 0
215.4477 238.5981 0
174.6284 11.4643 0
196.2312 182.3502 0
192.3033 35.8498 0
186.1152 41.6707 0
238.0205 208.0400 0
244.6063 203.3456 0
225.5853 160.2631 0
218.4468 19.1514 0
224.7534 143.7235 0
230.1187 206.7272 0
209.2651 42.2295 0
182.6321 133.0167 0
193.9511 90.5326 0
177.8830 110.5446 0
178.3876 126.3141 0
200.7184 193.7753 0
210.1281 224.7251 0
188.9096 213.8983 0
203.5605 93.9285 0
183.0907 245.4687 0
197.7890 41.8214 0
212.0219 88.6697 0
203.7184 65.1117 0
213.1313 155.0876 0
218.4451 34.2985 0
215.4484 224.8853 0
208.8860 242.4944 0
211.9747 163.6592 0
189.6352 57.3729 0
216.9438 152.3289 0
203.3492 226.9220 0
196.8337 151.3595 0
180.5809 1.9501 0
244.0658 76.3106 0
196.8991 215.3178 0
204.8594 126.6999 0
185.6111 70.0211 0
192.2947 129.4554 0
239.9877 64.0664 0
161.3438 91.7292 0
197.6714 25.9268 0
197.6744 10.5764 0
193.8675 117.3707 0
235.9643 232.9780 0
240.9317 112.7735 0
202.8847 171.0988 0
223.7687 74.9149 0
213.0305 191.1691 0
192.4005 207.3988 0
203.3248 38.1339 0
242.4622 1.8906 0
232.7667 114.4031 0
241.1992 232.6512 0
202.7457 144.4480 0
194.6681 201.6747 0
193.4546 167.9891 0
179.9312 63.9601 0
224.2005 117.0481 0
234.2261 62.5144 0
170.0368 104.6392 0
233.6452 45.1731 0
231.8157 37.6255 0
225.7995 187.9716 0
242.2628 161.3102 0
143.3544 220.1327 0
175.3725 131.7485 0
219.1332 137.2590 0
218.1242 2.5108 0
176.6488 21.4797 0
236.0915 29.7613 0
202.9848 114.4189 0
226.4372 233.1098 0
192.3412 237.0458 0
204.0362 150.7515 0
244.2234 81.7398 0
226.1391 199.3753 0
205.2933 155.6573 0
226.5602 50.2363 0
247.4976 13.8494 0
223.5437 83.6235 0
206.3785 199.7149 0
213.1335 129.6094 0
170.3675 64.5768 0
218.0818 111.6705 0
181.4433 101.6526 0
193.9589 225.5646 0
213.2842 125.4719 0
219.8415 197.1956 0
239.3362 236.0214 0
213.7941 17.2843 0
237.9447 170.0800 0
115.5112 107.9401 1
110.9956 208.7827 1
114.4360 148.6584 1
123.9298 129.8477 1
142.5143 38.3399 1
106.4951 213.2532 1
106.2432 163.2418 1
101.8764 193.0825 1
154.7454 112.6225 1
130.3204 20.1665 1
105.0579 72.2451 1
110.3393 137.3804 1
154.0957 139.8562 1
184.4835 192.2230 1
132.9516 99.7484 1
123.1641 5.0340 1
163.2329 180.0683 1
103.6937 123.9463 1
164.6536 213.5577 1
169.0318 148.7970 1
109.3501 143.1403 1
123.8404 203.6680 1
139.2809 193.3398 1
170.5793 192.9695 1
137.3924 183.9928 1
122.4415 65.1122 1
114.7225 231.2039 1
129.8746 235.0793 1
108.3953 77.9232 1
111.0061 52.4099 1
177.2262 223.7669 1
128.4282 86.8425 1
159.4708 123.7436 1
159.5847 98.6372 1
155.2979 117.4403 1
154.1043 230.0623 1
137.0935 38.4368 1
117.0309 187.1875 1
122.5407 153.7322 1
136.3861 117.8438 1
126.0504 144.4234 1
118.5053 12.2956 1
148.3446 157.2047 1
123.7102 113.8591 1
146.7389 65.8813 1
168.0698 178.2041 1
128.1724 35.4936 1
139.3000 156.7031 1
108.9089 222.1463 1
155.5374 158.2220 1
111.9301 95.1262 1
136.8568 108.5505 1
125.2245 23.3134 1
139.4287 112.5147 1
109.8746 11.1654 1
157.9363 34.1643 1
152.4001 97.6516 1
149.7993 95.9928 1
111.1174 110.3915 1
124.8333 188.8715 1
133.6339 239.1297 1
172.3000 142.7922 1
138.1282 213.1022 1
167.6987 111.3628 1
126.5713 178.4870 1
144.3114 10.6657 1
105.8491 52.2926 1
159.8955 51.6677 1
120.2008 45.9955 1
135.3647 18.7000 1
156.8756 9.2180 1
147.2766 249.5969 1
163.7952 142.7174 1
155.8831 42.4106 1
120.1254 56.6796 1
136.0783 161.4646 1
142.8468 248.2238 1
141.3725 65.5016 1
161.9309 85.6776 1
135.1816 41.7498 1
157.6398 135.8566 1
184.2417 215.9259 1
113.9142 241.8240 1
122.8870 36.4788 1
147.4658 201.9860 1
181.6018 177.2641 1
141.1492 73.5734 1
116.6181 98.5486 1
177.4972 40.1029 1
149.9053 225.6853 1
132.8983 29.1607 1
126.4963 44.3829 1
148.8096 130.5170 1
181.8766 172.6119 1
116.3697 81.8383 1
142.7929 137.6528 1
164.4910 201.3785 1
166.6315 134.6971 1
136.0408 79.3124 1
131.7188 114.7688 1
164.5816 155.5853 1
172.9173 170.0780 1
110.6173 61.5734 1
168.0497 171.6792 1
103.4918 173.0696 1
157.6562 150.2418 1
127.1225 164.4262 1
161.7701 114.5885 1
130.6414 171.9171 1
110.1813 127.7055 1
140.8526 5.1565 1
144.6870 164.3937 1
151.7133 28.2589 1
119.2967 213.4745 1
126.1057 9.4713 1
165.6817 76.5424 1
150.8561 48.7257 1
137.4203 139.2226 1
104.4439 106.8896 1
155.9946 216.9550 1
119.0211 167.1418 1
114.5565 65.2345 1
133.8354 67.3338 1
162.5117 208.5637 1
105.4620 33.1727 1
176.6240 151.4175 1
168.6708 18.3614 1
163.7616 25.5627 1
119.1073 114.3414 1
157.3658 142.4153 1
157.1800 85.2214 1
130.1575 196.3544 1
180.0052 204.0967 1
173.2097 36.5372 1
177.8479 164.6628 1
102.4439 97.4825 1
112.7149 171.4507 1
112.5872 188.7950 1
137.8865 91.8436 1
179.4871 142.5826 1
160.0985 61.6027 1
128.8693 75.2002 1
106.4141 22.2954 1
102.3574 245.3192 1
122.8769 91.2231 1
100.8915 19.9795 1
146.2325 116.8463 1
149.9688 191.2359 1
136.7590 146.8532 1
146.0921 90.0162 1
169.5252 43.7764 1
104.8947 150.4480 1
117.2776 245.7153 1
122.1270 27.4136 1
174.1888 234.9171 1
159.7376 186.6951 1
102.1788 184.8924 1
170.5825 126.7806 1
120.4933 184.5475 1
141.8232 79.4444 1
150.0168 36.6627 1
175.7962 213.3455 1
137.8593 57.3583 1
183.2113 229.7523 1
159.4806 175.0079 1
127.1816 217.8391 1
115.3751 159.8602 1
138.8529 203.0581 1
162.3521 164.9309 1
155.2411 78.5747 1
185.9114 206.3682 1
120.6434 230.2916 1
161.8078 240.7100 1
148.0140 107.8272 1
121.5863 14.4559 1
145.2084 47.3618 1
168.3722 218.4570 1
143.0503 14.9523 1
150.6016 0.9962 1
151.2664 172.4097 1
164.9772 44.6082 1
155.3267 105.2004 1
117.8198 237.8150 1
138.2865 171.2774 1
125.6764 103.7793 1
115.5073 27.7260 1
134.3033 222.7978 1
166.0359 17.9109 1
123.9194 238.8608 1
144.3745 149.1304 1
122.0836 170.5409 1
109.6556 72.9496 1
101.7774 137.5018 1
134.8440 129.8144 1
158.1684 22.1375 1
150.6093 90.3176 1
107.0613 115.4746 1
166.5680 60.8906 1
139.1074 30.7414 1
152.0053 51.6464 1
163.4825 239.9318 1
119.4683 118.2232 1
126.2477 183.9427 1
129.9489 209.1369 1
119.8449 193.9651 1
115.0447 126.2353 1
163.7928 228.7942 1
151.4046 166.5568 1
145.8418 228.9001 1
163.2762 221.7094 1
135.0974 103.6824 1
173.8481 154.5015 1
142.9765 126.8337 1
129.4781 52.9929 1
179.9316 199.6416 1
101.7413 231.1726 1
109.8544 176.5553 1
147.8571 57.2222 1
112.9201 38.4142 1
163.9176 3.0257 1
137.0702 189.1698 1
138.5520 246.0571 1
148.7439 235.9372 1
172.1066 230.8387 1
