217.4266 65.1860 0
221.1181 72.9977 0
204.6007 7.6114 0
243.6378 21.7018 0
229.3393 90.9732 0
183.4732 208.7524 0
229.1184 59.5466 0
241.8834 111.5313 0
209.8073 8.4012 0
250.4164 164.9608 0
179.0383 54.0668 0
228.3646 147.7234 0
211.5864 75.2168 0
190.1466 47.8098 0
231.7811 120.3219 0
201.6707 70.3954 0
237.2824 135.2388 0
194.4733 180.6194 0
234.4033 215.7779 0
222.3023 80.9884 0
229.6961 4.0174 0
223.1278 246.5423 0
210.7231 84.0955 0
215.1692 126.2269 0
179.6213 176.2247 0
180.4581 120.1662 0
196.1530 188.4324 0
220.5451 153.7126 0
224.4255 226.8056 0
181.2369 73.7429 0
235.6261 171.4865 0
179.8003 87.7110 0
190.4383 70.5601 0
225.9671 231.2668 0
203.0836 211.6229 0
242.8413 212.6572 0
191.6479 116.7292 0
235.3272 163.2898 0
198.8765 211.2081 0
168.3456 83.1586 0
248.4300 112.1433 0
249.0498 4.2396 0
242.4256 30.3531 0
181.3447 33.2989 0
218.4616 203.1989 0
205.1137 116.0244 0
219.9651 167.3372 0
249.8769 51.1458 0
234.4667 27.7589 0
195.0761 38.6083 0
203.8695 109.2125 0
239.6953 3.0358 0
197.0354 27.4946 0
220.0808 143.8080 0
181.5063 116.0846 0
192.1987 211.7174 0
171.1237 87.4530 0
227.6177 113.1814 0
248.2668 206.9209 0
199.0162 219.4864 0
215.8012 56.5242 0
233.5288 108.1284 0
179.8002 28.6557 0
236.0705 218.2830 0
242.4545 72.9298 0
234.8527 146.8886 0
244.5560 192.3913 0
226.6174 133.6607 0
236.2110 35.9655 0
222.1773 95.4222 0
184.6649 49.6836 0
217.3012 15.4741 0
183.7145 131.9724 0
182.9262 160.9216 0
189.2661 187.2349 0
246.0415 96.5542 0
241.9646 230.1396 0
226.5892 46.7337 0
215.9208 183.3672 0
224.4247 192.7993 0
194.9397 72.9720 0
207.3205 194.5670 0
197.8412 235.9568 0
237.3280 188.0788 0
182.6966 191.9383 0
179.2814 181.0628 0
200.2826 35.8632 0
237.9236 42.8765 0
166.2877 91.0485 0
211.2819 170.8072 0
248.0129 24.6711 0
192.4497 9.6043 0
203.1104 103.9547 0
226.6382 36.3113 0
237.4417 241.9410 0
214.5034 102.6660 0
196.6541 199.4916 0
165.5798 111.6282 0
203.7316 14.8056 0
231.7332 201.5731 0
224.2802 140.8391 0
193.4206 98.1891 0
186.4364 122.8994 0
243.5007 147.6217 0
191.4645 14.4992 0
245.3452 126.8980 0
234.8047 156.1621 0
228.2810 40.6638 0
227.8099 67.6356 0
203.0851 48.3927 0
213.9049 23.4314 0
229.9722 139.1136 0
233.3563 191.7030 0
244.5444 153.1354 0
231.4983 50.2734 0
217.0153 194.2294 0
225.3004 28.9114 0
230.3873 164.6562 0
183.7092 52.1964 0
226.1622 18.5493 0
228.8564 223.3089 0
248.7580 42.3302 0
243.1826 175.2788 0
242.2757 118.0477 0
205.3421 247.8184 0
181.3914 144.1930 0
229.7255 72.9008 0
237.4927 205.2179 0
247.1704 236.8235 0
242.0600 61.8229 0
189.2274 39.0156 0
234.4857 227.7017 0
184.2430 111.6398 0
242.2050 78.8809 0
207.4850 189.3600 0
249.9721 83.2771 0
233.0348 82.2186 0
226.7094 175.2828 0
195.1072 171.2082 0
212.0433 47.7384 0
208.2435 200.0224 0
171.7278 71.6843 0
226.8896 187.5762 0
218.1109 116.0987 0
197.1427 145.9840 0
200.0332 88.6761 0
212.5877 117.9574 0
210.6132 102.1455 0
216.7054 75.7902 0
225.7517 122.1087 0
207.3890 158.4688 0
194.1595 106.2465 0
183.3307 96.2550 0
216.9877 4.4452 0
207.9457 204.6140 0
203.0710 172.6675 0
181.5669 64.2123 0
241.2095 245.7893 0
223.1956 103.1973 0
173.3835 98.7462 0
227.9438 11.5856 0
216.8574 240.7668 0
227.9566 240.1772 0
233.1828 99.5221 0
193.0998 79.3545 0
209.3010 250.0422 0
223.7316 86.6013 0
208.0755 180.4005 0
236.3531 9.5721 0
188.6556 30.1786 0
233.9899 19.3236 0
237.9082 195.9358 0
191.1217 101.7378 0
200.1817 164.7214 0
188.3156 176.8233 0
206.0959 99.2631 0
220.8257 123.7256 0
238.0464 80.8354 0
241.3371 185.1682 0
178.4131 105.6481 0
201.1602 150.8539 0
217.9418 157.7782 0
243.5686 16.4025 0
199.5775 4.5980 0
215.0415 231.9129 0
176.5805 58.9204 0
205.8801 164.7910 0
235.4929 64.7477 0
188.9261 62.7298 0
192.9659 52.3107 0
221.4752 185.6873 0
226.4992 200.8854 0
240.7457 130.8580 0
210.2812 31.5189 0
216.5533 131.9507 0
242.9670 159.2653 0
199.2789 58.9134 0
188.5168 167.6509 0
242.0701 106.4992 0
170.2492 108.1118 0
199.2342 132.9555 0
245.4629 217.3981 0
181.0052 186.2422 0
233.6167 209.7801 0
201.1853 225.4729 0
215.6156 210.9638 0
239.4796 93.5714 0
172.3046 46.8805 0
204.1203 79.9532 0
221.0674 63.1076 0
187.3952 79.5880 0
204.0929 141.3690 0
181.7735 45.5512 0
197.5878 193.7590 0
248.0782 225.9341 0
222.0789 237.5715 0
222.9478 160.3997 0
207.6132 40.7006 0
192.7809 160.9467 0
206.4405 236.2572 0
247.4610 143.1941 0
192.4474 129.3341 0
177.5530 40.9259 0
249.3351 56.0806 0
210.9863 211.2832 0
166.7414 102.4407 0
214.5424 95.0832 0
235.2056 72.8122 0
191.1285 87.0801 0
202.1013 23.4040 0
183.5796 20.3464 0
202.4695 94.2824 0
223.8453 222.2314 0
247.6757 118.3542 0
216.0083 150.3369 0
207.8491 62.9068 0
217.4321 178.4046 0
192.8062 151.1137 0
234.6266 247.3111 0
202.4338 52.9935 0
226.9591 0.5796 0
236.8163 128.2411 0
224.8840 212.9280 0
210.0218 109.7720 0
185.1209 199.7019 0
248.5153 8.6905 0
196.7854 156.2013 0
191.8048 63.0613 0
250.2939 125.5795 0
236.8441 120.3593 0
241.7287 34.6047 0
159.5510 118.1032 0
240.1893 52.8301 0
222.0432 20.4378 0
138.8952 21.7820 0
195.2922 120.8626 0
214.7883 137.3907 0
216.7905 28.5508 0
208.4767 16.9083 0
213.8288 37.6647 0
219.3101 90.8522 0
204.7723 228.7433 0
207.8341 219.7357 0
206.8987 136.6619 0
238.4252 179.3267 0
193.9791 141.4889 0
215.8533 45.3798 0
245.9072 181.5885 0
247.4536 241.8939 0
246.7106 70.3725 0
203.6777 182.5237 0
202.1025 126.5973 0
178.1262 82.5045 0
239.4743 88.9440 0
178.1866 97.7972 0
188.0255 6.6551 0
217.9886 110.7347 0
211.3503 161.3479 0
212.6248 226.7720 0
193.2145 21.0359 0
245.3454 137.1253 0
142.8417 106.4758 1
101.6020 102.9296 1
170.7851 162.0932 1
177.0251 233.1806 1
105.1365 208.6255 1
156.0367 148.1928 1
169.7843 56.2319 1
153.2134 173.7480 1
126.0662 231.9055 1
101.1229 36.8527 1
110.4396 189.1699 1
164.4726 148.0945 1
121.8893 216.7336 1
134.0685 43.9291 1
101.2703 11.1737 1
126.2104 197.0966 1
151.5505 242.4809 1
113.0714 199.3008 1
168.1224 235.6564 1
148.0386 223.0521 1
175.3371 241.8610 1
144.4697 95.0212 1
126.9389 27.5536 1
109.5240 82.3163 1
166.3442 198.4745 1
113.1428 69.5139 1
110.4060 53.8171 1
165.3990 224.1396 1
118.9528 237.8362 1
157.1675 122.6996 1
147.4591 82.0262 1
110.4339 87.4621 1
175.0005 125.1887 1
105.7293 9.0638 1
137.6604 89.0678 1
106.9995 4.8205 1
135.7077 195.9879 1
128.6542 175.5365 1
131.1519 178.8907 1
142.8144 179.7234 1
138.0254 80.7261 1
124.6552 69.0384 1
115.6867 24.2020 1
113.9212 64.4840 1
129.8375 22.6284 1
109.4971 103.8436 1
149.8642 63.5600 1
132.2419 219.0842 1
150.2529 233.1232 1
153.6826 178.3445 1
169.8544 197.8536 1
149.5994 164.1419 1
131.2251 125.7077 1
145.2996 137.6836 1
107.1749 23.7400 1
182.2737 246.7185 1
102.1104 146.5479 1
159.4913 157.3404 1
129.1164 35.9052 1
172.2575 21.7626 1
122.6494 113.7621 1
155.7778 68.4335 1
128.0569 144.9600 1
119.8431 136.2757 1
119.6145 145.0700 1
150.4438 44.6325 1
120.1648 180.0091 1
110.4086 245.3580 1
112.2002 148.0319 1
125.6813 168.2171 1
102.0242 157.9805 1
170.3583 212.3461 1
152.9473 105.9300 1
105.7371 200.0742 1
103.7930 69.7546 1
145.8929 10.1551 1
159.9211 21.9382 1
115.9753 204.9093 1
164.5248 179.7392 1
153.8329 52.1065 1
159.6507 99.7166 1
132.0349 31.1772 1
172.6174 143.8808 1
103.8121 47.6630 1
127.8238 8.4633 1
132.8502 97.3445 1
128.9685 161.8609 1
141.6858 26.2911 1
106.0547 182.2333 1
107.4958 97.0318 1
110.7820 7.3803 1
152.8590 35.8917 1
168.3611 138.7678 1
135.1405 227.5222 1
187.1596 247.6419 1
101.0395 51.2850 1
161.3380 55.1578 1
156.8242 228.2553 1
141.0686 174.3070 1
128.6170 48.6567 1
148.0072 83.3333 1
124.0474 118.5524 1
156.1772 80.3810 1
184.5491 218.9781 1
157.7811 63.4933 1
126.7611 18.9943 1
113.0812 109.4089 1
148.3178 152.5881 1
128.7080 133.2480 1
144.7761 239.0893 1
119.6809 186.5098 1
125.4497 187.3434 1
124.3335 105.9499 1
163.7325 171.2164 1
177.3436 115.6151 1
117.5972 97.7037 1
180.9208 171.8038 1
160.8038 183.3473 1
106.5259 120.4368 1
134.3764 168.2715 1
115.3687 228.7108 1
132.3380 141.3190 1
141.6573 166.7604 1
177.1838 137.0481 1
104.7033 171.7235 1
165.6492 37.4713 1
146.3989 193.6267 1
157.8431 101.1481 1
146.6716 213.7775 1
182.2584 228.7290 1
171.2897 128.1250 1
159.4394 12.5735 1
155.3318 168.8588 1
119.0562 162.5001 1
120.3442 38.5404 1
121.5981 79.2154 1
135.3562 64.8194 1
140.1193 2.1587 1
119.4008 55.3814 1
167.8622 168.8375 1
126.8050 247.2952 1
167.0599 18.8777 1
110.9806 127.5592 1
127.0009 223.3955 1
147.8600 190.1917 1
174.1779 219.6533 1
161.3817 69.8841 1
170.6361 184.6251 1
137.5517 101.9352 1
123.6429 60.2045 1
100.1645 20.0428 1
100.1465 1.3651 1
154.8789 155.9021 1
159.6122 136.6884 1
174.5238 75.2202 1
138.1472 118.1499 1
102.3936 229.9881 1
155.6427 208.8677 1
165.5287 250.1917 1
114.3796 114.5129 1
142.7129 217.3080 1
138.6876 131.3461 1
150.7453 74.7698 1
163.5425 49.5964 1
182.6974 14.5980 1
151.1858 32.5525 1
181.6088 238.5910 1
109.0748 222.4471 1
148.3409 136.6545 1
126.3824 205.4830 1
131.7147 109.8020 1
138.5551 55.6582 1
190.4457 232.9845 1
141.9426 72.1266 1
156.3581 217.6338 1
143.7987 204.9208 1
121.3264 31.9454 1
104.8922 77.5529 1
110.3925 135.3619 1
179.6982 195.8130 1
156.8339 191.4843 1
100.7369 114.3278 1
151.0424 119.1787 1
161.0954 245.3828 1
105.5602 111.9829 1
116.8591 1.9423 1
117.6790 41.0950 1
139.7499 243.8684 1
161.7027 130.3092 1
106.8824 92.8059 1
175.7474 7.1706 1
114.5670 164.7464 1
163.1511 61.1814 1
157.2518 17.5276 1
111.7440 41.7335 1
148.7099 228.5669 1
153.4703 1.7814 1
112.7425 74.4634 1
164.1209 208.0832 1
136.1986 12.0820 1
152.2362 134.0010 1
161.4485 108.2986 1
134.8668 122.4586 1
147.1663 56.1088 1
171.2141 157.0265 1
102.1908 64.5236 1
159.8086 41.0763 1
173.5962 207.4291 1
170.2731 9.2568 1
142.5879 143.0657 1
168.1689 231.0232 1
151.6072 110.3832 1
140.1695 15.5043 1
149.0956 92.4638 1
144.7731 62.3803 1
151.8483 200.8064 1
115.7335 172.1825 1
104.5084 248.7075 1
105.6588 235.5975 1
130.6646 81.6746 1
157.9641 4.4405 1
110.2355 178.5661 1
133.0283 204.1865 1
179.3085 153.8020 1
167.0465 121.4454 1
162.6868 86.1891 1
170.4821 153.1677 1
136.9497 149.4211 1
172.6947 29.6377 1
154.7872 87.6012 1
100.1116 153.4047 1
163.3839 9.5709 1
145.4555 15.1443 1
126.3701 215.7998 1
101.9037 189.3288 1
113.6647 33.4174 1
195.5079 244.4825 1
139.0444 33.2039 1
175.4534 248.4668 1
124.2470 93.5211 1
