246.8409 71.3408 0
250.6781 106.6666 0
203.9876 249.1614 0
238.9559 60.6575 0
239.0027 29.9680 0
215.7593 140.1199 0
186.5678 234.7919 0
172.2538 7.7650 0
218.4134 126.0437 0
194.9894 0.6262 0
197.1989 93.9814 0
230.9263 224.1299 0
195.4533 88.4209 0
211.7286 71.0344 0
203.8090 158.3709 0
223.6682 105.2580 0
246.1472 176.7605 0
194.5717 238.5157 0
238.5597 8.6581 0
241.2192 115.9721 0
193.2959 20.9052 0
232.6044 123.8685 0
218.7085 2.2910 0
165.9604 173.9467 0
202.7578 207.0280 0
219.4439 186.1051 0
207.1869 3.0338 0
231.7642 201.8939 0
242.2694 210.2392 0
203.7697 85.3923 0
191.9458 45.3349 0
240.5347 202.9453 0
217.6954 245.0937 0
207.9600 138.4978 0
198.5799 156.6600 0
219.0302 25.1525 0
113.4255 41.0837 0
229.5794 152.2186 0
178.6664 5.8261 0
203.1444 24.8814 0
220.6336 116.7353 0
246.8058 225.8201 0
238.4578 189.8650 0
248.0492 97.8730 0
222.0631 76.8990 0
190.7125 187.0749 0
227.1177 33.1443 0
196.5098 25.0163 0
188.9422 201.9775 0
187.2113 167.5729 0
199.4782 229.5930 0
241.6392 170.0979 0
192.2329 71.6610 0
187.3165 150.2098 0
216.3048 161.7627 0
204.6138 239.9135 0
238.3417 76.2691 0
210.0716 105.9964 0
228.9326 83.1858 0
246.4348 10.6695 0
239.1019 121.0625 0
232.8147 180.8533 0
201.6633 43.6805 0
217.5985 173.8828 0
231.9987 68.8311 0
174.7793 1.8856 0
230.2709 166.1499 0
222.7029 227.1046 0
215.6602 218.9120 0
219.1669 155.7488 0
212.7397 48.3902 0
239.4643 245.2523 0
230.2993 215.2738 0
216.1489 121.3842 0
183.6405 197.5160 0
201.4022 235.3585 0
205.8515 199.2728 0
246.9300 123.2258 0
246.7369 59.2110 0
189.8915 218.1763 0
216.1407 74.7156 0
245.9320 83.7742 0
186.8341 78.5576 0
222.3146 213.0065 0
224.9539 192.9673 0
188.4355 11.3637 0
203.2290 136.9658 0
205.0572 54.4103 0
237.5570 35.7035 0
195.8209 184.6831 0
197.9421 213.2305 0
227.0141 143.6378 0
196.2524 6.0489 0
227.7365 5.6546 0
216.2649 234.1830 0
250.2420 6.5915 0
199.4484 100.9291 0
174.7662 163.1512 0
227.9155 175.6419 0
179.2984 240.5240 0
226.6969 61.9277 0
234.6502 101.7722 0
228.9050 73.8226 0
196.6229 65.0970 0
222.0755 165.3349 0
248.9915 0.6507 0
238.7484 24.9299 0
189.5460 36.9480 0
247.9801 242.1842 0
191.6281 57.5438 0
219.3976 56.9581 0
210.2684 28.4303 0
180.9048 10.2704 0
208.8323 213.4743 0
208.9943 114.7808 0
245.9616 193.2564 0
196.6594 80.9924 0
232.9968 249.9120 0
208.7776 87.0810 0
180.0953 154.0290 0
212.7800 24.5602 0
229.8118 138.1482 0
223.0586 135.3792 0
223.2140 230.5005 0
230.1234 40.7436 0
199.0334 147.3044 0
199.8817 120.7815 0
194.5145 52.8146 0
209.4276 238.6827 0
182.7872 65.9319 0
240.3486 235.9888 0
239.4477 228.3043 0
237.5749 140.5726 0
235.9902 199.0124 0
206.6316 79.2641 0
215.8036 170.1047 0
200.4715 165.8528 0
199.0260 51.1290 0
241.4419 161.5874 0
241.0463 3.1992 0
216.9202 148.7687 0
242.1141 38.7127 0
245.8317 156.0524 0
228.4688 92.2203 0
180.7146 28.3307 0
215.9630 7.0820 0
239.9846 52.8136 0
234.5177 46.3364 0
173.0091 152.3828 0
194.9603 141.3553 0
229.4560 187.3343 0
219.7515 100.1299 0
220.6752 41.2443 0
217.4694 32.2158 0
229.2430 10.3622 0
233.3679 114.0094 0
241.4276 106.1685 0
213.4681 246.0095 0
224.9621 123.4086 0
198.7607 203.5942 0
206.4820 64.9962 0
200.6155 35.5863 0
203.7271 94.7763 0
232.9342 219.9900 0
250.3858 51.1883 0
217.9391 193.8017 0
205.2602 35.0875 0
203.5881 103.7275 0
225.0064 149.9640 0
207.5266 124.5041 0
209.7402 128.9545 0
224.2382 208.6047 0
250.4691 129.7570 0
230.2885 236.7259 0
190.4461 31.3034 0
242.3541 142.2422 0
242.9809 232.7250 0
172.0792 243.6867 0
213.2099 40.5188 0
249.2540 135.6971 0
165.8676 10.7299 0
214.8797 201.8530 0
172.6758 61.8064 0
216.4858 66.1771 0
226.0383 250.2110 0
224.1135 199.1254 0
186.9175 16.6759 0
233.2636 170.9435 0
221.2646 15.4491 0
216.9034 82.8247 0
182.5870 163.6311 0
191.4557 149.0748 0
190.1250 161.2786 0
195.5962 164.7431 0
208.0895 191.5843 0
209.9158 10.0134 0
205.8006 222.3405 0
250.0749 158.4545 0
220.0831 87.2882 0
179.6471 245.7724 0
199.3232 76.7313 0
213.6003 115.8444 0
243.9952 93.0223 0
199.2542 59.9820 0
197.2187 14.4086 0
205.3576 19.5458 0
249.2025 203.4491 0
238.3910 87.2104 0
193.2271 234.0373 0
190.7657 194.5899 0
192.0043 248.0540 0
246.3254 115.2148 0
215.5667 206.8712 0
207.4885 153.6396 0
228.2586 112.3974 0
175.4966 168.2443 0
198.9836 133.7830 0
187.1090 57.8296 0
174.0049 13.1105 0
180.9717 174.9317 0
225.2547 26.0000 0
213.8232 229.7201 0
229.5253 101.9142 0
219.3317 240.6522 0
211.6657 217.9229 0
232.3702 54.9407 0
201.6135 69.4422 0
239.8924 47.4104 0
241.9757 130.3253 0
239.4355 18.1286 0
221.0531 181.1310 0
221.2195 218.7750 0
202.3352 179.3686 0
236.2775 154.2344 0
207.9737 92.6389 0
213.0159 135.0952 0
212.5603 180.2509 0
231.6570 63.2856 0
209.8113 58.0534 0
235.8310 240.3431 0
248.3385 167.2507 0
199.1647 174.2382 0
249.8369 147.6005 0
179.3233 36.4564 0
175.0343 38.1388 0
206.8544 46.2242 0
235.3687 133.3542 0
209.9818 35.3808 0
165.5712 0.7488 0
234.5895 189.1567 0
212.2651 17.5822 0
200.9553 197.7256 0
239.4859 70.9175 0
243.0559 217.9517 0
221.6482 50.7166 0
229.7528 132.2588 0
203.2752 192.5888 0
205.2220 144.7279 0
208.4008 97.6193 0
222.4389 112.3755 0
187.7292 141.1706 0
193.9350 207.1689 0
204.4680 168.4979 0
224.0396 239.6121 0
228.9535 18.5706 0
179.8077 44.3545 0
230.0738 161.0507 0
121.7793 98.1413 1
161.2144 52.5519 1
165.0730 76.3738 1
133.2013 182.4159 1
138.1353 14.5947 1
117.6440 232.3309 1
103.3722 204.0710 1
110.3797 5.4393 1
107.1336 79.7541 1
123.5622 148.8593 1
170.0375 181.7818 1
118.9157 207.7139 1
131.1474 157.9481 1
138.1680 109.2031 1
114.9758 26.0217 1
162.6344 191.0233 1
121.5998 45.7561 1
132.3600 11.5194 1
115.7803 112.9925 1
121.6108 106.7708 1
101.2256 222.5797 1
123.3270 185.0265 1
158.6803 154.7563 1
171.0701 25.7299 1
168.6792 117.3710 1
162.5186 166.5769 1
124.5649 38.2194 1
158.9806 125.3088 1
114.1471 155.1853 1
151.8322 225.5096 1
176.6645 98.1860 1
164.0922 118.4594 1
188.3955 125.2275 1
119.7616 162.2139 1
117.8698 177.2058 1
104.7402 201.2113 1
120.3981 21.8817 1
162.0255 216.7273 1
118.6880 124.7270 1
131.1298 122.2162 1
109.7997 63.0254 1
139.8876 92.9537 1
116.3134 239.6802 1
126.5064 217.1609 1
100.9916 82.5975 1
123.6586 153.2220 1
147.5934 119.0280 1
179.3145 83.1649 1
165.0095 225.6426 1
142.7603 235.0594 1
108.7886 168.8720 1
161.5166 101.6725 1
102.1324 1.7537 1
136.0210 202.7514 1
130.9715 231.6791 1
131.2027 98.1578 1
153.5536 104.6048 1
148.3392 59.6996 1
175.0454 48.2085 1
129.4615 238.8080 1
110.4107 113.9439 1
155.3394 12.2500 1
103.2212 117.9041 1
149.7426 138.5604 1
129.4510 66.9115 1
101.9509 105.0714 1
111.3201 122.4373 1
151.0738 162.9300 1
186.2584 230.1404 1
102.0626 214.2850 1
174.5358 139.6786 1
159.4579 228.7185 1
106.5640 71.9915 1
146.7827 86.5365 1
177.7100 119.0446 1
107.8075 13.0739 1
149.4911 230.1319 1
161.3113 3.9357 1
169.1878 218.1312 1
127.2404 55.2846 1
124.4365 110.6315 1
162.0176 89.9463 1
146.4322 47.5344 1
115.3770 104.8661 1
135.4605 88.0338 1
124.1359 118.1825 1
105.3844 238.7623 1
145.1958 94.6567 1
105.0787 172.9633 1
140.9197 218.6259 1
126.5269 30.0471 1
161.5247 26.8949 1
182.5340 192.1168 1
170.4146 189.3107 1
103.3820 24.1979 1
164.3358 141.0522 1
134.9657 73.9208 1
178.4433 67.5858 1
166.4848 242.5869 1
134.0826 54.8358 1
140.3510 64.6896 1
132.7120 137.1096 1
160.0450 187.4149 1
136.1298 170.7983 1
113.0776 47.0415 1
160.8808 175.0416 1
115.3869 142.4864 1
123.4730 168.9363 1
184.4334 132.3798 1
159.2434 149.1524 1
160.0781 209.8825 1
128.1934 184.3304 1
150.7285 151.6893 1
115.7910 170.5174 1
109.0427 148.8203 1
137.7897 127.2470 1
150.5209 144.0902 1
102.0066 152.7649 1
172.8393 125.2882 1
106.9028 127.1210 1
130.8036 104.4689 1
142.5357 37.6147 1
124.3688 16.0988 1
164.0743 130.3843 1
118.4575 91.5621 1
121.5738 33.7016 1
160.8745 37.5690 1
145.0294 61.8525 1
146.1295 31.8148 1
167.0384 49.9925 1
154.6523 186.7006 1
117.5437 3.1825 1
102.9942 109.5161 1
114.7767 74.0974 1
142.9207 249.7724 1
177.0679 113.4931 1
154.8484 67.0842 1
132.0091 190.4511 1
154.2632 241.7468 1
136.2744 62.3993 1
131.2973 135.2796 1
164.8628 66.8421 1
138.1331 185.8447 1
103.1354 132.8002 1
104.3420 60.1173 1
136.6247 2.2859 1
150.1483 96.0092 1
107.6649 144.5953 1
102.9142 190.0462 1
145.3591 180.5075 1
182.0618 105.5429 1
145.0778 10.7101 1
182.1440 48.4508 1
148.3136 241.8107 1
119.6941 135.2691 1
140.3209 53.3808 1
189.3618 88.7251 1
164.9714 202.3303 1
115.1879 153.3901 1
147.0589 74.7697 1
150.7514 123.8556 1
105.7970 230.4928 1
153.9310 249.5444 1
132.5891 194.8789 1
140.1390 138.4827 1
167.7812 159.8128 1
131.6403 148.3199 1
158.2501 112.2843 1
127.5533 50.3933 1
142.9009 202.0468 1
156.8461 80.4068 1
150.1707 246.5807 1
147.5526 6.4487 1
175.7037 204.7339 1
128.1619 172.2715 1
120.2697 86.1806 1
145.9343 159.9877 1
150.9975 184.4753 1
140.3183 107.8949 1
111.3651 208.1185 1
118.4672 12.0810 1
141.0672 209.7964 1
111.1822 219.9099 1
124.4305 63.5054 1
138.6200 242.1401 1
105.5557 101.1053 1
136.7956 227.6205 1
121.1136 227.1020 1
141.4800 225.1844 1
121.4306 72.9842 1
116.9326 247.2753 1
147.0979 202.8796 1
141.4154 190.7341 1
111.9093 189.5251 1
170.8978 33.9790 1
174.8769 147.0536 1
182.5768 221.6787 1
111.6815 181.3801 1
118.0527 56.7569 1
152.4896 24.8602 1
123.2476 3.6848 1
167.5662 56.1040 1
134.4174 32.7641 1
144.8763 19.6683 1
168.6048 137.0133 1
194.7056 135.7769 1
139.2291 118.6962 1
191.0060 120.0861 1
174.3452 217.0691 1
129.2255 130.0412 1
183.5909 181.1071 1
166.9919 109.3862 1
190.8514 98.9549 1
168.1856 84.6295 1
173.3487 75.9735 1
127.3544 86.8432 1
105.0491 88.8389 1
149.2661 194.3163 1
125.1880 194.3016 1
143.0924 128.8330 1
182.5894 212.3393 1
133.1190 244.7260 1
119.4051 183.8987 1
177.2052 93.0213 1
172.9774 185.7005 1
184.3945 113.2590 1
137.0411 26.2596 1
142.2689 170.0063 1
196.1751 111.0811 1
156.4845 87.9321 1
110.5181 32.4395 1
118.1589 29.3555 1
134.6476 212.0564 1
175.8146 197.0962 1
164.6661 20.5195 1
168.9716 208.6272 1
