225.7896 58.1876 0
217.9780 78.6113 0
188.4728 241.7827 0
247.1803 37.1639 0
247.9951 18.0099 0
200.7940 103.5487 0
191.3380 219.4696 0
199.1438 6.6501 0
226.9219 106.4410 0
236.4596 111.0793 0
191.1775 245.5406 0
197.6720 26.4117 0
250.2170 107.3691 0
234.0260 179.8201 0
203.0800 34.7932 0
235.0172 94.5368 0
178.0166 71.6989 0
207.0923 123.2102 0
214.6113 86.9102 0
234.4645 174.1286 0
186.9669 206.8962 0
216.4059 69.5337 0
222.8891 2.5963 0
239.5040 82.4222 0
222.8065 227.2459 0
185.0850 88.6498 0
244.2369 157.5507 0
203.0458 171.8587 0
241.0576 92.3203 0
190.3027 138.1780 0
216.4015 221.1159 0
219.9351 185.5267 0
242.0594 4.2478 0
210.5151 73.8725 0
239.5049 194.0063 0
192.0877 61.6034 0
191.1133 15.5199 0
212.5156 225.1417 0
235.4188 147.1749 0
238.0929 139.5729 0
189.3059 120.4462 0
218.7360 231.1988 0
158.8512 74.8479 0
221.4219 143.1871 0
245.3625 45.7362 0
177.1045 25.0904 0
226.2286 223.5395 0
215.9490 119.0482 0
232.3598 51.4499 0
209.9673 53.1418 0
184.1239 114.6640 0
231.8952 13.1422 0
190.0254 5.6562 0
195.3891 162.7055 0
189.7847 116.9260 0
209.3717 212.8469 0
243.9492 145.7516 0
182.4274 58.6731 0
196.5961 136.8804 0
209.0659 135.3857 0
191.0243 229.5649 0
243.7386 100.1770 0
215.6761 50.8068 0
216.9822 107.4023 0
201.7989 61.6524 0
229.7673 78.1733 0
246.5118 188.3308 0
233.1671 162.0755 0
217.1938 9.3670 0
201.2936 150.1366 0
209.0582 43.3968 0
185.1715 237.0247 0
185.5701 136.3081 0
199.4130 194.2979 0
208.5838 204.4244 0
214.6706 131.2503 0
237.6336 16.2950 0
228.9735 205.9690 0
217.3856 201.8560 0
222.4449 94.3175 0
182.9412 208.6803 0
199.1126 213.4170 0
196.6100 178.3553 0
232.8550 98.1480 0
244.3337 119.2347 0
203.7953 187.3398 0
242.8992 87.9297 0
200.2315 44.6364 0
240.2280 53.6538 0
196.4589 53.3000 0
216.1319 179.1872 0
239.0833 186.1830 0
184.4722 17.9817 0
178.5466 134.5247 0
236.9647 38.5306 0
248.2942 2.3695 0
210.4556 157.7977 0
233.0154 117.9487 0
179.2689 231.7368 0
200.3051 117.0003 0
210.3765 246.3317 0
248.5793 228.1428 0
218.5598 195.3002 0
197.3940 86.3314 0
181.7641 96.5403 0
170.5214 231.0683 0
241.8745 112.7273 0
245.2486 178.1413 0
229.0440 34.2735 0
233.8261 71.2680 0
222.3534 45.9491 0
198.3684 17.8023 0
213.3636 146.3006 0
242.5089 63.8357 0
239.6066 227.1656 0
221.5303 5.4815 0
229.0165 193.7617 0
219.4865 31.5521 0
240.3390 26.7682 0
200.1969 243.5286 0
242.3413 123.6801 0
181.6965 249.3660 0
194.7628 168.1207 0
183.5510 70.5191 0
243.6296 197.3566 0
248.2738 82.9950 0
181.4975 36.5546 0
249.8387 222.8461 0
178.6795 86.9059 0
192.1398 109.4362 0
241.6771 221.8448 0
232.8203 104.4668 0
208.3910 107.7229 0
214.9294 208.6405 0
244.9691 28.0722 0
182.2837 144.2525 0
208.5721 97.8663 0
210.1408 14.3765 0
204.8147 221.1138 0
176.2286 35.4129 0
247.5370 205.6951 0
235.3523 157.0730 0
212.3743 175.1913 0
204.5046 56.8249 0
228.0541 132.6907 0
230.8116 152.6370 0
196.1241 130.6294 0
214.1709 26.4238 0
219.1898 128.5015 0
219.8243 137.9445 0
206.6250 69.8268 0
199.0791 248.4257 0
224.8997 217.4870 0
230.2018 47.1136 0
239.4532 8.0473 0
193.6117 146.1107 0
189.4823 64.7177 0
206.8180 154.0459 0
198.2857 74.6373 0
228.8750 4.9048 0
227.5128 240.8412 0
242.8837 245.2469 0
211.4082 82.5179 0
233.3354 58.9044 0
194.2125 233.1840 0
221.7510 82.5418 0
189.2584 180.6736 0
245.4049 59.4709 0
190.5649 38.6082 0
219.9305 16.1905 0
203.7227 74.8271 0
212.2472 190.9928 0
218.7010 163.3572 0
215.9420 249.7730 0
192.6838 87.1313 0
222.5110 124.8666 0
213.6459 100.5827 0
239.1479 208.8185 0
192.1658 100.7387 0
216.5284 168.6268 0
231.8750 123.2210 0
232.6786 197.0505 0
229.5689 20.1040 0
236.0916 131.5074 0
176.0934 248.4431 0
223.3849 237.7620 0
249.9014 130.0224 0
175.3020 10.1584 0
206.3170 182.4179 0
184.3102 26.8318 0
189.7319 42.7992 0
244.1647 217.7440 0
246.4502 213.0148 0
229.8255 171.6307 0
204.1317 14.3133 0
228.3842 147.9271 0
234.7279 217.3424 0
209.1827 35.4673 0
186.4900 130.5208 0
209.2425 92.3063 0
196.0820 124.8720 0
178.7006 123.9532 0
207.3187 199.9115 0
207.2934 231.0110 0
194.5881 205.9054 0
204.6229 88.2521 0
166.8681 241.2523 0
187.2243 30.1923 0
196.0638 106.4815 0
214.9325 58.9930 0
228.9819 166.1474 0
220.2594 21.7647 0
214.8261 234.9903 0
202.2525 236.0855 0
220.7850 173.2848 0
214.1208 66.0562 0
221.9724 153.3043 0
200.1364 223.7455 0
204.1084 162.3918 0
169.5469 4.2345 0
240.3896 73.7680 0
191.7738 213.8432 0
201.7389 155.0085 0
201.7227 65.7294 0
178.1590 142.0173 0
227.3284 65.6917 0
178.5961 77.0907 0
195.8647 30.6132 0
182.7994 4.9886 0
205.6632 127.8693 0
236.4866 239.2234 0
225.1927 180.0611 0
223.2361 89.5403 0
225.3130 201.7597 0
202.1715 209.6762 0
247.9546 9.8443 0
208.7862 27.4519 0
234.2975 247.4997 0
226.0586 115.4973 0
239.9171 237.7075 0
216.9618 153.6260 0
202.2432 201.1409 0
196.0380 157.0340 0
244.5038 136.7525 0
189.6224 48.0957 0
220.6710 116.0206 0
234.6817 66.0936 0
182.5213 101.8077 0
232.3306 39.4964 0
224.5450 27.5754 0
227.5117 186.7512 0
243.3145 163.6893 0
126.4284 191.9232 0
173.8777 133.3887 0
245.4562 152.8560 0
223.9989 135.0628 0
213.5265 239.6575 0
180.0724 15.4490 0
232.6935 28.2217 0
213.0950 115.1983 0
230.0853 233.3532 0
176.1126 240.9034 0
225.6868 157.0030 0
230.7543 83.8685 0
227.4789 211.1772 0
208.5488 167.9497 0
217.2079 39.8865 0
243.3301 17.2552 0
228.0184 97.1564 0
244.5994 132.8801 0
207.3843 193.3896 0
212.1364 139.8806 0
188.3147 81.2841 0
217.6768 102.9044 0
192.9392 93.8717 0
181.9289 227.8128 0
201.0412 139.9456 0
239.0455 202.3885 0
246.0841 239.8791 0
205.8107 4.5543 0
239.3664 169.1308 0
128.3071 88.2960 1
103.1004 235.0057 1
128.4529 115.1112 1
145.1797 59.8949 1
109.1356 245.3813 1
121.3547 161.5833 1
103.4390 176.6169 1
108.2247 117.7283 1
118.1115 41.5711 1
108.6637 74.3579 1
171.4362 150.8262 1
176.4638 202.4946 1
135.7722 88.3321 1
139.2455 23.2541 1
178.2739 173.1105 1
131.6707 100.6179 1
115.3327 235.4870 1
154.3998 136.0507 1
126.2517 234.2533 1
149.4528 222.8476 1
178.1445 193.9635 1
121.3434 231.4845 1
157.5126 68.0062 1
143.1920 246.2725 1
130.6325 54.8406 1
152.2846 205.7242 1
102.1818 209.7940 1
127.2958 101.1023 1
146.0329 131.1376 1
127.1000 128.4484 1
172.9061 127.4809 1
174.3530 221.7179 1
138.0324 9.4765 1
113.9034 183.0482 1
159.6195 146.3397 1
125.5013 147.3623 1
135.0311 129.3107 1
115.8867 28.4496 1
135.2745 161.6595 1
165.7757 94.1212 1
163.0641 200.8052 1
148.9627 59.0546 1
135.2199 140.6002 1
107.6594 223.8147 1
150.3293 182.9693 1
125.2577 71.7900 1
135.9956 32.2522 1
107.7982 108.4188 1
130.7245 36.0225 1
106.6469 218.5185 1
108.3409 176.8960 1
148.6122 45.8626 1
172.7049 107.4189 1
141.7563 98.3047 1
119.8880 210.4699 1
102.7737 101.4099 1
117.2417 193.4875 1
153.9969 221.6323 1
168.1208 158.4228 1
151.1180 242.2409 1
100.2894 188.2464 1
157.5546 114.4459 1
170.9966 17.8428 1
101.5776 42.4100 1
168.6455 65.6758 1
154.4050 88.0199 1
104.5427 64.5151 1
136.8843 79.9769 1
156.2013 21.3144 1
153.1458 8.4694 1
156.3340 177.3940 1
146.7511 78.2709 1
120.0003 65.0515 1
165.0685 138.6929 1
147.3975 23.9620 1
128.7390 16.3427 1
175.4554 80.9128 1
127.5470 48.4862 1
143.1904 123.5702 1
147.9470 34.9455 1
190.0589 153.4198 1
111.5879 188.0739 1
170.5479 200.5403 1
105.8029 29.6944 1
128.4045 44.5066 1
147.4872 194.4241 1
171.7606 187.8156 1
101.9939 13.1864 1
161.8478 111.5352 1
135.6028 69.4755 1
174.1724 46.7152 1
161.1776 231.3750 1
144.2152 86.4133 1
109.5801 52.2980 1
135.7236 114.5884 1
195.1520 188.0856 1
116.5772 68.9166 1
117.9613 135.9405 1
170.7039 181.1414 1
150.6973 155.8181 1
159.3223 83.5613 1
107.2005 139.2828 1
153.1249 164.4957 1
183.0093 184.6265 1
100.4213 79.3396 1
158.9456 158.9086 1
163.1289 150.5276 1
144.9964 159.5004 1
151.0705 122.5206 1
111.2673 166.8515 1
132.9258 152.4385 1
143.1315 35.8612 1
124.2167 176.6757 1
122.9308 57.8557 1
131.7773 179.4295 1
145.1187 69.6682 1
100.6438 32.4970 1
165.6090 61.3423 1
180.4265 44.8447 1
106.6023 129.3097 1
117.2652 99.0749 1
145.9240 219.0033 1
108.6174 17.9783 1
129.0212 156.3500 1
107.9266 84.4051 1
114.1027 60.5467 1
140.2317 177.8654 1
118.7595 76.2000 1
180.1102 164.7554 1
161.5725 12.2944 1
163.2863 34.1416 1
181.4585 159.6989 1
153.7119 101.0703 1
139.0712 196.3777 1
146.3310 206.4663 1
149.5880 43.3027 1
174.7065 184.8483 1
103.1290 168.9186 1
132.3063 201.6758 1
138.4410 110.0366 1
172.5624 165.0765 1
166.2926 103.8031 1
126.6125 62.4437 1
113.0011 19.6828 1
107.1777 38.1091 1
157.8611 120.1776 1
141.1858 192.1998 1
156.9968 133.7985 1
140.2537 40.5547 1
172.4822 34.7833 1
122.9739 170.4890 1
130.1095 26.7986 1
161.2516 205.8403 1
114.6579 161.8069 1
108.1018 203.9428 1
167.5112 127.9206 1
126.4391 203.7112 1
166.7860 85.9258 1
133.6720 17.9558 1
115.4702 228.4637 1
155.2562 64.4967 1
182.7393 218.7113 1
163.7709 164.1675 1
103.0991 72.9559 1
134.9010 232.4626 1
101.2885 52.9169 1
139.8265 158.8434 1
156.3514 214.4306 1
128.7529 208.3454 1
159.1630 101.3458 1
152.2646 213.2483 1
116.0934 89.8041 1
121.6290 22.7777 1
133.8491 244.0065 1
113.5014 143.6749 1
142.3636 107.8258 1
140.3109 0.6738 1
139.2958 50.1408 1
128.4233 196.0688 1
137.5719 240.5253 1
117.9470 1.4955 1
156.2651 233.9770 1
154.2843 187.5222 1
106.8516 212.1678 1
174.1588 60.2684 1
177.4281 112.7701 1
124.5220 7.0472 1
139.7086 182.2560 1
119.6266 108.1431 1
113.0545 40.0780 1
165.4804 30.0697 1
145.6591 10.7170 1
105.7220 97.5399 1
143.8353 137.8938 1
140.6803 149.9214 1
111.8889 138.7937 1
124.1452 84.6795 1
103.3463 121.0658 1
149.7007 15.2638 1
128.6796 133.0519 1
122.6773 101.7304 1
105.5734 196.1232 1
171.8593 93.1141 1
156.1557 30.8431 1
158.2148 57.4111 1
158.8895 249.9202 1
116.7505 149.4162 1
146.5565 233.3186 1
112.3237 237.9285 1
117.1644 117.4902 1
170.7961 209.7063 1
133.2449 171.9728 1
122.3581 249.5757 1
164.1135 194.1425 1
145.2791 94.4733 1
148.2004 177.8919 1
149.1885 111.1255 1
112.4237 67.5163 1
136.9423 214.7187 1
109.6836 149.3924 1
152.9104 75.6033 1
100.1077 115.9251 1
158.1258 44.0489 1
100.1375 23.9419 1
127.4198 248.9042 1
161.6920 242.5192 1
154.9450 244.4758 1
165.6451 223.1659 1
