235.4781 64.3015 0
231.2770 78.2542 0
207.8154 5.9078 0
240.3278 38.2735 0
250.2363 36.8711 0
250.9532 0.8762 0
221.5901 82.9378 0
179.7466 243.0196 0
219.1624 39.6575 0
230.7917 110.5472 0
241.4781 114.4947 0
218.3549 18.8765 0
200.6318 42.1284 0
238.7529 157.0202 0
207.8201 61.2395 0
193.6324 48.1771 0
221.4286 119.0634 0
199.5074 65.1496 0
249.5222 165.1095 0
202.9799 180.8290 0
238.1173 221.4178 0
213.4695 74.7467 0
232.6169 9.9714 0
222.3700 244.5647 0
199.0352 95.5919 0
207.6980 137.3025 0
209.0617 160.8228 0
239.7445 105.9076 0
182.1233 110.3706 0
201.2893 207.3229 0
237.0584 168.3042 0
240.0376 235.9947 0
191.1624 74.6923 0
249.3182 182.3379 0
187.3924 76.6224 0
191.4785 39.2485 0
220.5662 217.0940 0
250.6952 135.3195 0
189.3205 115.3075 0
210.8684 225.6125 0
185.3025 58.9897 0
247.1934 125.6106 0
249.6171 40.9639 0
187.5016 26.4564 0
230.2797 222.5364 0
218.5487 125.4062 0
239.0698 173.9543 0
244.1927 64.2091 0
245.3560 35.1426 0
205.7324 48.4785 0
187.5651 132.6498 0
207.9131 24.9463 0
226.2587 149.0789 0
179.1949 107.5913 0
197.5453 223.6532 0
184.4700 69.3556 0
206.3943 100.6293 0
236.8155 117.0577 0
214.4126 239.1543 0
227.4023 64.8212 0
221.9979 111.3068 0
189.5922 21.5623 0
243.1140 222.6980 0
244.9775 152.3699 0
226.5715 30.7951 0
214.5788 114.9443 0
213.0264 53.8108 0
226.3312 4.1661 0
171.1696 131.0336 0
201.5152 172.6170 0
201.0258 202.2155 0
231.9633 114.9091 0
233.7710 49.3742 0
219.0114 197.7657 0
224.8650 202.2147 0
203.4437 79.6335 0
209.3102 193.7528 0
199.1266 214.2525 0
238.7209 208.0137 0
190.4099 180.4702 0
194.1186 184.8462 0
220.2656 32.4740 0
238.4178 45.7831 0
194.0483 64.7573 0
224.0051 190.9624 0
240.9531 164.3560 0
198.5700 249.4809 0
191.7780 104.5297 0
239.9048 26.5930 0
247.3738 240.3555 0
197.1214 118.1969 0
207.7907 218.5887 0
186.7915 103.7416 0
226.7862 15.2139 0
234.9165 206.5840 0
226.3044 159.7369 0
194.6716 92.1835 0
178.1514 128.8093 0
196.9642 6.2664 0
248.1964 130.2232 0
233.3656 158.1234 0
232.6350 41.1055 0
235.1413 75.2524 0
218.3655 61.0993 0
219.5705 23.5524 0
241.7786 137.3067 0
247.3024 211.4894 0
243.9173 47.8184 0
228.8245 213.4578 0
234.0071 14.9877 0
235.6682 183.7327 0
212.0420 41.7220 0
248.8540 27.2253 0
227.6742 247.6539 0
240.9502 127.8614 0
205.6257 1.6735 0
191.6915 164.7769 0
196.4167 82.7157 0
193.7292 33.9771 0
250.6351 224.7359 0
172.8206 104.3493 0
231.9249 100.8845 0
217.1520 205.1871 0
234.7882 104.7908 0
235.9068 93.1717 0
228.6137 194.3474 0
200.6968 167.3648 0
220.8723 98.7245 0
219.1105 36.6414 0
222.1350 210.4031 0
177.4899 45.4776 0
249.6022 191.1193 0
232.4216 136.6636 0
196.9355 170.2420 0
197.7557 78.2074 0
248.8242 107.7592 0
209.8656 124.2910 0
190.5773 125.5834 0
217.1335 71.6954 0
212.8278 133.2610 0
229.7943 189.0203 0
197.3365 130.7027 0
171.4768 85.7239 0
217.4286 13.5275 0
212.3425 207.7210 0
209.9317 174.4643 0
202.4971 52.9548 0
249.2873 229.9112 0
213.2395 107.4633 0
178.8200 77.4881 0
238.4402 6.3962 0
223.0477 233.8136 0
239.4720 249.5099 0
208.5119 94.9812 0
209.1477 66.0520 0
209.2596 239.2281 0
232.0895 84.7984 0
209.9388 186.4465 0
211.6908 30.6245 0
237.9281 16.1965 0
185.7558 93.2710 0
218.5222 187.9158 0
221.9743 177.7652 0
232.6585 249.8572 0
179.2157 98.2624 0
201.7112 127.8926 0
242.9639 86.5101 0
242.6702 198.1652 0
170.5678 109.2771 0
218.2992 158.9766 0
232.7959 170.4565 0
206.9229 230.5762 0
228.2567 7.1459 0
184.1970 32.3201 0
217.8408 179.1977 0
247.3188 54.7547 0
185.6262 49.2313 0
186.9865 45.8967 0
230.1126 200.2651 0
229.6829 204.1106 0
245.9922 142.7960 0
224.5868 25.4059 0
229.2235 141.3442 0
245.9233 178.5624 0
220.9676 47.8646 0
205.6797 153.7632 0
203.6057 86.4814 0
176.0780 115.4010 0
198.7095 155.8605 0
205.8284 199.8468 0
199.7831 239.5804 0
215.8576 217.8174 0
216.9700 95.0206 0
183.0074 36.9740 0
200.0037 57.9832 0
226.6436 70.6832 0
199.5236 71.6685 0
213.2664 156.7117 0
201.9933 26.3894 0
207.7260 209.5228 0
214.9927 250.9036 0
230.0276 151.3549 0
201.8783 36.4846 0
202.6181 137.7530 0
228.8645 231.7400 0
200.5602 144.9442 0
180.0375 15.5737 0
221.4623 225.7371 0
224.9748 98.5188 0
181.8772 87.6100 0
196.9586 105.5551 0
240.0204 80.1932 0
189.7061 83.6256 0
205.5059 17.8333 0
200.8380 20.6866 0
201.3840 108.8224 0
233.8557 214.3265 0
243.0885 123.9813 0
227.2133 164.8765 0
221.6745 74.6947 0
223.1037 195.2626 0
198.6764 178.3370 0
246.1537 247.3482 0
217.7334 67.1648 0
247.7750 8.9362 0
229.3611 122.5813 0
239.0643 230.9673 0
202.8718 118.0864 0
201.6878 192.1419 0
223.1982 168.0522 0
194.5464 51.8963 0
235.3937 128.6151 0
182.2144 118.6069 0
245.8582 73.1434 0
246.1249 19.7598 0
249.7429 173.5923 0
116.3829 19.0118 0
187.2196 140.9252 0
220.8900 139.2100 0
227.9049 19.8248 0
199.3193 10.2576 0
231.7303 28.5698 0
207.8447 110.4012 0
223.3097 239.6583 0
202.8194 246.2329 0
214.0820 144.0581 0
237.4996 198.2144 0
214.0240 168.5062 0
229.7947 45.0524 0
215.2428 184.8741 0
194.8348 145.8305 0
193.1064 59.0900 0
228.5690 92.4459 0
188.9925 100.2325 0
190.1799 242.5823 0
226.3051 127.4170 0
227.7691 183.5317 0
234.1171 239.9771 0
208.5838 10.7435 0
130.9338 111.8293 1
123.4541 133.8295 1
143.8643 154.6187 1
178.7641 28.9725 1
100.5600 171.4718 1
128.4030 210.5477 1
151.3597 107.8370 1
169.6362 64.9269 1
103.2414 135.5345 1
124.6034 219.2804 1
119.0921 178.5502 1
170.8845 159.8943 1
152.0410 224.7944 1
101.6698 67.2605 1
150.4713 196.9558 1
117.4042 173.2592 1
171.4618 3.9202 1
150.3886 188.6901 1
148.9517 245.9229 1
147.7142 232.0210 1
168.7120 213.2837 1
104.8586 197.0386 1
152.1088 144.0831 1
147.0089 36.5222 1
156.7649 205.6649 1
127.5781 70.5719 1
105.3995 176.8418 1
108.5181 84.1900 1
190.5162 223.1140 1
162.8564 110.1393 1
156.6981 113.4519 1
159.1393 91.1854 1
168.2753 121.7762 1
140.3459 11.6806 1
123.3498 47.2316 1
115.6311 40.1628 1
129.2870 215.5161 1
144.1440 161.3630 1
158.8178 174.0254 1
124.3152 150.9112 1
125.2530 59.9500 1
142.0340 166.8945 1
132.0127 74.9427 1
117.8200 192.2662 1
116.9571 206.7453 1
182.0567 193.7857 1
177.6747 210.8523 1
142.1402 146.3359 1
119.5864 136.8085 1
136.3497 120.3151 1
157.0374 246.0969 1
166.2111 150.2320 1
132.9377 23.6361 1
100.2602 238.9342 1
175.4624 7.1620 1
162.6294 89.5865 1
140.5318 80.4103 1
105.0232 105.9003 1
109.1662 121.3516 1
144.5850 30.0397 1
174.8347 188.3314 1
105.0759 245.0173 1
132.5661 149.3483 1
118.1090 144.4750 1
154.1859 237.8660 1
140.1801 69.0528 1
159.5582 27.8859 1
118.3477 97.2368 1
159.1160 54.1856 1
177.2682 20.6122 1
174.3308 228.1336 1
154.0604 153.7335 1
180.9772 66.3263 1
175.3730 95.0062 1
108.2823 35.5078 1
178.1659 177.5216 1
125.8624 12.2158 1
118.3161 239.2892 1
154.4175 88.8763 1
119.7744 126.4298 1
138.9481 39.7460 1
107.7943 131.1237 1
171.9351 50.9566 1
172.9713 144.4958 1
117.5113 217.0704 1
198.3987 228.8657 1
142.4264 60.6794 1
138.0388 210.0771 1
156.7497 168.5341 1
151.1627 44.9838 1
151.6067 97.4919 1
142.5190 99.5013 1
160.6034 70.9269 1
194.4841 197.7931 1
130.6409 41.7083 1
118.7803 11.7379 1
123.4325 105.0113 1
158.8905 138.5766 1
126.0733 116.9272 1
168.0711 218.9590 1
137.4344 135.4749 1
131.2408 189.1130 1
114.8019 109.5892 1
175.6587 216.4137 1
178.5142 133.9728 1
109.1390 68.1422 1
114.8990 184.7297 1
181.8242 160.1126 1
185.5356 166.6933 1
122.0883 91.8835 1
175.7651 168.0792 1
122.0259 226.3712 1
100.1950 182.1070 1
147.9472 129.7141 1
104.8398 215.0041 1
107.3087 113.0119 1
158.9583 130.7070 1
135.3827 196.3992 1
116.8049 166.6538 1
158.0577 44.5515 1
129.5639 177.0167 1
164.3326 62.4693 1
147.1909 251.1130 1
151.0107 4.7742 1
149.6477 81.9328 1
145.6600 14.3065 1
150.9050 145.7423 1
101.1251 166.4607 1
137.5475 184.1989 1
128.6103 29.2465 1
117.7883 79.6187 1
145.7422 90.3075 1
131.4662 228.3708 1
112.4479 47.8303 1
208.2939 147.0277 1
101.5168 15.1177 1
174.9001 36.8166 1
127.5202 141.4169 1
171.5277 185.6372 1
150.2095 135.9257 1
138.1387 1.5145 1
187.9608 235.9469 1
175.6909 58.4826 1
173.3692 195.8820 1
135.5727 81.1651 1
142.1255 206.9332 1
111.7046 26.2332 1
158.5007 117.6724 1
154.5633 157.1011 1
147.5578 73.8197 1
137.7468 97.8288 1
129.2628 244.7117 1
162.0965 32.8674 1
156.4471 17.5724 1
102.3778 116.8809 1
108.5655 57.4655 1
115.6456 119.2569 1
147.1494 198.2825 1
127.4778 128.1635 1
120.6914 82.5427 1
148.9364 55.7659 1
108.1829 169.2435 1
191.7319 15.5909 1
128.3438 34.5268 1
184.7159 6.9434 1
111.7948 198.5146 1
132.2844 199.9107 1
160.4819 122.6564 1
135.9133 158.6797 1
164.4853 101.2996 1
120.6035 69.2291 1
177.7953 224.3684 1
130.6520 91.3436 1
182.5593 220.3869 1
147.8133 178.3568 1
132.5253 18.3101 1
109.6601 150.7274 1
158.5247 214.4444 1
189.2802 206.0248 1
114.0495 87.1277 1
147.4338 105.2170 1
170.4900 232.8873 1
116.5342 32.6614 1
122.9096 4.2847 1
128.0341 197.6607 1
142.4541 141.2934 1
103.8147 102.6221 1
172.3944 13.2879 1
152.8621 63.3566 1
107.5527 16.1217 1
158.3717 203.3208 1
167.0208 24.1431 1
157.6587 229.4893 1
142.5037 171.6375 1
176.3863 67.2709 1
160.4955 150.7442 1
163.0061 11.1983 1
160.6198 188.6196 1
111.5092 156.3849 1
106.7862 43.4877 1
134.3596 217.1228 1
155.6468 8.5247 1
155.3733 195.2976 1
133.0172 58.2080 1
117.7436 158.9399 1
170.0723 29.5474 1
155.2902 74.1589 1
140.4321 242.9901 1
170.5977 73.3383 1
132.4725 63.3512 1
145.0256 70.1034 1
166.7829 239.0481 1
126.7765 182.0121 1
116.4962 244.3510 1
127.9015 231.6711 1
108.4378 240.2460 1
111.0605 140.5921 1
164.9994 0.5164 1
138.4606 176.9465 1
130.5482 128.1630 1
187.9965 151.6847 1
167.1564 129.8514 1
126.4738 51.3201 1
182.9305 186.1443 1
105.0255 229.4055 1
169.1493 172.0778 1
166.0952 46.6534 1
143.1836 49.6117 1
109.3184 144.2743 1
175.1582 243.8412 1
134.9121 248.4672 1
114.0867 223.3614 1
146.1400 212.5520 1
111.0436 5.6517 1
163.2057 234.5415 1
132.3792 46.6156 1
186.7459 245.9696 1
