223.4361 61.0680 0
192.8646 239.5683 0
249.9688 92.4923 0
243.6702 43.6872 0
198.1685 84.1484 0
243.3941 190.5311 0
177.4017 244.7244 0
214.1690 187.3256 0
247.7930 117.7901 0
208.3295 29.1805 0
232.4720 66.5434 0
217.1248 40.1415 0
248.2693 204.1484 0
224.7959 132.9679 0
188.2343 223.0179 0
199.9440 17.1940 0
206.6607 134.5662 0
203.6665 79.0185 0
178.2550 117.1824 0
171.0777 230.0342 0
240.2359 157.8185 0
232.2150 156.3427 0
229.3695 121.8172 0
223.3409 3.5676 0
232.8988 211.7210 0
249.6924 37.0922 0
213.7588 96.6054 0
222.5988 54.8518 0
241.6206 10.6495 0
207.3116 236.7207 0
221.7054 98.5410 0
247.6869 127.0458 0
248.3515 19.3694 0
201.2983 189.9180 0
229.9568 20.7828 0
168.5737 217.5425 0
211.9691 154.1246 0
240.9694 63.3273 0
187.7021 213.5342 0
184.7066 22.0796 0
194.5764 123.0026 0
206.8201 10.7394 0
198.1598 119.8944 0
248.4355 163.7627 0
248.0864 243.0016 0
201.0369 93.0726 0
216.0070 221.3571 0
196.1791 21.2490 0
237.0955 200.4260 0
192.9854 211.5442 0
207.8779 228.1120 0
166.6350 241.9759 0
250.0191 26.7667 0
231.3344 75.8678 0
245.8873 182.2646 0
236.3872 96.8213 0
245.8713 34.0614 0
225.1976 245.7272 0
229.5373 91.4267 0
214.7144 22.8241 0
204.9060 150.6253 0
240.7529 249.4171 0
225.6796 153.3378 0
180.8141 4.9714 0
246.1848 211.7849 0
190.1433 102.5471 0
186.7482 123.8311 0
246.4565 51.4769 0
180.3475 210.7256 0
186.9739 77.2756 0
183.4883 243.3424 0
191.2955 39.8546 0
238.4980 221.9146 0
226.4055 97.4058 0
242.2544 212.2008 0
192.6689 203.2788 0
220.3763 134.2680 0
213.5987 128.3625 0
229.1523 248.7150 0
226.4133 126.0133 0
239.4509 93.4676 0
170.3666 238.5336 0
207.8283 100.4622 0
237.2005 226.8465 0
225.5062 218.7744 0
192.9942 112.1059 0
204.9349 211.1505 0
218.9898 122.0468 0
243.7643 203.3113 0
233.0722 165.2239 0
224.8154 209.4911 0
221.5548 17.8448 0
220.9386 163.7477 0
199.8316 98.0029 0
220.6949 175.3767 0
188.5469 57.4477 0
232.4668 1.3157 0
248.0678 108.4470 0
247.6203 96.9296 0
221.6065 141.9144 0
232.4552 39.2971 0
199.1939 248.6018 0
189.3750 108.6464 0
240.3031 73.1862 0
186.0739 3.2020 0
179.3998 226.1893 0
193.6876 4.1790 0
238.8279 47.2250 0
176.2955 232.3553 0
219.9948 32.0843 0
240.4578 150.6845 0
238.3634 58.6599 0
218.7920 1.6386 0
221.8109 242.6819 0
223.8683 71.5670 0
246.7889 169.5780 0
231.2317 81.5600 0
238.2581 244.4820 0
188.0602 49.5444 0
177.0768 121.1088 0
193.4505 220.9316 0
192.7734 69.1715 0
224.6351 33.4804 0
198.0795 203.6050 0
231.4811 27.7029 0
203.0937 107.4566 0
221.1063 183.1809 0
215.4222 203.5318 0
190.8898 208.2362 0
226.7395 170.4603 0
205.0128 65.4108 0
199.6587 138.2245 0
248.3808 189.5547 0
227.6763 229.6197 0
197.0838 36.0395 0
242.0922 134.5204 0
246.3293 230.8217 0
249.2849 0.7858 0
217.9880 245.5636 0
204.4053 130.1027 0
245.0253 3.2791 0
204.7429 124.3154 0
192.9371 58.7664 0
210.1994 67.7006 0
234.9012 84.8162 0
205.3479 188.3972 0
182.3474 194.0768 0
217.0096 191.7454 0
210.1926 57.7869 0
213.0003 6.0574 0
214.2602 70.1882 0
229.1560 61.6617 0
236.9518 130.6502 0
213.6720 48.8423 0
228.1916 234.5731 0
183.8554 117.1464 0
191.1834 199.5819 0
231.1206 54.5572 0
216.4360 104.5463 0
183.4990 96.7514 0
218.2173 234.4457 0
226.7387 111.7161 0
236.3043 36.9222 0
194.8364 75.9232 0
176.2602 130.6353 0
191.5839 85.2388 0
230.6027 161.4979 0
249.6369 65.7585 0
211.0766 181.1703 0
249.7035 214.7527 0
235.7532 234.6351 0
189.0562 236.0190 0
236.0521 145.6498 0
207.4228 243.1933 0
211.2004 89.0403 0
195.7313 49.8090 0
234.3781 195.9973 0
205.3744 25.3559 0
221.6537 111.5321 0
227.0695 223.8969 0
212.9245 245.6312 0
202.8904 43.3983 0
224.8797 202.5151 0
194.8584 127.1315 0
239.6298 187.0196 0
215.7208 208.6359 0
206.4561 20.2046 0
206.4773 196.4373 0
236.4957 117.0242 0
187.5258 88.9026 0
230.7429 239.9029 0
196.9129 66.2827 0
240.1999 239.0509 0
230.2882 145.3148 0
201.9447 33.5857 0
191.5727 14.2081 0
240.6113 117.9882 0
228.6801 187.2004 0
198.8537 230.5887 0
183.2114 200.1638 0
189.6892 227.6568 0
230.3909 112.7393 0
236.3695 173.3667 0
246.9965 134.0171 0
241.7914 16.4693 0
226.6111 191.4708 0
215.3634 78.3846 0
154.2966 220.4981 0
245.2092 71.2212 0
182.1877 109.0782 0
180.4128 236.0691 0
217.8281 215.3288 0
174.8141 208.8765 0
185.6625 85.0485 0
229.2635 104.3497 0
207.4788 119.7731 0
177.2857 249.9430 0
210.2964 13.9113 0
198.2228 142.9896 0
232.8506 138.3184 0
208.3499 48.9366 0
211.4295 144.8301 0
227.5124 46.3991 0
229.1390 219.9171 0
179.5435 71.2805 0
203.9634 111.4444 0
228.0194 13.5871 0
213.8757 63.6770 0
213.6279 140.6326 0
188.4217 134.2254 0
228.1461 25.2175 0
198.9613 225.4397 0
221.3931 9.7830 0
199.4459 199.0529 0
243.1230 87.5549 0
239.0184 195.4066 0
240.7807 108.2940 0
241.4009 101.6266 0
164.3591 229.7797 0
248.4765 153.7950 0
168.0863 246.9987 0
236.9660 8.4512 0
185.3253 45.1714 0
198.1743 210.6246 0
201.8799 234.6442 0
206.2690 206.0114 0
243.6657 142.3586 0
218.0384 94.1310 0
205.6016 2.1385 0
186.7928 129.4918 0
233.3307 49.9966 0
243.7041 28.3064 0
212.1577 235.4399 0
217.3454 149.2950 0
239.8833 79.7918 0
212.0656 113.8836 0
182.0717 216.6966 0
174.5579 218.6516 0
210.3954 219.8393 0
215.5702 226.8096 0
196.4303 12.8189 0
188.7354 69.3252 0
243.8917 171.0443 0
218.9840 84.2038 0
228.9495 175.5343 0
237.0168 125.0622 0
118.3343 195.1061 1
119.8308 242.7413 1
161.3044 111.6370 1
111.0500 113.0841 1
153.2821 21.8793 1
158.9809 179.3213 1
152.1989 122.1893 1
143.9981 246.9434 1
125.8172 200.6105 1
113.5229 10.8684 1
179.5681 147.4832 1
132.4031 168.8818 1
133.8462 135.6909 1
161.5512 237.2648 1
145.1442 63.7264 1
121.3089 7.3832 1
103.7659 24.6910 1
158.6725 249.1527 1
152.4868 226.0445 1
125.9560 155.6291 1
104.9749 222.6702 1
144.1424 132.8422 1
158.9144 21.6340 1
119.6783 228.0418 1
112.8799 139.2621 1
139.0904 138.7497 1
147.5504 157.8998 1
158.3839 245.3155 1
165.1084 135.2785 1
157.6130 215.8202 1
164.6977 17.9377 1
160.2804 202.4716 1
129.0643 35.1154 1
106.2609 89.9505 1
124.9008 75.1458 1
139.3838 29.1633 1
124.6321 161.5309 1
180.8162 171.6357 1
170.7419 57.4979 1
112.8951 246.1701 1
165.9445 186.6751 1
157.6637 63.8833 1
118.2234 18.8971 1
177.0210 48.0594 1
152.4521 213.3011 1
162.4870 169.6793 1
176.1919 30.6114 1
134.5635 36.0087 1
100.4885 76.7109 1
127.9394 188.7622 1
154.8393 164.3190 1
149.9240 9.3457 1
121.6393 52.6977 1
173.7749 159.9288 1
157.0193 169.9672 1
151.5816 141.9391 1
109.4528 51.6828 1
102.6314 128.6751 1
166.7708 206.3298 1
102.3667 151.9340 1
158.7131 70.0913 1
127.4304 194.3821 1
130.3356 19.9859 1
211.5414 172.7204 1
102.0354 66.4870 1
117.6085 66.8858 1
116.9655 45.9421 1
153.9003 104.0722 1
132.5217 26.4183 1
184.0654 158.2193 1
138.9112 73.1082 1
129.6909 133.1945 1
108.3898 226.6451 1
136.9693 63.6258 1
106.7324 232.2542 1
105.2729 145.0385 1
203.6291 158.4272 1
142.7221 7.7677 1
188.2829 142.2555 1
148.8174 42.2832 1
104.0955 107.2517 1
109.0948 35.4745 1
151.8777 235.5803 1
156.7155 41.5135 1
153.8538 61.5222 1
189.3847 29.9491 1
174.1142 94.0362 1
165.7919 150.4042 1
111.1540 130.1942 1
113.3242 149.9475 1
120.7232 122.8626 1
193.1984 156.1680 1
174.0827 78.2567 1
105.9109 100.5549 1
128.0499 118.9586 1
174.8458 202.2939 1
107.7689 165.6548 1
115.4679 90.9905 1
117.6546 167.4240 1
154.2296 14.2379 1
131.9008 248.9844 1
190.2626 163.8045 1
152.3608 1.4371 1
104.9013 44.1444 1
147.9077 229.3158 1
119.1924 96.8331 1
114.1850 60.1420 1
179.7128 137.4885 1
160.8139 100.9386 1
159.2702 29.9159 1
162.0414 53.4680 1
149.2283 114.3832 1
146.3863 193.3531 1
123.4937 117.3346 1
182.3881 35.1401 1
174.3097 166.3862 1
132.1850 108.5991 1
157.8162 195.3273 1
136.1926 152.4736 1
159.0991 155.3730 1
129.1479 70.4503 1
165.9965 43.7952 1
172.1852 183.8700 1
105.3574 197.7177 1
173.7531 155.7901 1
181.8376 62.1396 1
138.9916 225.1709 1
195.7786 171.4157 1
120.6564 72.2379 1
125.0128 26.2313 1
170.2303 40.2556 1
147.4524 167.7716 1
193.0702 186.1494 1
126.9313 168.9543 1
143.5797 53.9210 1
106.3650 75.0979 1
113.1784 181.6552 1
117.7068 80.4314 1
159.4621 10.0246 1
142.3363 24.6047 1
130.9631 8.0160 1
127.2160 16.7944 1
102.6677 56.6505 1
125.0015 141.1238 1
105.2451 135.1059 1
166.6273 145.1687 1
149.8793 150.8515 1
171.4259 168.9473 1
149.5037 76.1911 1
141.4400 212.4554 1
172.1367 174.8942 1
122.2757 111.5787 1
144.8361 148.9536 1
149.9737 244.4628 1
174.7256 189.1893 1
169.0729 67.6078 1
214.8209 162.9922 1
158.1148 117.3070 1
165.0680 104.9825 1
109.5040 4.5875 1
122.1333 209.0044 1
131.5060 181.9606 1
110.9661 196.0736 1
121.3681 175.5116 1
105.6275 174.2454 1
142.9501 125.5581 1
114.1740 211.5486 1
106.8641 61.9436 1
183.8355 12.6727 1
143.7453 236.5820 1
180.1946 83.6580 1
109.1752 78.9416 1
158.0748 80.3986 1
115.5903 124.8535 1
120.1534 106.8371 1
140.1165 193.3183 1
143.3696 32.3231 1
165.6055 63.5608 1
162.2100 95.6323 1
172.9919 143.7924 1
150.1629 187.4808 1
118.1524 3.0192 1
158.1992 91.6531 1
126.3916 124.5969 1
143.8093 81.1938 1
145.2513 105.4768 1
123.4713 147.5727 1
101.1331 103.0310 1
176.5082 180.8545 1
115.0787 52.7108 1
160.9724 39.9709 1
151.4548 88.4751 1
142.1823 16.0492 1
134.2430 47.7239 1
186.0358 150.7058 1
102.5441 118.9049 1
135.2698 173.7514 1
163.3169 162.1772 1
146.6194 200.1349 1
153.8847 50.0619 1
140.7385 179.3548 1
165.5519 84.3531 1
145.3626 176.3147 1
165.1313 30.5967 1
174.5550 39.3096 1
113.7302 88.3417 1
147.1734 96.3566 1
177.0793 13.2572 1
137.6071 122.1846 1
122.3281 219.3523 1
129.8727 81.3444 1
156.3319 131.2118 1
116.8703 27.6020 1
123.8139 212.7811 1
170.5474 71.3692 1
132.6980 71.6084 1
104.5807 189.9870 1
132.4735 212.0145 1
106.0440 211.7316 1
127.0102 48.7605 1
137.6349 108.9020 1
101.6202 244.7630 1
128.2826 100.2509 1
167.0446 181.9969 1
131.9391 235.2395 1
169.4190 122.8178 1
190.6516 173.9818 1
138.0889 237.7049 1
112.6074 144.4915 1
193.9697 192.2672 1
131.5728 91.3705 1
161.5645 122.8037 1
120.8943 192.4492 1
103.1358 31.9666 1
140.1476 37.5968 1
129.2621 239.0371 1
125.5234 250.0340 1
141.5747 228.1959 1
