250.3231 4.5076 0
244.2560 160.4537 0
227.4440 76.6125 0
220.5068 184.4091 0
195.9826 150.9386 0
231.3883 39.3215 0
244.3229 37.8416 0
219.1541 168.3031 0
223.2431 193.7524 0
216.3897 198.3173 0
220.3417 115.7713 0
241.2210 182.0365 0
211.9691 126.7544 0
239.9034 73.0695 0
190.1515 35.8975 0
182.2825 126.9658 0
212.8449 153.8058 0
231.7613 89.8847 0
182.7114 132.0303 0
214.2654 74.8577 0
240.2507 41.3902 0
210.6389 86.8554 0
239.1120 49.1571 0
225.4610 104.3558 0
193.1881 160.0398 0
220.9673 96.9045 0
182.6953 162.5664 0
232.0323 68.9460 0
209.9159 201.3147 0
238.5465 219.4205 0
230.2430 54.7225 0
212.5873 220.1965 0
206.7916 144.4883 0
197.5090 30.7092 0
237.5134 100.9616 0
230.4056 35.0577 0
207.6294 230.4890 0
218.2758 233.0277 0
200.7291 75.5977 0
249.3774 249.4792 0
186.7825 139.8787 0
217.9799 108.4217 0
250.2222 13.2042 0
238.0087 131.2947 0
213.6412 133.0385 0
243.7599 59.0902 0
218.2016 239.8834 0
247.9745 147.6165 0
204.4429 71.7500 0
206.7408 110.4290 0
223.6153 201.6424 0
213.1784 49.2468 0
196.0473 131.1965 0
219.2169 228.2277 0
210.1511 76.0316 0
209.8982 173.5091 0
192.6497 121.3530 0
243.6647 221.2287 0
210.1795 104.3082 0
199.1241 90.4800 0
188.2577 55.3132 0
192.5763 128.0756 0
211.6403 183.4224 0
188.5235 147.3945 0
249.0307 183.8683 0
189.2923 135.7407 0
183.0445 96.7123 0
224.2979 156.9463 0
219.1968 7.6167 0
238.4007 85.1785 0
206.6570 97.6595 0
202.4138 113.3590 0
227.9655 109.6149 0
199.7152 164.7062 0
212.2505 39.3375 0
232.9638 247.9323 0
240.7358 210.1010 0
241.7159 111.9579 0
222.1069 248.7394 0
233.3148 186.4348 0
198.7049 118.0210 0
248.0298 188.7975 0
237.3398 144.4603 0
217.2302 85.1841 0
234.4761 178.7883 0
238.3951 228.8837 0
222.6254 47.5349 0
242.2282 150.2317 0
224.9748 25.4013 0
233.0806 212.8861 0
210.7342 237.1971 0
218.3442 60.7081 0
220.1566 173.6634 0
226.8784 191.3811 0
220.8151 217.2619 0
220.1996 20.2054 0
204.6220 89.7591 0
245.0889 4.1903 0
194.4738 61.4062 0
237.5819 96.2937 0
245.3497 89.4547 0
221.2337 52.9457 0
250.7997 222.8030 0
208.3687 0.7511 0
192.6705 112.3608 0
193.6889 102.9187 0
230.7092 165.0279 0
220.7626 121.8548 0
237.3239 32.7813 0
249.5078 71.2207 0
248.3504 46.8092 0
228.7890 230.3902 0
242.3383 138.7160 0
217.4093 135.9471 0
218.5928 70.2841 0
209.6634 157.1863 0
194.7955 69.7979 0
178.1406 161.9453 0
239.9223 80.7855 0
250.7584 152.8284 0
182.1693 141.4225 0
243.3879 119.9309 0
249.3130 36.5380 0
233.7474 157.8831 0
213.0960 31.9499 0
228.5935 114.4987 0
220.2333 31.8025 0
237.0451 201.9588 0
229.3218 152.8505 0
218.1093 155.0453 0
204.0435 237.8307 0
228.1258 173.6350 0
238.7771 62.1538 0
251.9415 209.5707 0
197.5645 174.1218 0
231.2708 220.8737 0
248.1502 117.7010 0
243.4770 103.2707 0
194.9700 140.4445 0
192.3206 145.9698 0
203.1006 98.3315 0
225.4879 239.7497 0
251.3001 84.0236 0
245.5183 234.7126 0
186.8078 119.7560 0
199.4131 63.0366 0
221.4962 15.6707 0
233.7160 107.7652 0
234.9552 238.1541 0
230.0406 225.6089 0
202.8447 168.0329 0
232.3741 80.1642 0
242.8322 155.4414 0
229.9009 124.1353 0
248.1814 197.2780 0
201.8488 247.8375 0
200.7615 152.0481 0
226.3684 59.0413 0
204.6364 195.2615 0
229.7014 100.3949 0
242.3077 199.3887 0
238.1130 126.3533 0
205.1943 55.1091 0
246.8234 169.5376 0
222.5860 41.6471 0
204.5891 44.6530 0
231.4477 194.3184 0
243.0962 215.1046 0
201.8169 187.1204 0
236.5275 28.1021 0
227.5970 91.1039 0
235.5178 19.1002 0
250.5865 240.0203 0
235.2332 8.5983 0
204.8466 178.3257 0
207.8630 134.5479 0
202.4228 139.6293 0
224.1515 10.8113 0
212.4641 99.4577 0
228.8010 20.4041 0
199.0101 37.6891 0
213.8565 2.0833 0
244.9390 11.1520 0
242.7688 244.4619 0
226.8029 66.8859 0
200.4965 244.1610 0
243.1990 175.9531 0
246.9859 77.4912 0
222.4324 210.6503 0
187.2084 152.4584 0
231.5180 11.3506 0
228.3952 48.2088 0
224.4205 180.9511 0
242.5072 190.5161 0
216.4665 144.6717 0
195.2383 93.4861 0
194.6358 49.0854 0
214.1364 64.4377 0
245.9417 94.8037 0
223.7278 125.9163 0
233.1935 134.4366 0
222.1517 145.0400 0
246.0340 27.4192 0
193.2458 248.6828 0
231.4632 207.8644 0
239.9422 167.9070 0
227.3179 2.7326 0
204.8780 4.5898 0
213.5716 116.8114 0
244.2859 124.7749 0
203.6418 122.7306 0
231.6762 143.4727 0
104.6241 12.9027 1
187.6920 230.8455 1
158.3053 71.5658 1
105.8494 1.5261 1
107.8130 161.0957 1
158.1908 13.6616 1
129.2639 87.0364 1
159.1299 146.7777 1
186.8067 73.7173 1
138.2188 218.1838 1
191.1648 5.2796 1
137.6074 102.9831 1
133.1194 98.7726 1
121.9129 92.8886 1
157.1751 105.9536 1
156.4188 168.2116 1
138.4391 129.3390 1
129.5423 210.4766 1
133.0271 136.7665 1
153.8371 88.9042 1
101.4401 82.1753 1
119.4089 203.3636 1
176.0535 228.9615 1
124.6394 222.1273 1
148.3430 130.8849 1
107.9621 148.4644 1
168.7570 206.7439 1
124.6257 190.8207 1
197.2569 183.6179 1
174.3346 186.4509 1
212.5511 210.5781 1
145.8910 38.0653 1
162.7782 171.4233 1
117.0075 157.6714 1
120.8389 82.5479 1
196.0399 23.1384 1
177.9631 110.2009 1
127.7870 2.7862 1
188.7335 195.4897 1
110.9186 12.8896 1
181.0054 114.0365 1
160.1022 62.3302 1
125.7076 19.3711 1
129.2967 176.9524 1
171.4555 32.2441 1
108.8942 63.6532 1
136.2077 166.0473 1
149.5432 150.5218 1
113.8194 20.0830 1
170.9438 70.6576 1
172.2296 75.4017 1
121.4169 121.8383 1
156.2056 24.1694 1
102.7022 54.4640 1
131.8111 175.3307 1
139.7384 171.4403 1
132.5442 129.9380 1
138.0748 41.9979 1
109.4210 122.1597 1
126.2267 241.7312 1
166.9936 44.1497 1
155.6919 59.6803 1
160.1474 204.5272 1
198.9584 212.9242 1
147.3271 233.5763 1
132.7743 216.8026 1
150.2366 186.6111 1
195.2406 84.0880 1
128.0312 205.9384 1
141.4851 59.7401 1
144.0424 160.3561 1
183.7832 104.4052 1
173.6562 126.1713 1
143.8156 190.6236 1
182.3961 44.0621 1
147.3169 171.5079 1
172.1944 216.8164 1
100.7154 210.3964 1
190.3390 210.0381 1
158.7924 136.2531 1
160.7164 22.7150 1
193.0596 234.8241 1
106.0365 218.7073 1
141.2097 133.7140 1
162.7160 212.9570 1
168.1721 29.2042 1
193.6538 222.2368 1
117.2756 39.7479 1
177.3247 70.1898 1
123.4311 159.9783 1
179.3067 234.8841 1
102.6662 246.1747 1
109.2121 215.5218 1
152.2270 20.7807 1
149.5869 108.1355 1
108.3486 27.9444 1
127.5894 184.5042 1
191.7906 44.2146 1
101.7447 67.1901 1
184.2996 48.9844 1
181.4520 61.5090 1
165.5656 90.3723 1
159.8331 52.7775 1
125.6004 229.4483 1
156.3486 221.9352 1
111.5147 111.5200 1
172.2082 79.9028 1
116.8417 112.5880 1
175.7015 84.9757 1
172.9198 238.4620 1
106.2711 49.0770 1
102.1662 25.2537 1
183.5959 90.1207 1
119.3531 129.9218 1
165.7115 220.4414 1
180.5251 2.7155 1
177.8827 9.7624 1
177.3204 122.7447 1
166.7850 175.8295 1
124.2966 69.5631 1
133.4128 248.1940 1
109.1951 38.4141 1
134.5846 198.8067 1
117.8179 3.5557 1
147.2268 135.9633 1
157.4058 236.3742 1
111.3717 82.1176 1
123.0503 150.8039 1
141.5035 195.0070 1
126.2125 35.2297 1
153.4626 44.4208 1
106.8475 89.2580 1
114.0909 232.5310 1
135.9502 31.4974 1
176.4365 138.9081 1
138.2431 153.3218 1
167.1908 58.4632 1
120.2383 53.1962 1
145.8585 69.2212 1
173.3223 245.7587 1
156.3749 100.4306 1
200.0289 14.5675 1
150.4308 249.4607 1
173.8721 53.4302 1
193.3779 187.6555 1
146.8384 56.7592 1
110.9046 181.4577 1
139.7654 0.2213 1
131.0871 23.0329 1
109.4177 206.7156 1
144.6518 24.5330 1
138.5850 208.8117 1
139.7019 17.4928 1
187.6321 13.8011 1
106.0823 168.1927 1
208.3005 9.1468 1
159.4264 179.4826 1
171.2116 150.7890 1
132.5792 226.3983 1
155.3428 223.8826 1
177.8080 171.7257 1
160.2957 249.8282 1
140.8947 177.4782 1
123.7546 0.8018 1
127.6194 101.3400 1
162.5223 81.8958 1
162.1203 156.0026 1
114.5477 7.4904 1
149.7097 75.8131 1
203.5327 226.1530 1
112.9459 176.5555 1
148.2208 242.8814 1
136.3944 107.5235 1
144.8772 103.8053 1
100.2004 142.3233 1
136.6127 79.4007 1
213.8714 25.3412 1
160.5873 189.1903 1
118.4507 30.1630 1
113.2964 72.2875 1
116.0213 58.5023 1
167.4971 194.2259 1
176.6589 203.1366 1
148.5993 156.1808 1
112.7946 154.9251 1
127.8161 128.5763 1
101.9874 133.3686 1
145.7321 213.4707 1
125.0726 141.8358 1
110.9636 143.1758 1
181.7657 173.1138 1
116.8496 241.9793 1
100.2801 4.2914 1
191.4565 10.4615 1
152.8434 138.9337 1
186.3650 204.2487 1
176.6630 25.5174 1
172.0125 3.0566 1
154.2051 202.0902 1
142.1800 116.4759 1
126.4335 50.1528 1
166.1692 236.9728 1
166.1206 18.1070 1
135.2513 6.3443 1
184.1191 185.5141 1
123.2855 171.7801 1
147.2616 220.5399 1
116.3218 226.8714 1
132.4751 191.9557 1
108.3211 19.9066 1
185.9772 217.8938 1
114.1125 127.3857 1
154.1440 78.1930 1
122.9830 10.8268 1
155.8727 123.6206 1
135.3024 187.8047 1
107.3708 133.6602 1
115.3550 167.1362 1
189.0366 178.5905 1
163.4522 115.7228 1
175.7386 102.1760 1
186.2379 227.0124 1
191.7178 168.5736 1
185.9029 240.7635 1
126.4687 30.6662 1
142.7146 148.4051 1
148.2550 206.0538 1
122.5511 62.2622 1
142.4506 244.3497 1
146.0412 126.2143 1
139.0653 50.4390 1
135.3605 240.0453 1
133.6198 76.6800 1
165.3016 122.7189 1
117.3482 193.5292 1
181.2151 154.1741 1
138.5510 64.9020 1
131.5466 45.1110 1
170.7172 107.2348 1
173.4509 194.9213 1
160.1073 128.0569 1
185.3845 23.7245 1
103.2637 71.5176 1
195.0636 244.1063 1
144.2638 88.2982 1
138.6925 87.2839 1
121.4543 106.6909 1
109.9073 99.1110 1
109.3732 199.2491 1
196.8007 199.2755 1
183.5657 15.7716 1
180.2059 245.3856 1
165.6484 71.0028 1
124.0748 42.5190 1
113.0203 46.6833 1
170.0703 160.4850 1
115.3709 98.8912 1
203.8676 220.4221 1
105.8141 228.0302 1
156.5434 114.7686 1
100.4296 115.5701 1
112.1280 51.8211 1
118.2445 184.7612 1
181.2225 210.6020 1
183.7458 81.8679 1
158.5671 30.5787 1
167.8406 228.3544 1
102.6544 192.9487 1
113.4252 248.1800 1
174.2468 45.7776 1
161.3013 3.5229 1
138.8258 223.9178 1
176.0489 14.5115 1
160.9052 41.1552 1
171.3554 183.1120 1
