227.4029 47.2278 0
242.3626 182.3539 0
220.1518 97.8604 0
199.4256 221.2462 0
212.2868 206.2798 0
237.4046 106.3184 0
179.8258 37.9567 0
245.5235 52.3373 0
220.6676 206.1358 0
231.4501 230.6273 0
214.0630 225.7627 0
219.4015 130.1582 0
192.0794 15.7416 0
243.4716 228.8511 0
186.8483 144.8603 0
216.4955 75.1225 0
187.3141 115.2556 0
240.6190 172.4131 0
219.3887 24.6946 0
190.0427 142.0135 0
207.0252 154.8186 0
226.5076 103.3357 0
203.3224 141.7652 0
240.0964 199.7923 0
229.7898 62.9306 0
233.2108 205.0074 0
210.7626 97.3082 0
230.9953 67.1167 0
216.5898 17.3300 0
216.9162 104.5656 0
234.4823 114.4537 0
211.9199 156.8666 0
199.9187 206.0399 0
240.5815 42.5055 0
236.6084 125.4991 0
186.3477 228.1113 0
196.0140 129.3478 0
214.5316 13.0310 0
202.1096 15.8067 0
202.6956 92.0588 0
248.7359 248.2603 0
206.5028 207.5475 0
218.6870 170.6446 0
195.5115 116.8173 0
233.2201 165.5177 0
181.6626 103.4881 0
226.1931 160.7440 0
210.3721 184.0874 0
209.6082 20.1428 0
183.3021 243.6889 0
229.2654 12.0192 0
210.3197 102.4490 0
205.0653 39.6570 0
231.3153 147.3073 0
213.0936 148.4381 0
208.3827 132.5005 0
221.8200 159.1756 0
243.7562 61.4486 0
243.8352 71.2974 0
225.3007 142.9948 0
243.5924 17.5663 0
206.0659 179.2853 0
236.1249 149.0626 0
208.1386 117.3778 0
229.7207 22.3284 0
229.1126 177.1308 0
200.5880 53.8090 0
189.5937 103.4370 0
182.6114 112.5222 0
236.4508 159.8652 0
198.5484 242.0904 0
181.4350 67.8608 0
190.0045 123.5685 0
226.9813 212.8665 0
174.4165 228.3791 0
201.8057 120.5448 0
244.4146 147.9671 0
226.2245 219.1360 0
172.8614 144.5027 0
199.0092 42.9749 0
240.3315 129.7773 0
210.0108 92.1289 0
215.1425 127.7704 0
244.9504 242.3976 0
182.6539 89.5481 0
244.4650 159.1971 0
187.7078 151.9439 0
235.0582 225.3535 0
211.7136 216.1076 0
157.1970 190.0940 0
226.9009 0.3958 0
218.1667 188.1119 0
174.5437 108.1173 0
195.7815 166.1233 0
236.3502 174.4860 0
213.3324 34.3975 0
223.6472 89.0620 0
248.6985 123.6182 0
195.3595 136.7267 0
215.1973 156.0224 0
219.2836 219.6744 0
187.9778 89.7917 0
248.2246 47.5459 0
204.9040 51.1072 0
190.1968 24.8266 0
246.8900 129.2544 0
229.9176 156.0177 0
249.3158 150.9686 0
211.0530 248.8261 0
237.2024 16.4327 0
214.0546 7.2136 0
249.8958 18.2436 0
205.7231 167.3797 0
236.5485 243.1694 0
242.9229 216.0523 0
224.1768 81.0242 0
232.1530 184.4771 0
228.8308 95.2180 0
240.8886 237.1406 0
211.1673 45.4202 0
216.8202 61.9549 0
183.4694 190.5652 0
195.3193 70.0170 0
180.5487 3.6294 0
198.9288 29.4711 0
191.6556 107.3021 0
181.6181 237.0867 0
205.2936 237.4731 0
136.1290 27.7915 0
208.5718 163.1404 0
202.4027 66.5191 0
219.0880 114.7123 0
244.6074 169.0606 0
207.6926 63.5708 0
233.0748 90.6260 0
213.8705 53.3550 0
201.0335 128.1333 0
248.9511 137.6050 0
246.1254 234.4570 0
199.4418 139.7782 0
209.4226 30.4253 0
172.9927 42.3497 0
244.5151 30.2831 0
182.4471 197.4112 0
178.9472 129.3293 0
203.3826 186.7610 0
194.3503 147.4467 0
187.6481 64.9282 0
238.9559 79.4328 0
183.0080 77.3268 0
236.9472 57.8382 0
189.9841 183.6382 0
202.4145 156.5100 0
216.4350 109.6411 0
203.1015 214.0331 0
177.6795 119.5709 0
178.2607 190.8224 0
235.5532 47.2356 0
234.6444 81.9738 0
230.6703 77.0321 0
198.8005 181.3663 0
234.3427 141.2626 0
215.8984 70.3595 0
193.3974 172.0007 0
182.6228 98.2863 0
217.0613 197.5100 0
219.2226 80.9348 0
213.8269 230.4821 0
244.6248 101.4114 0
199.4026 194.5276 0
212.4484 191.1704 0
218.3534 233.3664 0
229.0912 201.5699 0
247.8513 195.5236 0
216.3013 89.9597 0
245.9111 88.7935 0
227.1380 31.1563 0
205.4173 227.8806 0
218.1646 31.4252 0
242.8047 108.6409 0
239.0896 194.2638 0
238.0995 134.4004 0
207.6137 173.5512 0
231.7560 28.3292 0
185.8262 220.8767 0
187.2814 132.3479 0
223.4811 9.4731 0
199.0612 1.3269 0
214.8723 42.0991 0
176.3825 181.3082 0
205.5686 126.4181 0
219.2936 48.4965 0
189.2130 32.4074 0
226.0209 169.1621 0
219.9003 35.4060 0
229.7770 32.9423 0
189.5340 3.6322 0
239.0618 149.3215 0
241.0031 96.9590 0
198.7297 199.6699 0
218.4577 166.8426 0
221.9350 227.3457 0
194.2433 1.6722 0
191.7701 235.4583 0
224.6527 123.9256 0
213.7413 211.1705 0
247.2504 117.6952 0
244.3940 7.6972 0
225.7104 191.1388 0
207.7207 77.7671 0
239.2747 208.6581 0
249.0457 71.8695 0
207.2308 85.5621 0
198.4662 9.7156 0
204.7055 23.7284 0
242.1919 23.3662 0
197.3689 232.5572 0
224.1351 69.7811 0
239.6634 119.6140 0
195.6915 37.3120 0
228.3334 41.7209 0
190.0508 49.9170 0
190.2471 196.2632 0
185.2252 182.4821 0
239.2265 68.2532 0
191.3085 204.4218 0
195.0233 59.8999 0
230.3038 112.1608 0
222.9468 55.1602 0
172.8610 118.0600 0
186.3304 53.6745 0
235.4398 7.5480 0
212.8964 66.0311 0
222.9413 116.5301 0
166.4957 229.1432 0
244.4029 79.7499 0
221.5870 214.1577 0
240.6179 88.7774 0
203.8107 4.4219 0
215.7019 183.8909 0
189.3521 44.4409 0
199.5906 83.0744 0
195.0573 223.9726 0
247.4460 218.3520 0
195.8956 156.5962 0
223.0608 240.2055 0
181.5307 142.3942 0
201.3169 101.8538 0
245.9236 207.6325 0
197.9092 112.7466 0
220.0209 147.1628 0
211.5429 136.0086 0
225.8624 136.2793 0
193.4906 191.4811 0
238.4773 51.2915 0
203.2274 107.5684 0
210.2217 238.7808 0
219.4364 247.7842 0
218.2280 238.5467 0
248.4084 204.6169 0
177.2896 51.6835 0
193.8802 74.7430 0
222.1607 151.7892 0
239.6455 33.7760 0
214.1263 177.0149 0
192.9809 161.3224 0
249.2118 163.7914 0
216.4066 137.8596 0
144.0381 241.2562 1
179.1921 12.8666 1
150.6314 80.7299 1
133.5929 60.3030 1
108.8255 211.2186 1
111.3650 137.6210 1
103.8629 98.3366 1
100.7314 73.8344 1
182.2257 160.7670 1
109.8366 54.1686 1
172.6158 32.9218 1
118.0695 34.0087 1
128.5917 229.4780 1
122.2510 160.3638 1
154.3599 158.0727 1
157.7309 96.9376 1
141.6330 72.6301 1
109.9601 239.4592 1
135.5306 36.0262 1
128.1681 130.9244 1
126.3382 143.3650 1
155.9471 208.9945 1
118.2949 183.6826 1
154.4300 181.1068 1
138.4846 197.6472 1
183.7184 13.7236 1
167.0325 200.7034 1
166.3139 141.8294 1
157.8046 131.5652 1
130.8048 44.1566 1
171.8974 70.2804 1
108.8763 71.1965 1
187.7949 213.7190 1
168.6325 205.9357 1
167.3661 170.9997 1
122.5905 227.3851 1
100.5610 186.8112 1
174.2836 103.1687 1
133.7054 6.5147 1
158.1788 28.9324 1
148.5396 16.3598 1
115.9519 174.5644 1
155.7835 62.1764 1
137.0811 51.1865 1
153.7411 90.9304 1
119.7447 101.4858 1
105.7738 92.9235 1
123.5142 110.2219 1
138.2266 176.0348 1
174.0077 161.8329 1
105.3125 29.6991 1
117.3440 121.4937 1
103.4970 239.4665 1
100.0005 100.4093 1
101.6926 63.8019 1
171.3091 191.6525 1
177.2524 197.2700 1
122.8943 243.9637 1
127.9149 170.1172 1
156.3428 48.5815 1
150.0245 132.2745 1
127.2078 23.1394 1
128.9710 138.2621 1
126.4881 70.4435 1
140.9900 87.1557 1
122.0997 209.6957 1
144.6079 214.6672 1
171.3553 150.3937 1
158.5931 36.4468 1
118.1078 109.7059 1
111.5101 227.4610 1
161.8235 124.3171 1
155.5353 38.8714 1
101.0225 246.5332 1
185.4364 173.5621 1
163.9697 187.6254 1
149.5591 49.2159 1
158.7925 77.6954 1
167.2539 155.8251 1
150.0856 8.4102 1
120.0153 29.5197 1
159.2810 150.3122 1
106.1563 140.2508 1
121.5889 193.6090 1
120.9543 127.6857 1
154.9771 221.3434 1
122.9741 89.1757 1
117.7885 82.4067 1
172.2010 197.8098 1
139.5699 157.6745 1
170.2752 104.3659 1
155.8336 57.1580 1
130.3920 241.5237 1
129.3971 197.3381 1
119.8911 232.9070 1
155.6515 203.8779 1
134.2626 15.0482 1
105.8274 86.0790 1
152.1515 122.1676 1
157.5062 105.6535 1
123.9834 12.9186 1
165.1087 78.1710 1
110.5034 147.3486 1
143.3122 95.5212 1
116.4566 39.7824 1
135.1915 139.9668 1
151.3037 21.4891 1
175.9337 210.5883 1
145.2794 152.0449 1
111.1350 46.4671 1
170.1084 79.9653 1
125.0825 35.7697 1
146.1301 178.7408 1
102.8683 221.8365 1
162.2133 66.6096 1
111.6868 104.2081 1
148.8105 86.8074 1
158.1450 85.5573 1
101.0318 26.0704 1
108.2286 249.3272 1
144.9540 112.0327 1
161.0214 210.6693 1
115.7161 219.5214 1
163.1443 26.7946 1
143.3670 146.4886 1
136.9909 167.9336 1
181.5916 28.0425 1
142.6801 4.4766 1
118.8282 20.0429 1
109.9384 186.1913 1
168.7565 180.7959 1
135.7691 214.7706 1
138.0415 226.9092 1
159.7392 223.6303 1
111.1585 132.4949 1
107.7745 167.1952 1
138.2648 78.7850 1
116.6770 97.0051 1
107.5621 107.0325 1
142.0759 205.3507 1
164.7106 178.2859 1
153.0510 230.3190 1
171.8325 56.4539 1
167.8903 137.1235 1
135.5185 162.4382 1
149.2674 57.3850 1
105.8612 194.8476 1
163.6219 215.3967 1
138.8950 240.1136 1
167.9696 241.7317 1
161.8986 19.5517 1
136.8237 149.1716 1
105.5867 126.8115 1
118.4690 141.4421 1
164.3941 115.8408 1
182.6733 165.5138 1
161.0688 237.7607 1
119.1688 219.1218 1
138.7404 249.1262 1
114.8591 73.8342 1
122.1563 135.0025 1
127.4412 184.2280 1
168.5825 38.1473 1
168.4722 220.5869 1
139.9823 221.7915 1
103.5386 57.6113 1
170.8266 3.5004 1
115.5468 53.0799 1
174.0752 88.2257 1
142.7537 101.2744 1
115.7018 153.8690 1
119.0472 239.0321 1
133.4761 93.7295 1
130.3091 36.7517 1
145.7769 29.2622 1
181.6585 228.9207 1
158.3799 146.4983 1
106.1225 7.4360 1
107.2408 156.0190 1
151.9171 103.8375 1
169.8428 91.9918 1
133.1595 104.1584 1
165.5143 125.6239 1
134.5829 119.2491 1
175.5214 80.3567 1
177.0816 246.2767 1
146.3837 171.6910 1
130.7458 188.2683 1
112.5948 200.3421 1
110.6460 22.1400 1
100.5942 43.8273 1
143.7058 183.2199 1
103.6216 12.8094 1
151.5009 188.4722 1
162.1825 3.0600 1
152.7643 110.1939 1
114.7271 55.4147 1
146.7564 0.1637 1
112.9652 0.6317 1
141.8620 232.4286 1
127.9563 112.1136 1
151.5544 68.6381 1
124.7704 81.5658 1
167.9810 25.1501 1
133.5545 126.4811 1
142.3322 40.9358 1
163.8918 52.8305 1
150.3506 144.3276 1
132.1893 149.8185 1
139.1905 15.5316 1
101.2286 148.0304 1
114.2559 16.1090 1
125.0431 59.5457 1
126.6201 29.9817 1
134.1740 70.8133 1
141.0762 137.5095 1
174.1744 238.1353 1
159.4407 170.7034 1
141.5613 119.7682 1
112.3035 88.9641 1
120.8720 149.8005 1
153.5122 247.3196 1
116.0219 69.4467 1
103.0988 108.9568 1
143.8910 62.8700 1
110.2613 203.8778 1
171.6765 23.8186 1
160.3754 185.3119 1
