212.6686 87.6124 0
216.8385 81.0808 0
197.1441 23.1759 0
239.5471 46.5719 0
234.2605 109.5164 0
204.3963 238.1726 0
221.4192 76.7477 0
229.8287 127.1085 0
213.5272 17.6892 0
173.9910 43.9516 0
202.0422 156.3495 0
174.7100 82.8451 0
250.0421 63.8931 0
195.3985 63.3302 0
200.0469 85.1806 0
215.5549 147.6713 0
177.7002 192.3151 0
225.2185 212.5072 0
238.5912 100.1553 0
227.8487 239.5745 0
201.2529 6.8604 0
215.0812 101.4881 0
204.7886 133.4189 0
176.4554 174.2839 0
166.9066 148.7330 0
203.3537 202.8022 0
208.8192 162.2325 0
221.4534 245.4690 0
192.7394 75.8372 0
216.4168 171.9831 0
175.2271 88.6840 0
168.8272 61.4267 0
215.2247 154.9035 0
242.1907 237.9392 0
202.0749 243.3575 0
245.7388 219.3612 0
179.6618 131.1573 0
207.9116 168.3552 0
211.6227 243.2345 0
168.5413 33.4847 0
230.3815 17.3432 0
239.2135 52.8521 0
185.6603 33.8049 0
217.5814 232.3540 0
197.0170 145.1607 0
197.5180 183.2221 0
235.5080 39.1013 0
199.6185 71.1276 0
176.8234 121.3967 0
239.6171 14.8446 0
207.1793 51.1600 0
195.3615 150.0074 0
171.5430 143.2855 0
227.1365 162.9852 0
195.6116 235.7193 0
170.0257 108.5017 0
235.9101 118.2148 0
235.9069 199.4918 0
205.9283 8.2965 0
211.8670 51.4704 0
224.9889 125.0273 0
196.4637 40.6057 0
225.6574 232.3562 0
240.9650 90.8856 0
218.2025 163.0263 0
240.6654 199.7729 0
235.5599 130.9137 0
235.9956 66.2890 0
221.3445 108.3816 0
178.1518 42.9328 0
222.7447 15.8277 0
203.3322 115.2123 0
190.2639 161.5969 0
194.7905 200.1614 0
234.4979 212.6687 0
218.8964 56.1396 0
209.6548 196.0649 0
212.0871 203.5696 0
173.8490 73.6513 0
209.8519 213.6547 0
199.5993 15.0899 0
216.1650 190.9949 0
187.1766 164.6219 0
242.6980 76.8672 0
236.4261 1.0153 0
174.8315 183.8232 0
209.5744 33.6751 0
231.0075 53.1493 0
229.1776 191.6418 0
172.2061 102.6652 0
185.7194 193.0347 0
247.1577 47.4729 0
196.4322 32.8719 0
192.2350 123.3083 0
222.7480 38.8000 0
231.7171 243.5642 0
211.7887 111.1403 0
200.1175 229.7487 0
163.4142 140.5892 0
203.6185 44.6932 0
214.9166 214.8080 0
221.5320 128.6997 0
187.5723 73.9086 0
164.2592 155.6210 0
224.9597 146.3770 0
245.4143 249.2628 0
201.4140 55.6163 0
250.4935 152.8348 0
213.2298 165.2736 0
226.1827 73.4833 0
226.3394 89.0979 0
234.3719 72.9213 0
200.7978 30.7017 0
222.4908 155.7175 0
248.6311 29.4792 0
227.8251 182.6877 0
234.0999 174.4080 0
233.3170 79.0739 0
199.2432 217.3870 0
226.4044 36.2722 0
208.8345 186.6001 0
185.1936 54.4182 0
228.8355 44.8346 0
228.9100 219.7101 0
248.2322 38.1438 0
204.3570 174.1181 0
238.3651 171.1654 0
173.9140 28.5157 0
233.0166 207.5165 0
201.6671 124.7916 0
250.1386 84.6903 0
221.7853 198.9620 0
249.6573 236.3593 0
235.3285 89.3377 0
250.7591 168.1124 0
193.0060 51.6309 0
230.6082 229.3101 0
169.0925 122.4276 0
207.0430 205.0727 0
248.0227 100.2189 0
241.6677 180.0883 0
197.4610 190.5118 0
176.7389 169.0021 0
219.6609 23.4723 0
200.1477 212.0565 0
178.5555 69.7782 0
210.7542 191.1649 0
225.4482 113.0676 0
198.4917 143.0234 0
205.2721 105.2132 0
211.1940 126.0711 0
215.2067 118.9687 0
226.9999 99.4915 0
206.3733 122.8640 0
247.9150 212.0106 0
194.0315 183.4158 0
191.2410 141.1252 0
176.4204 149.7924 0
188.9249 24.0933 0
215.5405 236.5342 0
237.5996 81.6986 0
189.7480 179.8401 0
183.0637 72.8401 0
239.4006 243.5275 0
248.9241 118.9842 0
180.7477 115.8776 0
224.6007 25.5111 0
181.4343 24.3988 0
207.1808 0.0701 0
232.3891 145.1947 0
166.9438 90.8076 0
191.7077 16.4421 0
183.6590 184.7656 0
235.6109 27.1732 0
180.1164 51.5501 0
243.3987 30.7961 0
221.7235 189.3232 0
191.2342 114.3323 0
197.6775 172.7107 0
182.0226 192.8566 0
236.9216 9.0166 0
194.8652 117.2624 0
229.2747 116.8884 0
242.1511 105.8812 0
223.8166 177.6945 0
246.2871 11.7310 0
185.2745 146.6739 0
222.0241 134.4306 0
208.3168 143.2120 0
235.8069 33.9442 0
245.9799 169.4332 0
177.9906 37.5856 0
209.1999 229.4973 0
181.0230 63.3266 0
195.4831 164.0122 0
239.6858 71.4332 0
209.0029 80.8783 0
195.5294 68.2045 0
218.8442 205.9943 0
215.1730 223.5703 0
209.4789 42.6498 0
231.6751 139.4474 0
232.9398 155.4132 0
212.4903 68.6391 0
167.6610 164.7563 0
245.3593 114.4051 0
165.3011 135.1723 0
176.3624 140.6021 0
229.1138 215.3698 0
190.2408 209.3717 0
242.0425 211.6908 0
219.9444 11.3278 0
210.2273 222.5333 0
240.1645 155.9030 0
249.6053 110.7653 0
170.9431 37.6850 0
208.8185 95.2838 0
220.7502 93.2448 0
179.1105 97.1402 0
179.6761 145.8413 0
190.6590 55.9253 0
192.7043 219.0792 0
244.2463 229.0270 0
223.8452 249.1479 0
207.1523 154.3768 0
187.1520 42.7800 0
183.9836 176.3811 0
243.1092 159.9255 0
174.5181 20.3193 0
238.4522 149.3649 0
194.5700 106.9100 0
178.6108 29.8105 0
219.4421 240.5418 0
179.7406 107.3868 0
191.7536 87.3290 0
186.2169 101.5909 0
200.2311 36.9322 0
184.3213 18.4638 0
240.8613 191.3036 0
203.9511 88.0877 0
221.4714 224.3269 0
199.9086 165.1115 0
218.6477 67.9530 0
199.2974 196.7210 0
182.0015 157.3544 0
228.7309 8.7339 0
210.3022 60.3354 0
224.0679 6.6948 0
246.4493 127.0177 0
233.3802 221.7027 0
198.4766 93.8214 0
197.2013 221.5490 0
248.6723 17.3580 0
177.9179 153.6631 0
246.0637 190.1215 0
204.3555 73.2995 0
244.8575 132.0780 0
231.9248 59.2994 0
162.1677 127.4525 0
244.7167 60.1534 0
243.5458 21.6803 0
236.1494 168.1534 0
247.3177 146.7257 0
148.2511 230.8357 0
187.1279 123.1195 0
237.0842 138.6860 0
218.2073 33.2773 0
208.5972 19.2209 0
219.5029 48.4543 0
234.9427 96.6269 0
190.9813 6.5111 0
218.2094 2.7025 0
210.8838 136.2669 0
214.8120 179.5211 0
175.7948 163.8126 0
224.1809 64.5014 0
236.5257 183.5426 0
248.4065 6.7338 0
180.2543 207.9101 0
195.6184 133.5652 0
192.3218 127.5203 0
231.1167 105.9288 0
189.5922 98.1055 0
166.5692 23.7247 0
220.8138 117.7592 0
187.6906 169.8735 0
213.5987 7.7709 0
196.6794 45.2796 0
244.3417 136.7664 0
134.5318 52.6115 1
116.2897 24.8443 1
126.5156 147.7768 1
183.6483 246.1159 1
131.2818 219.7965 1
103.4949 104.9641 1
146.2432 144.5553 1
130.5689 17.0921 1
116.1553 152.4405 1
111.3303 16.8765 1
116.7366 173.9293 1
138.1141 152.4509 1
133.7925 85.1494 1
122.9857 150.0536 1
106.1999 73.7363 1
135.0383 213.3867 1
118.2245 194.9221 1
125.0940 64.9857 1
154.2817 223.7992 1
166.4539 187.4163 1
174.7199 231.2565 1
134.8406 69.3665 1
132.3011 117.5461 1
143.3404 244.9606 1
118.9689 58.7890 1
114.5959 178.8400 1
168.3356 80.9168 1
109.8260 144.3080 1
111.7467 50.3275 1
122.9510 55.0624 1
166.5903 177.6162 1
112.9777 235.4943 1
155.5199 77.0228 1
151.6454 84.9063 1
149.8518 69.1312 1
149.9484 129.2857 1
110.8734 81.8820 1
160.4969 63.3497 1
184.2844 228.4904 1
103.6923 141.3952 1
170.5225 116.2232 1
122.5092 48.6480 1
139.9638 31.4974 1
102.6297 10.8014 1
102.6916 61.9099 1
141.5775 72.7746 1
104.6519 90.5825 1
149.9156 197.5198 1
119.0117 158.6246 1
102.4202 188.3092 1
166.1204 221.8611 1
108.4340 130.4400 1
109.6931 192.3630 1
155.1668 171.4491 1
160.7321 207.1701 1
104.7071 161.4048 1
155.5888 150.8890 1
154.0436 36.0902 1
133.0858 44.2585 1
151.6061 100.6976 1
147.1471 62.1799 1
164.4702 68.1683 1
137.7141 129.1769 1
147.5755 81.1249 1
136.8311 121.0356 1
157.0282 11.1094 1
136.4687 169.9863 1
125.9154 26.8354 1
121.7579 113.8266 1
132.4079 136.0484 1
189.7548 231.8512 1
150.1016 90.6374 1
139.5119 188.7377 1
131.9681 245.7313 1
116.6736 89.8729 1
132.1273 184.6820 1
172.5207 238.6524 1
160.5067 229.5479 1
136.8593 101.2642 1
113.2412 1.9957 1
161.3979 166.2239 1
100.3180 82.6244 1
165.6474 235.2536 1
111.9417 60.2895 1
163.7900 54.7862 1
115.7487 122.6405 1
136.3788 242.2962 1
113.3522 113.9947 1
147.2678 18.1137 1
139.2623 180.8453 1
165.3437 0.5533 1
173.6214 248.7500 1
142.0178 218.5194 1
149.6702 182.2321 1
153.8265 20.3159 1
147.6469 131.6539 1
179.7384 78.1886 1
192.3520 3.3638 1
142.7654 23.5826 1
142.4151 236.6770 1
124.2519 72.8771 1
143.4518 108.8635 1
132.5829 76.3175 1
187.1935 212.3981 1
131.0721 177.6767 1
111.8227 91.2902 1
136.0447 146.2188 1
116.9741 141.9503 1
167.1051 206.1969 1
120.9895 190.6306 1
145.7120 51.7694 1
107.0596 169.1180 1
121.3560 225.4398 1
103.5422 151.3255 1
112.2592 200.5470 1
106.6495 125.7008 1
130.3297 125.8671 1
150.8642 4.1650 1
113.8665 186.4374 1
187.0544 93.8560 1
160.3093 240.5205 1
185.5697 239.7526 1
143.9745 176.5687 1
115.3134 208.0106 1
128.5435 196.1465 1
123.5310 144.1706 1
161.8674 80.6637 1
121.1951 34.8325 1
122.7445 230.9665 1
105.7663 27.6469 1
167.9379 170.5776 1
164.7227 28.9277 1
137.7955 57.6717 1
129.3605 200.8583 1
142.6735 150.8118 1
112.9056 224.5740 1
153.0901 188.4075 1
160.9503 72.7833 1
174.2697 200.9616 1
145.5698 94.7269 1
158.2989 143.0449 1
150.2666 105.8314 1
158.4514 90.6695 1
148.2159 121.2379 1
142.0917 225.3140 1
153.3218 237.7548 1
124.6869 108.2008 1
155.7000 134.2696 1
145.1830 85.6768 1
152.0101 48.0609 1
108.5002 98.0650 1
166.1601 8.1819 1
151.3393 241.7936 1
156.0508 166.2415 1
129.4418 227.8790 1
171.3750 130.3003 1
133.6504 221.4648 1
125.2767 91.1646 1
147.2190 39.1251 1
184.6608 11.0542 1
169.2755 215.3311 1
171.7912 185.6721 1
125.6493 43.0611 1
109.2082 30.4748 1
159.1978 192.0204 1
145.5580 192.3264 1
156.8634 249.3740 1
115.2338 108.7747 1
136.9428 4.2418 1
162.4319 186.4264 1
108.2712 65.9068 1
163.8682 87.7477 1
161.4731 46.5374 1
179.1814 245.2345 1
105.0187 224.5283 1
123.0902 245.0305 1
156.2218 219.6251 1
101.2201 236.4174 1
106.1516 212.3927 1
135.5842 94.4586 1
115.9521 82.6190 1
152.7628 117.6689 1
130.8300 32.2405 1
166.1204 229.8480 1
150.2919 202.6697 1
116.8009 39.0131 1
159.8560 38.1719 1
156.5966 182.2417 1
119.5875 135.4103 1
122.3076 1.8965 1
114.8009 168.4007 1
158.4271 18.6455 1
154.2392 113.6741 1
122.3671 217.1741 1
114.3560 5.0974 1
104.9585 45.7990 1
132.8846 236.5488 1
113.8784 216.2240 1
133.6085 204.3742 1
101.0576 0.3660 1
108.2356 117.1541 1
142.8119 2.9927 1
134.4694 160.2785 1
126.5500 160.0605 1
162.8225 195.8291 1
144.7579 159.3673 1
128.1155 96.6991 1
156.1686 63.9525 1
154.5177 157.2545 1
158.3520 104.0574 1
149.9372 29.1710 1
119.1594 131.4967 1
100.0194 178.0119 1
150.9254 213.5161 1
177.2607 224.3175 1
125.2019 208.9383 1
172.6542 3.8936 1
119.9678 22.1564 1
115.0581 247.7736 1
