191.5382 92.9025 0
187.1173 84.2555 0
205.5377 245.8059 0
230.1732 42.9880 0
246.5692 232.7010 0
242.3560 117.4039 0
226.4855 0.4908 0
248.0275 69.8223 0
226.5868 116.5242 0
202.3039 16.1084 0
191.6600 15.7286 0
195.3798 173.1104 0
177.0525 108.5763 0
246.6598 54.5906 0
187.3380 65.8795 0
243.8746 156.2845 0
195.6000 71.0120 0
224.8622 149.1067 0
195.4426 195.7836 0
226.3338 75.7054 0
239.6953 217.5067 0
205.0224 236.2666 0
207.9697 102.6170 0
210.8884 155.6812 0
192.9223 183.8033 0
205.1040 146.5193 0
238.9317 222.5408 0
209.4348 184.7617 0
235.7550 4.2280 0
201.7215 65.5797 0
226.6987 171.8971 0
190.7660 139.4628 0
167.8862 80.8736 0
230.0353 121.6191 0
212.4609 16.5658 0
202.8847 217.6075 0
246.7086 96.7832 0
246.4306 245.3372 0
212.7090 132.0355 0
206.9544 164.7222 0
233.2717 27.2467 0
177.8137 235.0166 0
203.0121 3.5446 0
215.8853 54.6974 0
184.0705 10.6875 0
235.8634 12.5202 0
201.0329 191.8425 0
217.9304 196.3539 0
236.9681 53.5725 0
211.8721 37.8864 0
197.8386 59.6595 0
208.3126 119.3035 0
208.3083 30.5384 0
249.1574 80.0292 0
188.9107 155.1779 0
188.9332 130.6485 0
210.4215 180.3291 0
181.1316 194.9540 0
245.3903 49.1809 0
183.0518 144.8933 0
238.7382 130.6827 0
242.6936 207.7484 0
221.8077 225.8539 0
208.5069 59.4280 0
229.1222 90.9455 0
199.7043 32.1576 0
245.4287 2.2840 0
238.5190 106.0936 0
218.5168 172.7635 0
240.6005 62.9727 0
189.5800 106.4675 0
178.6702 239.1216 0
207.5952 15.8976 0
197.0523 127.8610 0
184.7496 186.0421 0
228.4199 194.4957 0
248.5881 218.6047 0
216.4929 76.6161 0
236.1223 198.9855 0
169.3038 111.0543 0
219.3374 221.8212 0
212.0090 229.9511 0
226.6751 185.5948 0
201.7034 136.6565 0
229.9830 79.3997 0
228.7663 18.7829 0
177.6033 166.4116 0
240.7294 21.0125 0
212.8133 1.1744 0
223.1468 49.6779 0
243.4084 174.0116 0
196.1568 146.3460 0
209.6678 206.8530 0
224.4151 58.3766 0
190.8686 21.5779 0
185.2740 114.8250 0
226.0318 30.5665 0
242.7845 36.6801 0
228.8943 7.6548 0
212.3976 111.0703 0
247.4029 102.2338 0
198.2386 219.1312 0
189.6533 122.3809 0
211.8129 47.6003 0
218.9760 234.3979 0
202.0412 180.0026 0
165.1189 117.5874 0
184.6702 170.4256 0
215.7303 146.8381 0
197.1042 81.6339 0
221.0878 187.7592 0
217.3159 63.6141 0
236.7933 74.9072 0
224.8676 68.4139 0
219.9931 245.8158 0
212.9678 143.0816 0
234.7614 156.6094 0
215.1043 169.2874 0
200.7037 88.6925 0
208.7930 215.9242 0
217.5835 32.3203 0
234.4071 174.5214 0
210.9945 54.3643 0
231.1915 54.6458 0
248.7298 223.2568 0
237.9469 42.9984 0
213.6726 199.1897 0
249.7473 158.0481 0
229.0457 151.1320 0
183.8820 2.8983 0
235.1829 214.3266 0
160.8718 113.5103 0
239.9078 87.9322 0
227.9054 217.5386 0
242.8147 248.0090 0
209.1849 83.3696 0
178.1330 74.5377 0
239.4863 231.0559 0
199.7250 142.4123 0
237.2824 83.7349 0
182.9875 212.6114 0
228.8951 100.3228 0
219.6019 126.2376 0
231.4404 178.6640 0
176.4025 195.8919 0
221.7590 36.6581 0
231.3991 203.9925 0
188.5565 54.0581 0
236.4368 190.7957 0
237.6478 116.7578 0
181.6487 177.3657 0
225.3422 120.4208 0
203.7439 116.7270 0
220.2346 97.7323 0
186.5221 101.4934 0
198.6345 118.1625 0
186.8064 234.9544 0
201.1307 164.1189 0
211.6602 137.7849 0
188.6253 227.2173 0
190.7017 210.1750 0
224.6983 93.2287 0
174.5118 209.2087 0
234.9913 63.2848 0
185.5071 75.2930 0
231.0446 223.9245 0
178.7494 113.7940 0
181.6930 221.5697 0
235.2090 242.8827 0
237.8735 136.4147 0
165.8394 55.6677 0
223.4748 241.9233 0
234.6071 87.6639 0
178.7782 186.1433 0
222.5695 41.1165 0
209.4123 45.2288 0
232.3888 37.8833 0
243.6978 202.3033 0
180.5807 104.1284 0
208.8802 192.7111 0
193.9136 205.4931 0
175.7242 87.7878 0
217.2817 104.3093 0
232.7668 110.6834 0
218.8019 181.4022 0
183.6585 151.4579 0
220.0148 111.4792 0
247.5451 91.1401 0
178.6961 162.6684 0
203.2681 23.5007 0
240.0758 187.2442 0
194.8100 10.7273 0
177.4308 223.5195 0
190.8136 31.4322 0
223.8451 205.1991 0
238.2264 96.7566 0
195.6920 90.5808 0
159.2149 76.1381 0
222.6465 216.0304 0
215.4961 208.8118 0
174.1158 68.3303 0
231.1076 127.3145 0
227.6789 132.8338 0
195.9454 105.6454 0
197.6938 152.2317 0
249.9835 114.8118 0
222.2410 133.5167 0
176.1940 127.1726 0
246.8023 212.5943 0
228.0339 208.7002 0
222.3020 8.1914 0
202.6403 228.2887 0
217.3438 159.0947 0
196.8640 245.0354 0
168.3004 74.6811 0
221.7381 83.8875 0
166.7505 88.5322 0
212.7490 122.8512 0
198.3145 47.1699 0
198.3246 225.4319 0
217.9869 10.2286 0
208.9404 173.9369 0
196.6751 38.1815 0
202.7307 151.0337 0
248.1407 133.6086 0
183.9269 21.6217 0
234.7164 143.4023 0
196.1124 99.7086 0
195.9398 233.9163 0
244.2956 12.2592 0
244.9919 126.2560 0
180.8218 139.8349 0
172.5380 95.7837 0
239.4509 70.9806 0
171.3473 124.3466 0
194.3621 3.9976 0
210.4611 223.3194 0
242.5483 194.6009 0
190.9754 78.1306 0
230.4951 231.2521 0
204.1579 200.2986 0
203.8451 70.3558 0
201.7200 209.6796 0
194.8839 160.8065 0
245.6801 17.9422 0
200.8004 55.2609 0
245.4543 166.3589 0
248.2755 147.4141 0
230.0657 245.0594 0
182.9619 93.8870 0
187.1296 200.9820 0
179.5803 154.4859 0
249.4720 237.6231 0
182.1899 84.1945 0
230.4593 140.4578 0
214.1748 72.0814 0
201.1782 129.9241 0
226.9350 64.2474 0
221.0709 27.3256 0
230.1756 159.9184 0
239.7971 148.6376 0
173.3024 227.9875 0
174.8603 117.1247 0
242.0740 136.1211 0
195.5508 23.7975 0
212.0879 7.2600 0
233.4467 18.6672 0
211.6896 63.7843 0
209.6471 92.9582 0
177.1788 247.0927 0
229.2433 236.6940 0
203.9581 160.2085 0
247.3592 64.6108 0
239.0699 177.2539 0
193.6307 132.0954 0
204.0604 82.0853 0
248.5717 183.1801 0
247.8368 192.8409 0
215.8047 24.2871 0
244.8896 79.6585 0
188.8181 219.1693 0
185.6588 162.7430 0
240.2233 165.6351 0
224.2784 167.3879 0
225.5217 103.9738 0
207.7234 109.7686 0
187.9543 247.4408 0
193.6792 120.5469 0
189.4065 174.3456 0
210.0326 242.9698 0
245.0209 29.4608 0
203.8457 8.6103 0
224.4890 140.7075 0
168.1509 177.5635 1
115.9221 203.7057 1
138.1078 33.4495 1
141.8300 155.3755 1
131.1482 100.0540 1
122.4376 24.1562 1
108.6433 55.0236 1
144.7192 137.7240 1
102.2452 219.9554 1
147.4114 95.9456 1
140.9809 128.2778 1
113.5551 236.2237 1
102.6292 147.4433 1
151.6089 125.3758 1
138.1601 187.4215 1
114.2910 116.7245 1
167.5695 103.2137 1
157.2254 178.4942 1
145.4686 222.6332 1
152.3309 238.3226 1
103.4961 181.4657 1
138.8913 39.7444 1
148.1380 36.0374 1
128.5044 11.7870 1
126.2819 42.4519 1
118.0789 131.2157 1
159.0889 125.6058 1
112.0321 96.3338 1
147.0452 49.9981 1
132.4931 210.8921 1
136.6585 246.5687 1
154.2670 57.7571 1
149.3044 58.2766 1
152.2130 22.0243 1
117.7390 183.6173 1
124.0565 218.4293 1
162.2503 203.6823 1
164.7470 153.9287 1
110.1017 209.6697 1
167.1555 148.5354 1
111.2544 37.2450 1
148.9868 148.0872 1
147.6691 30.1404 1
121.6774 35.0767 1
147.8167 5.3728 1
122.5725 110.2253 1
166.2487 217.2576 1
116.7588 103.9160 1
128.8748 151.6564 1
152.0191 160.7551 1
169.1234 1.1474 1
133.4143 53.9444 1
114.0995 24.8818 1
136.0837 72.3688 1
155.5015 98.9804 1
116.5371 51.7204 1
146.4239 80.1071 1
105.8878 202.5288 1
152.8724 146.6651 1
130.3239 28.4480 1
130.1758 175.8869 1
140.2244 110.0614 1
145.7112 219.6824 1
156.6286 67.9459 1
175.3793 13.1017 1
171.0972 240.8096 1
170.8421 196.6654 1
127.2262 242.1602 1
130.6355 220.6530 1
139.3910 25.4792 1
128.5932 168.8546 1
107.3142 184.9544 1
128.7780 231.0985 1
171.7802 54.9645 1
128.6687 88.4984 1
176.2581 36.0820 1
157.5099 185.3320 1
169.3654 134.2874 1
115.6899 203.3113 1
172.7124 182.9967 1
100.2929 199.9655 1
173.8648 156.0566 1
193.8095 48.2352 1
134.6444 3.6257 1
164.3760 240.7363 1
110.8198 196.8190 1
102.1665 245.7694 1
116.5340 8.6298 1
164.0240 99.8425 1
168.4409 63.9424 1
137.1751 227.2222 1
156.6883 172.9280 1
104.1725 87.5566 1
134.7736 13.4828 1
176.2597 136.1490 1
179.4898 50.9325 1
130.6524 189.6443 1
122.8134 176.6343 1
122.4946 140.4638 1
128.9897 61.4102 1
159.2615 139.3378 1
100.7505 195.2462 1
156.9877 227.7255 1
171.4573 24.3104 1
154.3210 203.0119 1
106.1987 123.6439 1
103.7495 145.7872 1
135.8217 176.7646 1
134.5001 84.5174 1
107.8550 77.4537 1
186.7565 41.1980 1
120.6709 136.9046 1
159.1839 28.4196 1
146.5783 198.9475 1
164.8076 210.1003 1
128.0072 131.9944 1
152.5567 195.0056 1
107.4576 231.8695 1
142.3107 3.5142 1
120.1289 126.0359 1
117.7717 31.1409 1
123.2247 204.3281 1
180.6799 57.8289 1
170.3362 227.6184 1
113.8954 159.0110 1
138.2805 192.6094 1
156.6064 46.1463 1
173.5867 142.9182 1
106.2753 136.1574 1
144.5992 231.4908 1
161.7015 17.7064 1
144.8756 183.1938 1
153.1459 117.9362 1
162.9280 226.7738 1
162.2192 137.7976 1
129.8639 16.8575 1
138.7360 20.4667 1
156.6461 233.5400 1
117.5611 227.2168 1
108.3548 69.2631 1
106.5696 37.7596 1
137.1058 132.9519 1
114.8603 170.2319 1
137.1218 122.9019 1
128.2506 142.8724 1
103.1297 15.0688 1
113.7191 68.4699 1
155.1396 11.8486 1
153.8297 210.8048 1
160.9877 60.2766 1
127.8204 0.3874 1
156.6747 105.7996 1
133.5117 67.9951 1
185.3666 33.0743 1
178.0684 27.5048 1
102.8611 94.9723 1
162.7599 194.4094 1
101.1148 209.2182 1
109.1909 176.1729 1
148.2419 110.0864 1
109.0733 48.4518 1
150.5983 183.1338 1
144.0787 239.0075 1
162.4200 230.1394 1
117.5848 41.2126 1
107.7511 7.3632 1
146.9414 210.5324 1
148.5395 102.1252 1
147.5407 40.8652 1
167.6386 12.0583 1
122.0732 229.2363 1
176.6140 214.2969 1
140.3825 205.7001 1
112.7227 144.3613 1
160.5285 242.4268 1
109.1383 114.5096 1
144.4220 61.5954 1
160.2604 4.7070 1
150.3988 113.6749 1
121.2843 83.3934 1
117.8309 249.0765 1
154.4427 39.2753 1
120.2514 169.5506 1
132.5909 59.4997 1
157.2195 32.5830 1
144.7296 191.0200 1
136.4831 46.8074 1
164.6694 129.5545 1
157.8233 82.4337 1
128.0742 77.2468 1
166.9279 36.2359 1
130.8660 39.4401 1
143.6696 54.8406 1
138.0148 168.1564 1
103.2180 60.6655 1
152.5568 1.9125 1
107.2336 162.9559 1
106.8906 154.2492 1
122.8757 11.6382 1
103.1866 213.9833 1
129.7806 120.5731 1
140.6384 11.5081 1
112.7747 188.8793 1
144.8153 175.0230 1
139.4357 98.2262 1
163.8774 186.1145 1
151.9619 139.9825 1
111.6071 57.8048 1
149.3674 84.7157 1
141.7808 119.8724 1
101.4990 172.9637 1
150.2626 76.0451 1
132.0765 244.4747 1
100.1122 238.2892 1
123.8889 114.7571 1
161.0108 23.9301 1
121.8432 102.8446 1
112.7881 216.9836 1
120.6709 3.7050 1
107.1974 15.1790 1
105.0853 237.1752 1
