222.9791 71.1563 0
234.0168 201.2794 0
234.4050 101.7555 0
208.5013 243.2581 0
212.0875 215.4576 0
246.7470 133.0521 0
240.0643 112.8448 0
190.4490 55.5935 0
215.1564 211.2942 0
221.4426 235.2325 0
240.1144 62.1201 0
199.7091 238.2096 0
220.3808 153.3229 0
200.7442 11.4690 0
207.4247 146.6026 0
237.1218 93.0489 0
189.2056 122.9475 0
248.7141 182.8796 0
232.2914 27.9318 0
203.1416 141.0325 0
230.4504 173.3833 0
233.2157 128.1603 0
203.1660 155.0019 0
241.7809 213.1472 0
234.3881 70.2108 0
229.8274 216.8782 0
226.7276 101.4011 0
237.8268 76.4049 0
241.4026 27.3898 0
240.8532 99.8629 0
230.3919 116.8697 0
240.8989 163.6398 0
166.3761 216.1870 0
245.0281 62.5773 0
223.8702 132.7118 0
173.7722 202.0174 0
195.9954 124.5985 0
222.7155 21.2364 0
216.2934 26.4692 0
210.0517 90.8793 0
242.5529 3.9350 0
211.6520 226.3113 0
211.7848 172.3984 0
202.4706 122.9105 0
235.0244 181.5046 0
196.2715 93.4368 0
243.4879 174.6455 0
201.3379 211.3790 0
222.7623 30.2951 0
178.3597 242.8231 0
248.0436 23.9788 0
214.7633 102.4055 0
200.9506 33.9827 0
241.4485 152.2329 0
212.5443 163.2503 0
228.0772 149.2875 0
245.3062 71.7939 0
233.8762 58.1482 0
240.0816 209.0853 0
243.5541 142.4514 0
247.3403 39.5248 0
223.8669 177.3669 0
217.1526 117.8609 0
248.3146 30.7494 0
227.9252 191.3925 0
202.6906 46.2783 0
245.5513 195.6093 0
196.1609 108.1758 0
205.2915 111.0674 0
230.5778 33.1269 0
237.2069 177.3911 0
206.6841 248.5923 0
204.4119 84.8954 0
244.4303 242.3079 0
195.2807 140.7440 0
246.3609 0.3979 0
224.9201 214.5620 0
173.9729 210.8913 0
209.0434 134.1960 0
217.6016 226.7752 0
186.9966 147.7812 0
198.3668 27.5113 0
223.0747 144.7267 0
219.3207 94.4914 0
213.0812 138.5109 0
238.8009 242.8166 0
190.9682 81.4468 0
196.9675 157.1162 0
212.2422 233.3910 0
190.5998 207.2077 0
109.1462 175.9264 0
234.2315 10.2050 0
202.1708 206.1604 0
182.2555 130.8142 0
209.6813 181.3763 0
243.6913 186.7675 0
201.5765 23.9504 0
244.8881 103.8643 0
225.7845 138.7809 0
176.9760 149.3989 0
238.0681 161.7350 0
201.3725 218.6048 0
209.2583 76.2715 0
198.3456 38.1450 0
212.4634 18.3212 0
244.8240 155.6162 0
203.3742 20.2221 0
227.5126 2.9210 0
227.2199 182.6508 0
232.8518 246.6698 0
226.1407 228.1964 0
243.9940 95.2496 0
222.8292 200.0772 0
249.9818 103.3130 0
230.2376 232.2933 0
216.2934 50.8325 0
216.6248 80.3113 0
203.7814 186.2724 0
198.4226 89.4035 0
196.6587 19.2603 0
182.2506 48.8741 0
198.8961 115.5432 0
188.4194 222.2461 0
191.4650 235.3410 0
183.8364 12.1627 0
213.6587 185.5139 0
204.4507 61.2766 0
219.6636 132.4094 0
237.0718 195.5264 0
213.8906 65.5677 0
249.8405 113.3245 0
221.5768 57.5642 0
200.4987 129.6268 0
240.2588 129.8197 0
243.6781 232.6996 0
204.5446 135.5924 0
217.6111 33.5595 0
194.9096 71.8917 0
246.4189 46.2432 0
192.1046 171.1926 0
184.7261 152.7437 0
202.5251 193.8169 0
208.1220 154.9737 0
198.3510 77.3097 0
244.9661 83.1936 0
219.1782 85.0715 0
225.2146 50.2578 0
205.8800 190.2072 0
207.0581 172.9906 0
221.1877 124.1228 0
203.5296 227.3021 0
192.0078 132.4736 0
194.3682 191.4288 0
249.6341 85.8230 0
242.6568 204.3825 0
193.5799 177.7116 0
249.8996 164.8948 0
213.4772 71.4684 0
207.4928 163.8422 0
188.3453 112.5084 0
212.2801 202.0496 0
228.2514 87.8092 0
214.4462 1.4837 0
185.9672 182.5168 0
206.2764 213.4540 0
209.8705 12.9654 0
229.3265 207.2574 0
249.9959 221.9585 0
233.3155 95.0028 0
227.7589 36.9689 0
199.1482 228.0429 0
207.6959 43.7977 0
232.2611 195.7698 0
248.5513 140.1977 0
223.2620 163.8327 0
238.9254 34.6624 0
182.3719 202.2709 0
192.4179 144.5797 0
225.5049 16.5104 0
195.7811 246.0098 0
249.7916 192.3864 0
212.1773 51.2645 0
186.5512 165.2579 0
212.3794 129.7662 0
232.3184 48.1647 0
190.2817 20.7798 0
223.4395 189.4845 0
219.9854 43.0887 0
224.3391 44.1775 0
188.9396 4.6355 0
249.5750 176.0272 0
220.2035 222.4688 0
232.0647 167.3302 0
216.3589 246.1582 0
195.3708 4.4185 0
195.9247 219.5004 0
226.2093 120.2310 0
212.0547 238.0453 0
246.2537 117.0687 0
240.3165 17.5935 0
213.3915 195.8751 0
208.7964 82.8752 0
244.1148 227.0839 0
239.7447 70.2341 0
226.1473 95.5228 0
218.7404 12.5931 0
210.7863 26.4692 0
187.0329 245.9984 0
237.5289 82.7099 0
239.6724 124.9664 0
193.9749 47.3343 0
245.9332 54.8582 0
203.7616 54.8186 0
180.9241 217.0558 0
199.8536 167.6843 0
184.0193 191.9456 0
249.6935 209.2723 0
198.6070 69.0344 0
234.5621 137.1517 0
248.6242 20.2291 0
230.6827 77.5741 0
186.5214 127.9353 0
199.2142 55.2576 0
236.2107 20.7896 0
211.7504 58.4792 0
232.3376 111.0714 0
195.4294 231.8681 0
233.0212 224.2156 0
219.7550 8.3623 0
196.1682 200.6339 0
191.8516 63.6210 0
205.3814 99.0874 0
181.4867 198.1243 0
235.0432 230.4982 0
196.2671 147.3647 0
234.5018 0.9689 0
187.0838 138.5129 0
203.3658 104.3371 0
237.4346 218.8382 0
206.3903 122.5189 0
233.2233 147.7938 0
216.0643 151.1827 0
231.1604 160.5325 0
199.5817 182.3742 0
225.5630 54.6902 0
213.0841 116.3456 0
190.5143 240.7342 0
204.9571 3.2627 0
221.8212 246.2316 0
247.0181 223.4777 0
186.4126 63.4052 0
203.6766 70.2195 0
236.6308 155.2856 0
241.7381 39.4650 0
206.5340 202.5063 0
189.5302 154.2126 0
223.6788 157.2135 0
109.6346 19.9174 1
175.9365 228.5134 1
148.8267 51.0863 1
115.3891 63.2752 1
122.6556 218.7427 1
126.2028 107.2767 1
164.6423 165.9790 1
135.0715 61.0635 1
169.5207 55.7376 1
141.1838 27.9241 1
101.6751 24.5379 1
132.1208 26.5651 1
133.5271 138.8135 1
152.9403 200.6931 1
138.8765 236.6268 1
134.1783 154.7099 1
154.9720 149.7624 1
168.9084 107.3315 1
168.6518 77.8557 1
147.0954 24.5243 1
124.9865 127.1088 1
119.6002 132.3699 1
166.1824 201.5302 1
106.6676 175.5543 1
159.2712 167.2383 1
139.3829 198.0884 1
158.5174 238.9643 1
157.4375 210.2063 1
153.7272 156.8945 1
139.3826 146.2639 1
158.9953 85.2161 1
148.3359 88.6138 1
144.8755 168.4890 1
158.4287 200.8507 1
170.6039 156.1397 1
157.1291 88.4909 1
159.2761 6.7142 1
138.5542 249.3643 1
104.2347 4.7924 1
101.1361 139.9973 1
123.5498 187.7763 1
177.2349 67.8576 1
122.7645 14.5214 1
179.9595 96.4288 1
106.8463 34.2293 1
139.3675 89.5990 1
112.3741 58.6800 1
145.6004 105.0707 1
133.7947 170.9523 1
165.3379 139.8465 1
126.4167 15.8395 1
118.4316 193.4073 1
102.6840 45.4603 1
101.3275 170.1336 1
155.9672 190.8904 1
171.5871 189.5692 1
140.4806 216.5747 1
129.6308 164.2633 1
151.0872 44.8394 1
179.4169 138.5513 1
133.9080 21.0152 1
118.6994 121.9139 1
136.7633 103.1545 1
139.6949 70.8255 1
106.9805 212.9930 1
146.3308 208.8446 1
166.4355 125.2911 1
169.4841 66.2954 1
108.4453 147.0931 1
111.1092 50.5908 1
101.0913 250.2552 1
132.5217 190.9757 1
174.9721 141.1886 1
113.2123 41.3931 1
181.0022 23.2449 1
103.3313 234.4508 1
158.2211 156.9476 1
151.2269 188.4780 1
163.4665 31.7094 1
162.4048 65.9946 1
104.9642 99.4814 1
175.0715 124.8671 1
161.8202 207.7878 1
145.3409 37.7741 1
141.0936 151.2981 1
132.6452 196.6180 1
123.9972 105.8042 1
150.0986 233.3037 1
127.7101 90.8646 1
106.2760 65.2088 1
129.8354 52.3775 1
179.5772 173.5303 1
167.1983 182.5384 1
117.3727 148.9043 1
175.4958 72.7994 1
138.6907 56.3309 1
101.6743 35.8067 1
120.9041 1.4274 1
115.0570 239.6588 1
130.9936 179.3363 1
149.9286 7.8243 1
121.2159 73.6455 1
156.6636 138.7819 1
110.4879 92.7444 1
114.8983 102.3159 1
178.9064 14.0999 1
160.1731 74.3352 1
112.1110 186.5507 1
180.2724 61.3298 1
119.3411 52.6496 1
137.0538 32.0698 1
141.8421 95.1976 1
163.1525 3.0068 1
148.6992 191.9150 1
146.2259 140.7173 1
123.2016 24.4731 1
169.6369 29.1154 1
152.3930 74.5945 1
124.0637 54.3922 1
172.7849 180.9792 1
167.2403 23.6121 1
104.6442 77.0485 1
167.9199 46.3826 1
166.7174 95.3644 1
142.9572 240.5844 1
156.5069 101.5049 1
143.1411 223.7527 1
114.1774 207.9864 1
186.8749 28.6978 1
122.8001 152.8551 1
148.4769 81.5129 1
124.5949 195.2260 1
154.4489 4.4024 1
120.1683 8.8723 1
118.9492 30.0242 1
122.9112 204.5317 1
141.9950 173.1576 1
129.7877 116.7953 1
119.9345 231.6395 1
134.9970 229.4223 1
114.2676 214.0179 1
128.9342 145.9134 1
130.3270 76.0083 1
131.5720 107.2087 1
116.0823 112.6102 1
139.5981 162.9036 1
100.5257 73.3799 1
127.6258 211.0467 1
156.6212 176.8657 1
134.0232 248.0373 1
176.5825 80.9050 1
160.2275 119.1072 1
111.8809 128.6249 1
107.1762 133.4135 1
172.2265 40.6556 1
134.4472 218.8980 1
157.3066 248.3244 1
115.6833 249.4996 1
162.5913 223.5533 1
173.4991 18.2687 1
102.8410 132.2210 1
118.7040 168.5570 1
106.8806 162.1241 1
125.1982 145.8716 1
100.3986 153.0188 1
171.7359 115.5040 1
179.4414 160.9871 1
160.8033 185.3124 1
134.6138 6.9632 1
114.4005 224.2301 1
148.6685 36.3470 1
103.3083 144.8370 1
171.9332 171.8145 1
190.2595 38.7949 1
118.6973 236.0122 1
105.0187 227.6682 1
102.3243 209.5313 1
127.9564 43.6825 1
171.8971 8.7475 1
159.4250 44.3340 1
179.9843 104.5058 1
148.2847 61.2352 1
115.2990 163.8617 1
148.0314 100.2487 1
160.5343 36.3762 1
142.3943 9.8530 1
155.1523 230.1666 1
152.0334 126.4743 1
141.3882 182.9976 1
185.0601 116.4903 1
166.3551 116.7597 1
121.4884 86.7122 1
113.5440 196.1553 1
123.2995 78.0457 1
171.8279 87.2658 1
101.8221 120.3874 1
129.9586 85.5963 1
188.9215 91.2842 1
169.8032 219.5637 1
157.6676 133.1677 1
116.7555 85.2395 1
129.9401 219.6930 1
116.6293 175.3730 1
112.8576 3.7347 1
103.9987 84.1545 1
137.1715 46.4207 1
121.6829 158.7666 1
128.7770 33.7679 1
145.0543 154.0891 1
175.6528 232.1098 1
153.1039 112.9381 1
145.8632 16.4910 1
110.4243 154.8213 1
139.0535 225.3045 1
106.2427 197.5478 1
127.4051 234.6629 1
150.5430 240.3014 1
146.2257 119.1130 1
155.1822 57.4748 1
161.6088 106.8906 1
176.8449 2.4727 1
156.3983 77.6816 1
160.1736 19.8261 1
154.6987 66.8074 1
137.7498 119.5209 1
111.3506 142.8795 1
154.3910 14.4170 1
107.6684 167.0632 1
134.2299 11.3820 1
130.1107 80.9776 1
181.2770 34.2490 1
125.7352 62.6787 1
104.1407 91.2292 1
138.1807 124.1012 1
106.4140 104.0328 1
145.7214 218.2164 1
166.9128 196.8226 1
163.2290 102.9135 1
132.0598 131.4961 1
165.5262 234.3986 1
126.5076 69.6273 1
139.3871 40.9719 1
173.1877 55.7938 1
108.9439 13.8041 1
125.7818 225.9372 1
146.5568 181.0217 1
173.8826 27.4019 1
176.1575 238.5192 1
