220.3701 58.9588 0
196.0180 234.9457 0
193.9618 80.7593 0
245.0302 198.7437 0
193.1429 239.0219 0
214.8949 176.8043 0
198.7107 31.0743 0
242.3652 68.5939 0
249.6074 219.4217 0
212.3595 24.2200 0
232.1170 198.4078 0
216.4594 127.1231 0
189.5288 212.1160 0
203.1740 13.0172 0
218.1455 123.5966 0
203.2955 52.5756 0
176.2326 110.7388 0
177.6395 239.0364 0
230.5177 150.5823 0
237.1954 155.1632 0
225.7498 123.9706 0
245.1410 139.9632 0
226.8047 20.6970 0
239.7190 219.3898 0
222.4393 70.9120 0
226.7285 52.7591 0
208.5640 0.3151 0
225.2685 94.3207 0
221.2306 173.3215 0
243.8298 27.9848 0
180.1107 213.0848 0
210.0538 151.3313 0
196.0925 210.4128 0
189.7068 12.9594 0
195.2843 106.2166 0
215.6046 15.7076 0
196.3077 115.1398 0
198.7352 84.9453 0
226.2025 221.5745 0
192.6848 18.4153 0
236.4355 203.6591 0
200.6029 211.6833 0
214.9428 241.1513 0
173.1447 248.7696 0
235.4807 69.1048 0
249.7080 143.6921 0
249.5823 181.2354 0
249.6471 228.4662 0
240.4358 98.4923 0
230.1768 18.4940 0
244.0531 74.1038 0
227.1092 29.6870 0
213.4552 158.3997 0
249.4948 4.1512 0
220.7572 160.6053 0
172.9801 19.6678 0
195.7190 76.3554 0
184.2787 102.7613 0
239.2981 48.0922 0
183.1162 195.2787 0
177.7495 74.4761 0
199.0700 243.0746 0
187.1819 39.8008 0
244.0791 222.7430 0
232.9008 96.3724 0
237.4515 214.8913 0
190.3927 198.4086 0
207.4397 138.6127 0
208.4345 110.6483 0
227.7665 11.4103 0
242.6108 116.5216 0
246.0946 97.3358 0
174.4672 6.7996 0
218.7605 88.1690 0
242.7584 236.4111 0
219.2188 212.8202 0
200.2066 106.5075 0
219.6441 225.4019 0
226.6911 115.8024 0
241.6547 210.8615 0
242.6168 162.4890 0
221.4059 197.1544 0
239.4624 30.8226 0
232.5082 172.2794 0
207.0141 96.1375 0
218.1011 168.5225 0
182.3847 40.0141 0
245.4703 11.9965 0
219.3657 135.6982 0
233.9161 37.5143 0
205.8190 7.7000 0
211.5745 102.4599 0
236.5114 78.2172 0
185.2868 247.9452 0
181.7319 222.9478 0
195.4913 14.2649 0
242.1541 44.8659 0
189.6034 232.5362 0
222.2265 45.3521 0
236.7892 135.6957 0
221.9506 15.6169 0
223.2501 0.2566 0
214.3293 66.7515 0
250.0659 166.2856 0
222.3550 74.8310 0
237.4039 15.5339 0
203.0421 45.1167 0
183.5098 78.9880 0
198.8026 222.9613 0
194.7819 47.5619 0
208.1891 207.0339 0
222.3364 35.5283 0
208.8840 87.6779 0
221.1223 184.6141 0
201.6651 198.0627 0
195.3050 205.3200 0
231.6327 167.3110 0
209.0812 45.2562 0
198.9507 125.0906 0
247.5460 190.7533 0
225.2260 234.9576 0
187.4114 26.4821 0
246.8828 127.7585 0
246.0879 236.9133 0
218.8908 6.7026 0
209.7780 121.1375 0
245.0087 151.7478 0
204.1520 114.5152 0
193.8654 42.5890 0
192.7602 55.9693 0
241.5765 88.1798 0
209.2358 184.7252 0
192.3189 193.8527 0
206.2606 199.1889 0
217.8317 45.0527 0
222.6632 25.4399 0
207.8858 59.7880 0
223.6303 61.9039 0
243.2642 122.3148 0
213.8579 53.2442 0
222.0306 242.7343 0
192.7856 97.0271 0
187.2122 190.1732 0
230.7182 49.8987 0
227.3739 85.5796 0
202.5856 80.0354 0
229.9378 242.5482 0
235.6196 120.3218 0
205.8296 65.0551 0
197.1208 93.7918 0
199.1380 68.2413 0
243.0519 156.3260 0
242.4119 58.1671 0
212.2883 163.0223 0
246.3619 209.0294 0
235.4210 241.5409 0
196.0771 227.6700 0
222.3893 156.1219 0
215.1274 248.3907 0
210.5295 74.4360 0
206.8046 37.3158 0
236.1850 193.4337 0
193.5857 28.8076 0
220.8021 98.0065 0
231.1136 221.1822 0
240.7533 185.7894 0
215.1393 11.1185 0
216.5933 36.6812 0
214.1300 192.7883 0
192.8789 120.0155 0
222.9788 177.7630 0
214.4847 201.2521 0
206.5975 31.9951 0
210.9285 177.3799 0
244.4540 113.9060 0
197.1085 63.7811 0
236.5932 9.5586 0
176.4328 63.3074 0
243.4154 244.1829 0
218.4038 141.3533 0
198.1659 39.8245 0
178.9698 18.9835 0
245.7517 194.0154 0
204.5692 230.3086 0
177.1099 204.5673 0
190.2733 223.9201 0
242.9149 109.0314 0
240.5517 171.2134 0
243.7462 22.8082 0
230.2097 181.8334 0
209.2885 69.2739 0
174.4031 220.5823 0
248.5785 75.8337 0
202.2880 99.2940 0
187.2304 242.4409 0
221.3672 222.4214 0
181.4585 185.4453 0
179.8706 69.9218 0
234.6322 112.6096 0
212.9648 117.2070 0
181.0254 10.6119 0
206.7321 21.4841 0
190.4221 127.6511 0
227.4776 138.3130 0
211.4509 33.1040 0
208.8613 146.6379 0
234.2666 42.6830 0
227.7927 208.2932 0
182.0597 59.6180 0
216.4514 96.0049 0
236.6601 23.0862 0
231.9728 60.0968 0
206.4719 130.7844 0
187.8602 113.3141 0
241.9654 37.9905 0
216.1335 229.7878 0
236.0588 32.6373 0
212.0515 204.7052 0
249.5523 88.3984 0
236.9339 180.8635 0
230.1497 105.9009 0
235.3894 104.0258 0
184.9760 231.8475 0
239.5190 141.9092 0
184.8624 6.2488 0
179.6659 46.5357 0
203.1082 215.4345 0
204.8069 240.1940 0
211.3508 217.9218 0
245.4524 131.0551 0
210.7503 79.6008 0
198.5911 0.2133 0
182.4149 112.4373 0
215.6569 235.1015 0
233.6942 141.4580 0
238.0683 90.6908 0
221.4067 106.6317 0
186.4236 207.8098 0
180.6673 199.4771 0
207.4006 222.6208 0
231.5976 231.1250 0
191.8787 0.7710 0
186.7784 48.6164 0
220.2621 82.9176 0
234.1441 159.9779 0
236.0173 129.6833 0
119.4630 208.5219 1
126.1536 243.6990 1
174.4997 82.8540 1
130.8792 115.7517 1
142.7802 37.4675 1
137.5964 202.1954 1
121.5867 139.1625 1
151.0120 6.1325 1
169.2018 180.8723 1
163.2495 120.8130 1
134.3486 186.8896 1
154.3567 123.2143 1
161.3458 222.2720 1
106.0447 58.2206 1
116.4752 53.3268 1
129.2779 28.6259 1
159.0306 245.0661 1
174.3989 229.2348 1
119.7305 121.4568 1
105.4324 135.0560 1
104.4929 187.6072 1
135.3232 129.9545 1
138.2153 16.6283 1
153.4408 198.2268 1
126.2294 144.4769 1
123.4467 132.1052 1
181.3194 153.3012 1
142.2413 211.1988 1
167.0105 125.6074 1
161.9459 240.7379 1
168.0754 249.4897 1
106.4643 174.3574 1
170.2157 232.6072 1
106.8352 47.0647 1
111.8140 65.1037 1
142.1493 95.1782 1
133.9048 27.3552 1
146.6680 163.1882 1
188.2746 137.7714 1
165.1027 34.4709 1
126.2145 216.1328 1
176.5854 187.0211 1
174.4496 54.8834 1
146.1530 11.5235 1
150.1923 225.3233 1
142.2747 138.3591 1
172.5136 21.6358 1
144.6424 51.2765 1
106.0619 209.4961 1
175.7161 146.9953 1
126.6394 15.8441 1
119.3340 48.4293 1
189.5710 159.7185 1
171.6198 151.0858 1
164.6997 154.1861 1
161.6183 184.0634 1
111.6646 169.4622 1
154.6004 62.4334 1
143.0037 188.4898 1
107.9018 241.0119 1
138.1760 152.0367 1
195.4910 166.1083 1
103.9211 131.2778 1
132.2597 48.5295 1
148.2385 102.5571 1
126.9508 37.9368 1
180.5883 127.6125 1
100.7972 161.8916 1
126.1052 80.2960 1
140.1010 114.6277 1
137.4019 216.4790 1
157.3504 38.2173 1
157.0704 231.7238 1
199.9083 142.3089 1
115.6145 231.3867 1
132.3452 1.9662 1
169.5448 115.1774 1
131.8938 34.6369 1
108.8779 96.8182 1
128.5643 7.4215 1
152.7595 234.3714 1
126.0852 71.3876 1
154.8220 30.4323 1
152.1949 26.5777 1
163.9695 77.5852 1
177.4218 138.0833 1
104.3974 142.9589 1
102.9426 149.4491 1
117.6278 155.9814 1
144.7390 86.6573 1
200.1096 158.3011 1
161.9765 87.0748 1
109.3760 124.6037 1
161.0844 175.1424 1
137.4713 164.2509 1
139.6391 73.9222 1
136.5686 103.6083 1
141.7094 234.3680 1
101.0620 175.7829 1
152.1056 215.0405 1
197.0533 149.2261 1
137.1124 5.0440 1
106.7451 35.9818 1
164.9515 206.4555 1
119.8274 93.7290 1
147.6956 61.1200 1
186.7894 89.4386 1
100.4521 245.5170 1
157.6977 97.4170 1
133.6574 19.2324 1
178.2447 31.7642 1
184.8957 121.1169 1
172.3912 207.4568 1
103.3524 112.1787 1
111.1496 23.5772 1
130.4043 137.3253 1
168.0261 59.7269 1
129.3919 160.6677 1
184.5938 150.5942 1
124.2834 114.0610 1
164.0719 212.1910 1
148.1729 132.6613 1
168.4867 139.4247 1
112.8126 77.3352 1
133.1856 77.1738 1
175.6926 169.2216 1
106.4763 200.5878 1
174.7321 126.5722 1
156.1572 57.7271 1
103.4867 104.1726 1
119.5056 248.1166 1
197.4223 132.5054 1
121.4619 73.6612 1
114.0254 1.1674 1
170.9032 44.4532 1
145.9012 154.3355 1
206.5321 167.0640 1
156.1373 157.6915 1
141.1989 26.4401 1
113.8003 178.1319 1
125.9054 104.6802 1
148.5649 248.8132 1
135.6724 227.7312 1
131.4478 242.4019 1
109.5544 38.9682 1
103.9369 21.6337 1
114.6339 145.6929 1
114.2785 165.0207 1
109.4299 147.8072 1
138.4515 160.1943 1
117.5806 40.7123 1
168.4782 163.6092 1
162.8775 144.6742 1
172.1983 102.7561 1
131.8909 195.8622 1
192.7773 148.0967 1
126.8089 127.9026 1
167.1636 195.9085 1
155.5748 3.2990 1
105.7250 78.5438 1
118.7508 16.7145 1
189.0531 172.6670 1
163.8718 38.4874 1
114.3644 27.2284 1
192.4091 165.5630 1
142.2849 120.7254 1
163.9774 108.7472 1
111.4008 219.2911 1
120.7048 193.1216 1
116.2892 189.9598 1
148.0876 183.4573 1
122.6863 3.0458 1
107.9535 184.3075 1
135.9867 141.4040 1
127.0318 210.4876 1
101.2523 47.8532 1
163.3432 13.8048 1
164.9349 228.2872 1
171.0214 90.5628 1
130.2088 123.7105 1
159.0110 76.6973 1
128.8340 148.8600 1
108.2809 160.0039 1
128.4656 95.7143 1
115.6042 119.9046 1
152.8911 144.5200 1
101.4106 94.8325 1
117.2478 227.0840 1
123.6783 202.5661 1
162.6232 50.1490 1
100.9117 222.6007 1
151.3531 71.7218 1
160.8092 112.9001 1
182.7154 173.4570 1
127.3741 185.6224 1
159.7533 104.6293 1
162.0904 127.6418 1
152.9071 50.3875 1
127.9453 85.2217 1
118.5158 150.3175 1
102.6882 90.5669 1
191.4197 179.7295 1
113.4658 82.8877 1
146.6904 19.1440 1
178.9169 89.1506 1
140.6076 247.1924 1
102.7943 67.1124 1
184.4077 130.4286 1
111.7885 109.9161 1
165.4498 171.3755 1
183.0628 162.3413 1
153.5285 174.6554 1
108.2130 118.5500 1
135.2728 55.4717 1
156.9714 165.3775 1
167.1168 71.4014 1
126.5039 180.8674 1
123.3286 46.5625 1
164.0619 24.8727 1
110.5374 109.3008 1
167.6623 100.9407 1
170.1852 14.7577 1
116.2758 216.3418 1
152.6596 113.4847 1
154.6897 190.2604 1
132.3416 67.9549 1
138.3856 147.1153 1
106.4992 30.7302 1
137.6700 206.6867 1
165.7052 86.4058 1
105.9967 229.7333 1
139.0230 59.8526 1
132.5132 173.2858 1
159.6414 202.7290 1
115.5239 200.1940 1
109.1149 200.1754 1
137.6039 243.7819 1
139.8053 84.2326 1
142.9583 178.8798 1
110.5089 90.3385 1
187.7132 168.0220 1
141.4077 226.3987 1
104.6714 8.9843 1
149.2596 118.6041 1
196.6640 185.2980 1
165.2075 217.6620 1
130.2234 169.4535 1
202.0389 174.3117 1
149.3502 79.7720 1
158.7135 133.5241 1
165.4463 8.2624 1
123.4857 234.2292 1
122.4703 24.5255 1
148.2326 203.4199 1
