234.1883 83.0745 0
205.9091 21.7112 0
243.5571 74.5538 0
172.5075 119.2601 0
217.3611 186.9725 0
232.4227 36.8612 0
190.3006 194.9562 0
240.0875 133.0093 0
197.5157 74.6271 0
235.5216 92.1784 0
216.0992 62.1418 0
219.5647 98.9296 0
223.8779 188.3839 0
229.6231 141.4362 0
188.3358 231.4548 0
214.9900 55.4489 0
214.5932 160.1860 0
197.8194 57.5120 0
199.3980 146.3420 0
243.4264 3.2573 0
190.8938 202.4064 0
236.0467 156.9176 0
201.5118 196.9027 0
235.5560 148.5280 0
226.6575 48.5921 0
241.4712 216.6216 0
244.8322 52.8409 0
221.5901 117.9494 0
197.2210 87.7847 0
248.2322 19.8240 0
217.2427 233.8809 0
202.2815 108.3305 0
244.9330 134.2426 0
217.4024 191.6402 0
230.9196 61.0748 0
135.1237 206.9316 0
188.5006 167.8116 0
243.4382 104.4817 0
202.7561 246.4047 0
206.9667 36.1844 0
207.4184 138.6752 0
225.6710 22.8076 0
212.3949 124.1393 0
249.2187 155.8462 0
197.0788 96.5541 0
228.2177 211.6931 0
214.9162 27.0547 0
244.9156 202.9043 0
189.1077 5.4172 0
218.8097 225.8813 0
188.3362 214.8918 0
210.5037 102.0460 0
236.6357 188.0273 0
233.8324 167.6723 0
235.8140 240.6922 0
236.9220 110.9699 0
236.5337 42.9804 0
217.7527 13.7208 0
215.9223 111.6606 0
207.4327 71.1481 0
206.0208 166.5610 0
240.5011 12.2574 0
227.2328 156.3857 0
201.9303 43.0029 0
198.2102 165.8743 0
201.1697 187.8234 0
248.3565 163.1398 0
240.7047 233.8908 0
244.2399 242.5452 0
178.7232 174.3570 0
238.2871 74.8122 0
220.8491 22.9099 0
195.6620 51.2074 0
247.4050 222.6502 0
204.7530 99.8899 0
239.7181 216.3419 0
194.2262 214.2598 0
249.6434 230.3132 0
219.2315 157.9908 0
217.3482 135.7386 0
232.1910 29.2870 0
228.5710 134.6923 0
220.5433 122.5701 0
189.4515 249.6248 0
207.4712 115.7990 0
244.7379 90.8573 0
206.7065 218.0156 0
199.7249 160.7008 0
177.0080 228.0786 0
229.5837 123.3851 0
233.5651 191.6623 0
218.8832 174.8073 0
213.8323 224.3487 0
212.7527 43.7944 0
193.0050 184.4922 0
177.9618 122.2076 0
182.9953 198.1473 0
249.0083 176.5563 0
193.2194 36.7794 0
242.2123 25.3316 0
248.3741 100.3818 0
244.1278 107.3005 0
213.2832 168.2363 0
214.8626 1.8415 0
194.7720 149.7443 0
244.6792 81.0807 0
206.5585 44.8325 0
175.1123 246.2790 0
198.7907 8.1946 0
227.6032 67.3848 0
196.1706 240.9445 0
246.2021 69.5656 0
220.5173 42.3591 0
234.0573 19.5719 0
248.5879 188.3820 0
202.4427 117.4111 0
241.4297 159.0980 0
189.2090 72.4107 0
222.8720 11.6949 0
173.7492 84.2330 0
192.6649 123.1444 0
180.6172 0.0100 0
180.6522 103.0648 0
205.8189 77.1339 0
210.2081 230.5845 0
220.8739 64.1325 0
200.2610 138.5324 0
189.2108 190.9193 0
235.7430 59.9944 0
222.4308 208.0032 0
194.5366 206.7317 0
248.8661 238.3848 0
201.1795 174.1414 0
186.1366 101.5305 0
213.3860 141.0753 0
240.3163 168.8639 0
236.7452 230.5581 0
174.3382 93.1010 0
233.2218 138.6764 0
248.5803 9.9226 0
224.0550 60.2526 0
210.5681 151.9549 0
203.9570 144.1129 0
196.3969 20.9690 0
206.9217 58.6769 0
225.1481 75.2687 0
204.5757 183.8374 0
204.9158 224.2655 0
233.6235 209.7466 0
226.6988 95.7402 0
224.6175 38.6096 0
181.1948 90.0894 0
239.5215 94.9622 0
219.6800 151.7603 0
231.0359 12.0228 0
201.7009 126.9362 0
202.8418 207.1360 0
248.5737 84.1033 0
205.3761 130.0378 0
193.3562 58.4593 0
235.1471 7.4961 0
228.5353 113.4622 0
232.4633 74.3117 0
202.4332 102.5026 0
185.5122 126.9233 0
187.0482 141.9144 0
210.9364 176.2172 0
209.9929 93.5621 0
208.5838 190.7458 0
243.0804 191.7290 0
233.6714 249.2724 0
199.2589 223.5023 0
228.3309 163.6856 0
224.9688 249.3429 0
210.5879 79.6727 0
184.8030 2.1792 0
238.0459 202.4223 0
196.8901 26.2111 0
225.2083 106.4663 0
227.8233 230.6528 0
239.8098 179.7052 0
217.6176 5.8567 0
206.6335 84.9495 0
212.2319 198.4201 0
189.8145 156.1635 0
170.2646 185.1125 0
209.3845 185.3609 0
219.4225 53.2121 0
242.4377 115.7893 0
220.7516 218.2977 0
236.1566 175.8641 0
243.7929 142.7818 0
190.0349 94.3620 0
225.2945 6.1486 0
214.5529 86.3645 0
239.0471 66.8431 0
228.6906 176.0802 0
204.8331 67.3527 0
216.8641 204.1146 0
210.5042 32.1334 0
241.5205 121.9166 0
231.0211 183.6387 0
206.5142 11.7517 0
206.1062 198.4116 0
212.3156 246.9991 0
236.9685 129.0715 0
228.6099 199.6458 0
230.1847 45.8167 0
179.4099 188.0235 0
218.5392 94.3808 0
189.2911 223.2108 0
227.3076 86.7103 0
187.1320 132.0553 0
185.6586 18.0859 0
220.6127 243.1201 0
187.9517 211.4553 0
203.5479 49.1875 0
219.9660 130.3477 0
206.2863 4.3390 0
228.2406 54.4925 0
195.5027 128.3210 0
219.7424 166.3699 0
217.6036 71.3122 0
179.8391 165.3286 0
210.7584 62.2375 0
241.1630 224.0434 0
226.4093 206.5991 0
174.5535 101.6891 0
211.7154 134.8015 0
248.9454 32.9486 0
218.8077 83.6304 0
224.1736 148.9202 0
208.5994 162.5645 0
225.5244 221.5599 0
212.4495 208.3654 0
238.4944 101.4471 0
219.7505 196.9236 0
224.0439 132.7734 0
233.7310 121.0204 0
181.7838 220.2444 0
175.6935 3.3577 0
246.8339 48.5155 0
189.1720 67.3710 0
195.3970 201.0221 0
205.2177 234.0591 0
209.4780 212.1959 0
241.1420 154.6613 0
234.3120 101.5549 0
210.8124 23.8967 0
184.7959 161.9008 0
240.4915 36.7864 0
248.3523 41.6024 0
228.9729 218.4642 0
188.9003 176.7816 0
188.7173 112.8399 0
225.7087 100.5020 0
200.8002 231.2601 0
210.7409 240.4955 0
219.2237 213.6311 0
228.2770 239.7477 0
220.9384 32.3246 0
194.2295 83.9257 0
227.5979 82.7924 0
193.7332 177.6480 0
247.9337 141.8202 0
164.7748 222.7409 1
136.6798 36.7364 1
141.8450 59.3987 1
101.7338 140.6263 1
149.8179 26.8790 1
138.3335 177.2423 1
166.5707 146.6377 1
129.3163 229.3321 1
168.1672 214.7151 1
110.8925 63.8781 1
160.1838 139.1590 1
184.8131 58.8477 1
113.8149 240.4501 1
108.7246 55.2834 1
142.2733 8.6500 1
148.6397 38.9568 1
163.4420 5.9040 1
107.0023 123.7712 1
130.2037 125.1592 1
129.4289 64.3193 1
178.0223 75.2770 1
158.0451 212.2417 1
124.3861 95.7535 1
157.4179 93.2850 1
149.4933 92.3358 1
157.8797 144.3794 1
125.7122 196.8907 1
164.5701 227.9778 1
144.6878 213.8847 1
115.0342 98.1140 1
124.5718 185.6255 1
192.2148 44.9452 1
109.6738 109.1296 1
110.2460 194.7464 1
131.5579 177.8934 1
171.9257 77.2802 1
124.7139 246.7740 1
170.4141 204.2706 1
153.9536 98.8909 1
149.5383 48.2522 1
124.9008 45.7551 1
169.7300 233.9316 1
114.9961 153.0534 1
169.9835 22.9959 1
172.4045 18.5430 1
113.8466 89.4228 1
131.1557 220.7003 1
110.4901 183.7834 1
132.7411 4.0367 1
172.3097 126.7930 1
146.8929 187.8802 1
110.6270 222.8425 1
135.8478 151.5799 1
148.5045 52.2907 1
152.4978 103.9906 1
107.5158 200.4975 1
146.5899 150.7392 1
142.4489 131.5970 1
115.8683 155.0770 1
119.7078 245.1002 1
156.4986 152.3270 1
145.9800 87.4504 1
135.3660 81.5772 1
103.9206 69.8173 1
157.4717 107.1421 1
111.3975 2.1075 1
156.9715 239.6150 1
130.4636 73.5632 1
166.3138 69.1188 1
133.9388 226.7379 1
159.3592 67.9133 1
163.8105 237.2365 1
124.8619 223.9005 1
133.8094 187.2125 1
101.1801 157.0169 1
102.4953 83.4436 1
176.9388 42.1354 1
110.4653 209.3902 1
144.8877 135.9522 1
184.8595 240.9040 1
107.5895 93.4837 1
124.3424 8.7317 1
133.0218 244.4711 1
184.8946 69.7665 1
179.2240 54.5344 1
159.8157 199.4370 1
138.2389 121.6709 1
145.5304 204.2722 1
149.2270 140.1501 1
106.8234 82.8261 1
162.5937 123.0630 1
127.8488 52.7843 1
109.4643 75.4793 1
164.9302 102.4554 1
130.8697 193.8051 1
155.7007 216.2107 1
117.1176 216.8374 1
147.7652 58.8569 1
160.2943 183.7451 1
182.0724 20.0961 1
159.6495 32.0671 1
131.2161 239.1741 1
130.5940 134.9759 1
142.6996 106.0368 1
181.2149 138.9363 1
116.4225 21.4968 1
153.9489 125.4791 1
105.5610 48.7100 1
109.5454 42.7914 1
121.5278 219.5981 1
142.8962 79.6576 1
153.1841 155.3654 1
135.0947 163.4502 1
104.0975 11.6376 1
100.1979 3.8441 1
109.1020 32.9208 1
134.2769 145.4703 1
171.4917 55.8177 1
143.6016 159.5408 1
161.6232 81.6180 1
155.3029 164.9275 1
157.8482 228.0974 1
101.2949 74.5485 1
142.6312 44.6485 1
145.4594 193.2142 1
127.8652 215.6331 1
145.9438 175.7985 1
162.5328 26.0291 1
120.6542 235.5944 1
153.5562 187.6177 1
113.5263 10.9304 1
187.5782 27.6157 1
141.5744 185.8498 1
164.6382 205.4530 1
121.7027 132.9030 1
122.1384 51.1723 1
103.8038 54.3311 1
155.8352 3.8613 1
109.3251 103.0786 1
132.8842 39.4553 1
180.8880 41.0389 1
151.1217 249.4205 1
150.1774 67.7592 1
143.2590 122.2948 1
173.9716 143.9107 1
152.9509 120.5270 1
173.8194 179.7962 1
164.0267 113.8424 1
174.8504 209.6766 1
139.1764 192.8846 1
120.6665 147.1215 1
135.2448 47.8349 1
124.2635 121.8105 1
167.7644 166.8213 1
132.1042 90.0340 1
166.7727 155.6682 1
118.0367 188.9568 1
168.6350 121.9960 1
174.6474 112.5596 1
153.9681 222.6198 1
181.4974 17.8917 1
161.1003 177.1234 1
108.8281 231.9528 1
126.5592 113.4761 1
132.7270 97.4421 1
174.1870 11.8230 1
174.6818 69.7986 1
159.9900 46.2027 1
100.6357 40.3958 1
154.3603 58.6905 1
153.5253 133.2810 1
142.0170 246.8351 1
159.2332 35.2271 1
107.9288 191.7660 1
167.8083 35.8637 1
164.0703 59.6848 1
115.4831 172.3994 1
101.2764 110.1560 1
138.0924 207.6254 1
160.5471 14.1976 1
118.7242 78.9456 1
118.1803 63.0362 1
112.0244 84.0095 1
124.6355 141.0746 1
156.3997 172.0382 1
139.6778 71.6055 1
167.3317 88.9524 1
165.1216 14.7335 1
144.8115 115.4824 1
174.8580 153.7365 1
113.8068 114.7269 1
179.0455 209.6659 1
106.8659 181.7937 1
132.8437 19.2302 1
127.8215 57.3823 1
117.9827 71.7921 1
123.7311 168.1468 1
144.7660 224.5959 1
172.6148 27.9383 1
159.7830 129.9234 1
171.3910 246.0060 1
163.6942 97.6309 1
111.3430 135.2492 1
154.9206 19.4868 1
141.0057 87.0041 1
116.7819 37.5153 1
123.9216 19.2932 1
183.7446 49.6720 1
144.7629 21.4094 1
129.8388 169.6607 1
153.3681 85.4167 1
142.1930 241.0847 1
104.8650 236.8946 1
164.1321 187.4193 1
101.3816 106.5518 1
106.8814 226.7018 1
141.4102 235.2424 1
122.6806 87.3454 1
121.9340 175.3691 1
109.9213 164.9157 1
104.9964 17.0664 1
165.1628 133.0771 1
170.6211 195.5899 1
135.6617 10.1763 1
116.5814 104.0677 1
161.5229 163.6110 1
130.7427 155.8998 1
138.1374 107.7528 1
102.8740 128.9312 1
123.2153 24.0064 1
142.8585 166.6974 1
139.1766 14.1836 1
107.7472 214.7233 1
102.5866 244.9066 1
150.0748 4.8344 1
176.0674 220.2910 1
