213.8321 60.9021 0
203.6145 242.1897 0
191.8349 78.2720 0
234.9367 190.6552 0
192.1857 236.7341 0
213.9617 183.3078 0
241.5086 78.8134 0
206.8800 39.3144 0
233.4787 76.3960 0
245.7291 226.2819 0
220.6604 35.1522 0
245.2162 197.8592 0
221.4989 136.3490 0
191.0338 228.6348 0
205.9039 19.5493 0
208.1262 129.3064 0
189.3086 68.8772 0
183.6225 111.7008 0
174.0853 239.4532 0
232.3011 146.8602 0
229.9004 151.0856 0
216.5038 123.8664 0
218.2124 11.5870 0
236.2289 207.8588 0
218.7742 88.6135 0
223.8653 56.0754 0
237.8929 21.2736 0
202.0685 249.6484 0
223.0366 101.5541 0
246.2581 126.5708 0
246.1098 18.0550 0
208.5474 184.9379 0
230.9425 23.9303 0
177.5024 219.6201 0
209.1718 144.6243 0
249.9515 69.5968 0
240.6613 71.1510 0
188.4639 224.1031 0
192.0562 23.3507 0
191.7580 115.8282 0
203.3985 15.7679 0
190.4946 130.8826 0
250.0409 165.5575 0
208.3989 86.7369 0
227.1040 215.4225 0
197.1056 21.8880 0
232.8564 202.6304 0
199.3221 225.0684 0
215.6908 231.1004 0
173.7699 247.6166 0
247.2807 236.6797 0
249.8356 32.0952 0
227.5741 81.3063 0
247.0227 158.4997 0
239.4682 175.6216 0
245.6065 231.6450 0
236.1308 103.9817 0
223.1357 7.8379 0
232.1782 84.4144 0
216.7844 22.3275 0
195.6537 150.4934 0
238.8870 2.9012 0
220.6657 153.9206 0
175.8877 1.3580 0
249.1936 200.6595 0
194.2998 92.0491 0
187.9753 122.0966 0
245.5253 40.6205 0
173.1218 207.3416 0
181.2043 73.3110 0
194.1088 250.5502 0
188.7073 40.2688 0
241.4456 217.0052 0
225.2837 94.0276 0
241.9624 205.0686 0
181.6717 196.5245 0
214.2601 132.9098 0
211.5577 117.4286 0
223.6327 248.8998 0
224.7758 119.1384 0
246.3958 95.0249 0
169.2623 0.1873 0
211.8118 96.4704 0
235.6169 223.6842 0
221.7509 209.1521 0
199.3783 109.6809 0
202.8125 217.2518 0
219.5510 115.3822 0
237.1436 198.0945 0
227.9104 162.5941 0
221.0179 201.6828 0
224.9453 25.8344 0
207.7478 156.7037 0
197.0750 98.1945 0
216.4045 170.9732 0
182.8051 61.3377 0
236.0084 5.9212 0
243.9238 111.7606 0
248.8825 101.2261 0
212.6481 138.0182 0
226.4953 45.3710 0
188.1241 5.8369 0
195.3147 101.5125 0
236.3052 88.4640 0
180.0879 9.9655 0
180.6114 227.8531 0
182.8060 19.4753 0
236.0719 43.6606 0
185.9532 248.9345 0
216.9050 42.9212 0
234.0505 141.4786 0
244.1628 53.0027 0
210.1248 10.1646 0
225.8296 233.0922 0
208.5277 58.2137 0
238.3006 169.2570 0
217.5381 78.5214 0
226.3769 4.0793 0
198.2695 40.6282 0
182.9871 101.1187 0
199.7990 229.8531 0
183.9107 69.2620 0
242.1861 36.9152 0
194.4006 203.6719 0
229.9294 34.1113 0
208.0457 98.7330 0
219.6160 179.1092 0
207.9853 206.3353 0
188.9810 204.9932 0
226.6000 155.8939 0
197.5311 52.9507 0
197.8513 142.5456 0
246.1926 186.3665 0
230.0220 230.1885 0
193.9155 30.6234 0
242.6738 129.8531 0
237.6585 237.6256 0
218.2386 0.0694 0
199.6495 125.6583 0
247.3392 141.4736 0
248.1136 4.4964 0
202.8748 119.1241 0
189.9643 55.2110 0
203.0389 61.9805 0
250.1242 22.1067 0
230.4694 92.3567 0
195.9122 189.7305 0
193.2587 197.5789 0
206.4217 199.2617 0
204.2728 53.1894 0
215.9634 17.1341 0
204.5362 69.7975 0
222.4461 69.6189 0
238.6291 129.4461 0
214.7094 53.0515 0
230.2934 234.8591 0
193.2629 109.1565 0
180.7344 201.6484 0
230.0285 62.2629 0
216.9036 95.9135 0
202.7300 87.3239 0
229.8967 241.4989 0
224.1775 129.1376 0
250.0212 37.2014 0
192.5854 73.5023 0
173.9726 107.3716 0
194.2135 84.2447 0
236.1453 156.9904 0
231.0782 65.9875 0
204.4643 176.7286 0
244.9314 214.3424 0
236.9589 228.6344 0
198.3845 241.2180 0
220.8606 147.5714 0
207.0332 0.2733 0
201.7645 73.7761 0
206.5871 49.1478 0
227.9177 196.0075 0
203.8324 29.1498 0
212.9416 107.8869 0
232.0921 215.0340 0
242.4183 180.7507 0
205.7843 6.0075 0
211.8184 41.2018 0
212.7271 193.3223 0
192.4618 139.5397 0
220.8283 173.6194 0
215.6653 201.5908 0
249.9951 46.5252 0
214.1684 32.2391 0
204.7194 188.3972 0
245.0586 121.1092 0
182.3448 79.0740 0
231.1516 247.1615 0
194.3292 65.8494 0
239.8059 243.0950 0
219.5138 141.1228 0
196.7161 35.7218 0
243.9147 61.2874 0
176.3391 16.3609 0
238.7981 111.3532 0
224.7356 186.9246 0
210.1492 235.7474 0
171.2654 217.3850 0
188.4600 232.9231 0
234.7656 122.6326 0
229.1591 169.8839 0
237.6476 28.1284 0
217.7572 192.5162 0
209.2239 72.0545 0
166.6499 220.0429 0
236.7556 80.1932 0
188.3231 96.7550 0
188.6447 241.7930 0
220.6843 227.8302 0
171.2120 200.7535 0
190.5868 87.6653 0
223.3768 112.0474 0
204.7863 111.6535 0
181.7726 1.2716 0
209.4675 24.8732 0
189.5447 135.2681 0
225.3206 138.5029 0
203.8781 44.9603 0
205.7478 142.3470 0
228.0649 53.5472 0
224.9026 205.7701 0
248.2091 190.9540 0
184.2151 83.8291 0
203.3733 106.3753 0
235.0745 16.0308 0
221.7316 59.5473 0
198.6923 134.3107 0
180.4683 132.6255 0
234.9702 33.1649 0
212.4152 227.9877 0
225.4768 17.0739 0
200.5341 206.5256 0
243.9876 86.5326 0
231.7660 181.5827 0
231.0346 103.8949 0
234.1899 112.9567 0
181.9840 238.6246 0
241.4767 145.9388 0
165.3414 1.8879 0
245.3583 9.1103 0
196.7032 47.6739 0
206.7161 214.6467 0
209.4147 240.9294 0
212.2630 213.2569 0
243.0705 141.2570 0
208.2477 79.6923 0
196.0706 10.9930 0
175.9820 123.3092 0
249.0975 243.8564 0
234.5174 53.7765 0
242.6137 28.8060 0
217.4571 236.2664 0
214.0730 147.7437 0
241.1711 96.6806 0
214.5620 113.3681 0
182.4635 218.6162 0
182.5275 210.3509 0
208.1022 222.9443 0
223.8187 224.0316 0
188.7917 14.2234 0
176.8220 54.2404 0
242.7296 166.9098 0
212.8214 77.4433 0
218.0322 161.3836 0
233.5060 131.3006 0
249.3741 81.1890 0
113.8197 204.9130 1
114.5916 245.6290 1
168.8630 97.9256 1
110.9416 109.5868 1
140.9730 10.5641 1
142.1934 204.5203 1
130.6605 129.8000 1
147.7781 7.0330 1
130.5150 211.6230 1
109.8010 243.4335 1
173.7387 115.2356 1
132.4267 193.3190 1
148.5727 158.1558 1
156.4933 232.2252 1
131.7090 47.2743 1
118.1652 16.4340 1
137.2746 5.4388 1
165.8497 240.5673 1
139.3554 151.3616 1
101.1710 209.9596 1
162.2261 146.0016 1
149.2885 33.0823 1
115.9611 84.2903 1
129.5291 227.0227 1
118.1617 144.8672 1
129.6138 138.7850 1
169.3833 174.9253 1
125.6644 232.8253 1
171.8675 140.6826 1
170.7413 224.9655 1
154.9800 250.2342 1
104.5998 162.0262 1
164.7593 228.7184 1
106.4226 62.2651 1
128.8319 89.4245 1
131.4523 15.7645 1
124.6414 150.9608 1
183.0481 162.8828 1
164.0733 41.9187 1
105.4926 230.0051 1
168.7930 196.0968 1
158.0354 48.2741 1
103.2623 248.6897 1
159.6111 19.1057 1
146.8096 219.8823 1
154.8432 166.9154 1
182.6927 41.2513 1
139.0070 28.4039 1
118.9688 181.8659 1
136.8239 182.1222 1
148.3523 14.0697 1
108.4652 51.8957 1
176.8964 156.3109 1
153.8742 192.0611 1
149.6786 175.2676 1
163.9434 211.2932 1
110.1722 153.6259 1
152.6657 66.2934 1
125.6281 199.7282 1
103.0456 10.3562 1
117.3349 159.3718 1
212.7401 168.5210 1
131.7098 27.8641 1
140.6625 109.0113 1
104.6753 47.7812 1
125.2963 17.6180 1
171.5333 125.7037 1
103.0435 167.7482 1
135.0075 69.5903 1
140.0223 142.6967 1
117.2287 230.3781 1
135.1489 55.4773 1
145.5604 224.8777 1
102.8246 122.3516 1
186.5452 140.9894 1
107.9241 175.5290 1
146.7189 11.6424 1
159.1957 126.5186 1
146.1071 19.8858 1
115.3089 106.0464 1
100.2390 21.9911 1
151.0634 235.6895 1
124.2980 52.0006 1
157.3303 37.8665 1
184.8486 29.3975 1
160.9141 81.0581 1
181.7896 150.2716 1
107.5561 116.5787 1
139.1497 119.1242 1
191.6669 151.5425 1
173.0457 87.9265 1
118.3098 110.4525 1
123.3413 119.9215 1
160.5351 192.8515 1
128.9858 161.9584 1
138.7184 87.7567 1
139.5428 160.3589 1
158.5545 14.8826 1
143.8476 243.6896 1
193.3806 165.0204 1
157.4435 4.6273 1
127.5660 40.6594 1
151.8476 220.8173 1
121.5676 93.5379 1
127.2948 64.5631 1
167.5112 110.8572 1
138.6514 94.0421 1
149.2785 24.3740 1
182.8436 46.9507 1
153.4761 102.9869 1
160.2946 203.1498 1
123.2473 125.0611 1
185.9019 53.0570 1
118.5428 167.5804 1
170.4717 166.0337 1
126.4013 97.6167 1
152.1823 215.6133 1
129.3575 154.8295 1
161.7469 157.9882 1
110.9547 64.8472 1
155.8412 63.6332 1
167.0998 186.4756 1
174.0718 145.6342 1
162.9381 51.5312 1
101.7351 85.3465 1
119.3659 1.0771 1
188.3205 146.0342 1
135.7874 65.9299 1
119.0869 34.0580 1
168.4360 37.9822 1
134.6789 167.9855 1
193.6886 182.6034 1
120.9318 155.5103 1
132.2584 23.2453 1
105.3842 183.7308 1
125.3658 78.2116 1
160.0687 28.3365 1
124.8369 249.0885 1
123.0095 11.7565 1
109.6114 26.5879 1
112.9586 125.3921 1
105.1316 138.9893 1
158.5429 153.9199 1
163.6330 162.7290 1
154.5115 182.0847 1
165.3513 85.3862 1
136.0401 215.2705 1
181.0751 159.0134 1
116.3676 117.8834 1
149.5972 184.4067 1
162.3698 247.8575 1
110.2597 84.3860 1
176.0036 182.5621 1
165.6567 74.8319 1
107.5207 42.2099 1
201.9495 166.4860 1
142.7820 129.2802 1
146.0998 103.6563 1
119.1653 196.9930 1
120.7864 187.5519 1
140.8695 167.8925 1
114.2832 236.0320 1
124.7280 173.6173 1
122.5189 134.0653 1
114.1608 217.1085 1
103.7857 80.1826 1
166.9539 22.0765 1
142.3151 232.7858 1
180.4724 92.9439 1
111.5116 96.4414 1
156.4439 83.5839 1
108.4409 133.0639 1
130.9607 108.5495 1
137.8840 193.4926 1
114.9274 10.8094 1
171.1247 58.8009 1
163.3436 89.9790 1
161.8743 108.2392 1
175.1474 192.1539 1
100.2459 237.9623 1
146.1454 98.0928 1
144.5872 133.0708 1
143.2939 78.0722 1
130.5455 116.0097 1
110.9923 143.7587 1
111.2052 101.3515 1
182.2462 188.6600 1
118.2759 70.5700 1
155.1025 42.3660 1
160.4531 95.7305 1
132.3819 245.3063 1
121.8229 56.4406 1
175.2497 133.9656 1
105.4822 101.9479 1
150.3110 200.0295 1
167.4953 181.8574 1
148.3638 211.8171 1
151.7794 54.4910 1
145.8656 187.8741 1
166.2768 64.4626 1
124.7273 191.5114 1
136.3602 41.1299 1
170.7025 35.0479 1
102.9563 94.2677 1
152.2330 86.3247 1
166.9277 11.4208 1
145.2076 112.3983 1
123.2103 204.9538 1
120.9444 65.6748 1
148.7212 148.5633 1
118.5046 47.6821 1
126.1278 223.0586 1
169.5088 78.5183 1
143.6059 52.5990 1
113.5565 173.6969 1
137.1337 202.0266 1
105.5700 203.6474 1
148.8003 38.9706 1
136.0205 98.8671 1
125.9350 85.1374 1
128.2793 182.8474 1
125.5747 92.3918 1
181.2013 167.2722 1
127.6372 242.5169 1
153.5257 126.9118 1
180.8204 175.5782 1
153.1973 225.9682 1
121.0338 163.8235 1
190.6670 172.2473 1
144.7766 64.8398 1
160.7506 135.4611 1
100.5708 53.9548 1
104.2031 194.2712 1
159.0901 34.1791 1
110.9389 249.6370 1
112.1479 4.9030 1
134.3653 230.5174 1
