246.3482 63.4289 0
243.0417 94.6930 0
183.8535 245.6475 0
245.3476 47.1946 0
237.8354 30.1844 0
215.9917 147.0558 0
181.1974 238.8447 0
170.0076 15.5047 0
205.4675 129.1634 0
186.8151 10.1774 0
248.2404 178.8967 0
196.6810 87.8940 0
224.0908 223.0486 0
198.6021 76.7778 0
214.1732 71.6943 0
205.4696 144.3241 0
221.4453 109.0808 0
243.9484 177.9822 0
188.3878 235.3918 0
240.6511 242.8315 0
239.8429 107.7534 0
196.3136 12.1697 0
233.1178 117.4786 0
217.1815 241.2787 0
180.7846 161.3506 0
181.6457 211.3181 0
205.5954 178.0527 0
196.9053 249.8035 0
225.8494 195.3085 0
244.8451 15.3172 0
232.3142 208.1172 0
207.8112 81.7308 0
180.1436 41.8029 0
237.8887 189.8027 0
244.5712 3.9039 0
210.5473 234.0068 0
212.2922 144.1740 0
245.4080 195.6861 0
206.6880 152.0556 0
245.2840 203.8683 0
213.0085 15.1520 0
121.0912 46.8516 0
234.2964 149.0531 0
180.4843 15.7301 0
213.8295 2.1143 0
208.5027 120.4506 0
246.9734 220.9201 0
239.0822 178.4395 0
221.6846 83.1656 0
191.8272 183.9471 0
230.6838 28.5011 0
193.9064 16.1961 0
186.3561 195.4973 0
191.3176 164.2766 0
200.0652 234.3900 0
238.1545 169.7360 0
190.5869 79.9396 0
176.8361 143.7569 0
210.3139 154.3827 0
199.3033 238.7267 0
245.0495 72.1311 0
205.2607 112.0848 0
237.7646 78.6539 0
238.3858 5.7337 0
246.3966 108.7551 0
231.2968 175.5989 0
206.4995 34.6616 0
216.4497 171.6769 0
232.6861 64.1508 0
182.1079 8.7819 0
233.2513 160.6232 0
199.1376 218.9279 0
206.3431 210.7317 0
220.7381 153.9171 0
241.5827 22.1791 0
215.7069 50.3125 0
237.8269 232.8042 0
219.7748 209.8264 0
200.8092 123.5162 0
172.7886 217.6605 0
199.8530 225.1776 0
193.7845 194.9003 0
246.1034 114.6376 0
248.1695 51.4482 0
181.4631 229.3915 0
221.7885 70.5401 0
249.4786 80.0895 0
200.4736 71.7113 0
214.5592 206.9473 0
248.3353 103.7858 0
222.2591 191.2805 0
177.8215 23.8607 0
205.3195 139.3451 0
212.9675 43.4909 0
227.6958 36.8109 0
206.2012 183.4485 0
190.2683 222.7618 0
219.8672 135.5719 0
185.0360 17.4715 0
226.0305 243.1284 0
205.5316 229.3851 0
240.9636 1.1226 0
192.9179 91.7430 0
183.6170 148.6559 0
228.1096 168.6543 0
174.3843 235.1502 0
240.2520 186.1700 0
225.4208 62.0715 0
231.8340 89.8477 0
231.6907 72.2768 0
191.5391 65.1872 0
225.4055 165.1922 0
248.1255 246.1632 0
236.7750 206.6441 0
231.5993 18.6931 0
204.9158 38.6673 0
240.6298 225.2277 0
202.5598 51.5799 0
226.8849 55.4613 0
203.8602 11.3083 0
174.1530 15.3188 0
186.8692 213.0711 0
195.4375 101.2280 0
229.8122 187.5411 0
209.3541 76.0967 0
223.5306 0.8131 0
211.6778 85.4313 0
172.3994 146.8931 0
218.7265 2.7035 0
214.6156 129.5435 0
210.1367 136.2734 0
219.0179 224.2359 0
226.5732 42.4940 0
196.4883 163.0638 0
188.1877 126.8803 0
198.2769 46.0299 0
207.7363 245.1865 0
197.0170 58.1465 0
230.7685 230.9324 0
235.6589 215.7415 0
232.0911 136.0071 0
218.6448 184.9312 0
210.6930 67.1277 0
214.9038 166.5359 0
211.4459 163.1781 0
205.8207 48.2739 0
239.3342 142.4643 0
241.5815 238.5369 0
219.8584 158.1716 0
244.9534 35.7493 0
248.1851 158.5161 0
230.1165 94.5637 0
192.4990 23.8697 0
222.0729 246.0597 0
233.8028 48.5273 0
234.0947 38.7928 0
169.8081 150.8937 0
190.8006 137.5096 0
222.3613 178.9161 0
220.1553 100.3043 0
216.6772 30.1706 0
221.1958 26.5460 0
225.2449 13.7941 0
232.3552 103.5475 0
237.5789 96.0405 0
205.6922 239.5970 0
220.5090 121.5511 0
187.3795 202.8582 0
196.7581 65.1122 0
206.7790 30.6821 0
214.8478 102.7381 0
224.6960 212.7474 0
250.8371 41.6524 0
213.7911 188.2781 0
200.5119 24.6554 0
211.9403 94.8895 0
224.3088 146.6720 0
201.3416 102.2716 0
247.4951 231.4860 0
197.3006 129.3621 0
227.9257 204.3972 0
247.3914 125.0759 0
230.8795 239.9616 0
196.1505 41.3083 0
236.3955 138.9977 0
246.8537 225.7014 0
178.3828 0.2100 0
213.3061 25.6508 0
241.8524 129.1710 0
165.2075 9.8698 0
204.4335 199.4592 0
180.3005 56.1580 0
218.8117 64.0874 0
234.2111 247.2673 0
216.7814 199.4805 0
198.6615 31.2327 0
240.6657 155.9542 0
216.6334 10.7898 0
217.7165 78.9208 0
191.1803 154.0931 0
198.3741 141.6711 0
195.1337 148.7798 0
191.6544 170.6828 0
210.4014 192.7978 0
190.4221 5.1769 0
199.1617 212.1106 0
228.8010 80.5846 0
166.6755 246.2956 0
205.5628 68.0061 0
210.7667 111.8639 0
242.2071 81.0594 0
250.7160 173.3919 0
211.8990 53.5065 0
198.9490 4.3365 0
207.8890 9.3023 0
232.4931 195.1461 0
239.7441 87.6575 0
250.2477 164.6400 0
184.1730 227.1863 0
185.2313 187.5082 0
175.1065 242.5481 0
241.5266 99.5374 0
200.5479 202.5018 0
247.5080 215.1634 0
198.8724 167.8180 0
224.4631 113.8661 0
186.6765 154.5811 0
246.9249 87.3914 0
193.2190 133.2057 0
193.6812 52.0385 0
173.4201 26.7196 0
179.4132 170.1760 0
220.9473 18.6087 0
209.1969 223.8773 0
227.8842 105.3709 0
219.9198 231.5129 0
193.5906 225.5573 0
240.5519 55.7423 0
202.9102 61.8536 0
249.8171 186.0006 0
238.3522 42.6257 0
228.4628 119.4043 0
230.3603 5.4762 0
213.4206 176.0667 0
212.6994 214.5968 0
196.3426 181.6266 0
242.7629 146.2998 0
249.5360 240.4118 0
216.9166 93.0132 0
224.1060 141.0206 0
199.7995 176.6065 0
232.0087 56.5187 0
211.5323 61.8530 0
228.7221 217.4739 0
240.0397 165.2987 0
190.3400 175.3739 0
248.8226 149.3864 0
247.6429 136.3109 0
187.9898 39.0723 0
187.0825 29.4337 0
218.2607 38.1518 0
233.0007 131.3158 0
209.7634 22.6489 0
173.3227 3.3988 0
226.6378 183.7450 0
209.2728 0.1212 0
195.1067 203.0708 0
238.0553 64.2199 0
249.9964 33.3054 0
245.3996 210.5001 0
221.4451 47.3662 0
224.6825 129.6562 0
196.9666 190.5968 0
198.7023 155.3243 0
203.7408 89.5992 0
214.1179 120.4596 0
182.8796 139.6670 0
183.4825 220.5638 0
208.7449 171.0686 0
226.1039 231.9595 0
235.3556 12.4583 0
185.5046 50.4835 0
234.4497 154.7888 0
130.9932 81.0450 1
105.0672 218.7110 1
167.0635 64.8571 1
170.4480 76.1445 1
138.1759 166.7222 1
102.2336 129.9342 1
134.5617 8.5420 1
106.8074 210.6183 1
176.7186 164.6250 1
144.8689 196.3812 1
133.4154 142.9757 1
142.2373 113.2905 1
113.4472 39.7266 1
164.5161 165.1754 1
139.6112 56.7246 1
119.6608 64.0135 1
118.0031 248.9923 1
119.1543 126.7347 1
120.9517 110.3318 1
105.4303 199.1726 1
118.4389 181.7625 1
154.4779 155.1309 1
107.6022 189.8908 1
168.6810 23.6306 1
160.2767 99.0928 1
167.5629 180.0257 1
126.6876 36.7544 1
100.3580 144.2002 1
184.2220 106.9154 1
142.0968 217.3754 1
172.9012 100.6308 1
151.7347 110.9450 1
170.3507 113.6234 1
112.7610 212.3190 1
117.7634 11.4679 1
148.5085 235.7305 1
132.0446 123.7515 1
141.2836 127.9820 1
134.4025 108.4219 1
118.6433 237.4708 1
126.6521 214.8844 1
113.4219 168.8145 1
163.2298 103.3988 1
181.0008 89.7122 1
162.8751 226.9855 1
122.2797 243.3189 1
102.5300 184.3703 1
161.7136 79.6408 1
137.0778 211.1821 1
141.9695 228.3531 1
104.1804 47.9069 1
120.3975 101.4378 1
135.5913 97.2570 1
102.4941 234.2303 1
144.1689 54.2886 1
168.7242 38.5997 1
106.6343 6.5153 1
113.5528 137.6300 1
148.1941 26.9237 1
161.1587 122.9665 1
126.7711 68.6536 1
110.9760 144.1714 1
109.9376 106.6396 1
129.4177 150.0450 1
156.2114 166.5348 1
171.0391 230.4769 1
163.9964 146.6891 1
143.5259 1.9775 1
111.5040 92.3060 1
146.2664 88.1149 1
191.7130 112.9993 1
152.3235 244.9934 1
152.7336 12.7389 1
160.8047 11.0008 1
128.7206 53.2338 1
138.8467 120.9221 1
152.9834 83.6160 1
110.9689 62.3625 1
105.2258 15.5698 1
157.6173 41.7156 1
100.3077 117.7496 1
129.0372 97.8851 1
111.3188 122.3808 1
146.1707 246.8399 1
158.2858 118.3523 1
121.7780 192.6663 1
115.2361 28.9396 1
153.1363 35.5654 1
181.2081 198.2267 1
174.2004 191.9687 1
101.4187 41.7688 1
158.8569 147.5260 1
145.0314 75.6145 1
173.4938 43.1093 1
150.7998 0.9330 1
134.2702 47.1008 1
145.5282 65.4558 1
132.3982 160.4326 1
164.6849 188.7108 1
139.0652 157.5033 1
126.9594 45.1907 1
154.1188 194.9072 1
123.3497 133.6534 1
181.5503 130.6842 1
135.4877 116.1702 1
129.3515 201.0418 1
144.8760 180.5450 1
145.2544 145.1259 1
112.0452 174.1250 1
136.4767 135.0959 1
152.9287 143.6822 1
172.0374 131.3604 1
125.6124 101.6578 1
153.4529 44.6870 1
126.2896 10.6835 1
158.4397 127.3997 1
119.9833 89.7951 1
111.0431 30.7236 1
163.5521 28.9665 1
155.9553 58.8438 1
153.0341 62.7740 1
166.1827 50.5805 1
162.8079 209.7498 1
116.3170 20.4960 1
115.9372 119.3257 1
103.9353 75.0451 1
142.5104 15.1790 1
154.8836 103.3589 1
152.4474 71.1990 1
156.4095 186.0149 1
158.3601 246.7210 1
151.9549 50.1677 1
148.1494 160.8950 1
188.5430 60.8906 1
145.1640 171.5883 1
107.5666 157.5614 1
109.6859 48.6130 1
115.4782 178.6535 1
123.6967 119.6135 1
126.6691 168.4079 1
107.8518 55.1183 1
164.0242 201.1792 1
174.9413 95.8847 1
138.2605 18.4569 1
165.6922 45.2912 1
125.7175 6.3205 1
104.6339 149.8656 1
148.7803 37.7052 1
184.0460 101.6275 1
155.7749 216.2844 1
116.5683 152.3113 1
117.7267 51.2096 1
176.3421 62.9753 1
144.4760 124.8067 1
113.5456 228.1043 1
144.6707 5.6361 1
142.8753 184.1937 1
144.6187 140.1577 1
151.1550 177.1926 1
116.2760 158.5982 1
171.0400 83.8064 1
131.7260 31.0962 1
153.2071 208.2180 1
128.8338 62.6674 1
136.7459 231.3481 1
131.0772 244.0089 1
179.0154 205.7163 1
131.9787 170.9523 1
111.0499 80.3938 1
137.9751 175.1897 1
159.0753 180.1917 1
110.0487 183.9534 1
158.5493 90.3253 1
117.9934 205.6082 1
108.3948 89.3384 1
103.5216 227.9124 1
147.6369 203.9760 1
104.1737 204.9476 1
123.6255 68.3412 1
125.7621 231.7003 1
113.7701 100.6367 1
135.2142 222.6059 1
122.1962 227.9001 1
133.1781 237.3365 1
112.2213 71.5796 1
101.7330 245.7403 1
144.9584 211.8992 1
138.2906 190.9453 1
112.8418 203.5251 1
170.8075 34.2103 1
158.9949 137.3510 1
164.4111 221.1214 1
132.3898 183.1913 1
125.0147 46.9034 1
156.0044 23.8656 1
176.0763 53.7361 1
107.9779 23.9145 1
124.8761 20.6399 1
172.5462 137.3317 1
196.7968 115.3393 1
150.5807 91.2943 1
173.9060 117.0332 1
163.7263 242.2548 1
104.5827 136.0032 1
182.3438 175.8602 1
169.6817 93.2454 1
176.2760 73.8791 1
186.0300 77.9156 1
183.9756 72.4523 1
141.5881 80.0559 1
123.5079 84.8794 1
151.9435 226.3503 1
126.3441 189.5189 1
146.5187 133.0780 1
169.6491 207.5751 1
113.1444 245.3970 1
134.7644 193.3516 1
167.9226 59.8405 1
168.1832 172.6484 1
188.0273 89.8590 1
113.8294 11.4459 1
143.4844 155.3376 1
104.4378 100.5730 1
188.6197 98.7133 1
150.6182 76.4319 1
100.0280 33.0471 1
137.4591 34.2440 1
113.3552 218.0931 1
157.0701 234.2719 1
147.2173 18.6973 1
162.5368 218.3489 1
