230.2295 83.4723 0
197.7103 6.4782 0
234.6166 59.2539 0
169.9025 95.4090 0
206.5396 189.0575 0
224.1196 18.0468 0
199.7051 205.8946 0
240.8826 111.8974 0
243.0670 142.3356 0
201.4338 63.5685 0
229.3763 91.5627 0
202.7306 41.0811 0
223.6867 99.1680 0
224.8037 190.6747 0
248.8245 115.2951 0
215.0360 150.9981 0
184.1031 230.0662 0
215.1511 46.6973 0
207.0464 142.9093 0
184.7283 34.8587 0
195.1506 143.0159 0
186.1526 208.8210 0
235.4596 156.5208 0
200.4998 171.0590 0
227.5695 153.9323 0
226.7858 34.4595 0
245.2723 223.6960 0
249.4964 49.3443 0
246.5411 98.2799 0
197.0343 95.0253 0
184.8081 63.4299 0
247.7244 21.5941 0
219.8607 239.4372 0
208.3286 104.0907 0
232.6147 140.0594 0
215.2088 194.6993 0
234.9999 55.9474 0
126.9239 193.0760 0
195.7410 148.5784 0
230.2801 106.4782 0
242.0922 78.6559 0
201.5536 244.5476 0
196.0961 30.8021 0
202.0103 125.3738 0
218.0639 25.7849 0
183.8177 104.0418 0
244.1782 169.0177 0
195.2123 82.3418 0
232.2659 224.8772 0
204.5696 27.2595 0
242.5465 203.6779 0
195.2127 2.9704 0
225.6773 234.9477 0
174.2454 231.1475 0
223.0742 87.0609 0
241.0933 186.7866 0
226.5347 176.5902 0
248.3152 241.1035 0
223.1625 112.8792 0
237.2557 42.3867 0
217.7382 10.3210 0
209.5877 91.2766 0
205.9957 55.7677 0
193.0986 158.1106 0
236.4862 11.0439 0
209.4435 155.8499 0
183.4088 25.2283 0
189.2333 135.0233 0
197.0609 175.5862 0
247.1143 174.5753 0
187.6946 176.6298 0
250.4511 66.5848 0
218.5586 75.9218 0
209.4917 9.8640 0
189.2767 27.0998 0
210.9591 95.9610 0
237.4027 219.5859 0
189.6785 222.9016 0
202.4501 159.9181 0
215.7230 129.0691 0
231.7289 21.0247 0
227.0251 142.7796 0
216.2959 101.2105 0
186.1316 237.6296 0
187.3614 94.5605 0
242.9427 102.7333 0
243.9533 215.4278 0
248.3253 208.9859 0
212.0355 225.7891 0
185.9675 127.8554 0
237.6607 66.0299 0
193.7341 243.6010 0
217.5979 118.0516 0
234.6418 197.2399 0
215.6880 184.0000 0
227.2852 220.0638 0
223.3460 36.9273 0
198.2180 180.5723 0
178.0774 93.2752 0
195.9071 200.7333 0
245.1083 67.0114 0
176.2856 37.6485 0
236.6713 20.7927 0
238.5830 119.3748 0
230.8534 112.9052 0
212.2948 165.5045 0
243.3547 73.6295 0
212.7563 246.0937 0
188.0214 146.3602 0
235.1763 95.0154 0
196.9455 35.9043 0
174.9054 0.6078 0
183.9917 5.3121 0
233.5766 50.5904 0
190.3119 0.4704 0
229.0291 65.9058 0
245.8265 11.3637 0
245.5135 160.2885 0
238.7305 84.2419 0
216.6928 32.6188 0
226.6785 9.2817 0
245.7693 192.3918 0
208.5898 83.3420 0
243.7714 127.6822 0
242.0682 175.3296 0
189.9935 82.7528 0
224.3164 1.9183 0
171.9433 64.7570 0
182.3373 90.8724 0
180.1522 239.3610 0
173.5153 86.9014 0
207.7914 48.3252 0
210.8581 236.9167 0
215.8958 54.1049 0
206.8416 132.8668 0
245.5459 132.7784 0
202.1513 194.9837 0
245.3638 49.5283 0
222.8646 205.1310 0
179.4961 215.0378 0
190.1495 164.8599 0
168.9152 80.3807 0
210.0821 135.9890 0
238.0529 178.7988 0
238.7683 241.6663 0
184.2922 53.8008 0
228.9603 148.8434 0
248.2729 2.1292 0
224.2990 25.7964 0
198.9576 139.4094 0
245.3647 28.4170 0
197.9452 131.9564 0
202.3410 17.7722 0
193.1701 46.9156 0
250.0702 42.8902 0
226.2189 79.3760 0
204.3659 171.0848 0
201.8033 225.9897 0
230.8268 207.1797 0
211.4290 70.8142 0
229.8491 15.8108 0
180.0903 64.6784 0
228.5001 98.3347 0
213.5526 144.7011 0
248.9208 82.6636 0
218.9207 67.2481 0
233.9757 7.9499 0
183.4379 117.8849 0
198.7683 216.2338 0
229.3040 75.0382 0
201.6110 106.4626 0
180.9718 43.5209 0
240.1756 0.8470 0
210.3378 116.8903 0
223.0993 57.2125 0
178.5527 80.1297 0
176.9149 101.4640 0
189.9188 103.8043 0
220.6430 177.2240 0
191.8297 90.5612 0
197.7138 186.8556 0
247.7608 200.9483 0
246.5593 246.3486 0
197.0168 228.3606 0
232.7334 167.5023 0
228.8085 242.0387 0
189.6906 62.2484 0
244.0052 118.4645 0
172.4760 34.1556 0
237.6638 206.1275 0
199.1640 24.1644 0
218.1024 113.5529 0
237.8343 227.7085 0
239.6982 195.9848 0
221.2944 247.8040 0
194.6366 55.8965 0
198.6157 210.5964 0
176.9531 155.6787 0
189.7362 181.4473 0
208.4253 206.3555 0
242.9136 89.2394 0
213.4987 37.1848 0
239.5535 127.9760 0
215.8764 211.6784 0
232.5712 189.2710 0
236.5634 147.4553 0
182.8950 72.7283 0
230.1422 246.2451 0
188.8838 76.7698 0
236.1074 71.1951 0
221.8176 166.3400 0
211.0232 44.1805 0
219.6352 192.3774 0
193.9899 18.0571 0
231.8672 130.6338 0
227.6358 184.0293 0
210.7237 4.5380 0
191.7057 208.1737 0
182.4247 245.1485 0
228.2837 134.0957 0
223.4501 185.8210 0
247.0978 138.3481 0
229.2941 43.2994 0
191.8124 188.8988 0
213.5328 87.1307 0
179.1138 230.3493 0
219.1535 93.2321 0
193.2852 120.5998 0
191.4496 9.7811 0
205.6014 243.7827 0
181.1768 223.2192 0
189.1951 37.5568 0
230.1792 125.5881 0
249.1942 8.1476 0
204.9677 119.1058 0
199.3082 248.8254 0
220.2819 47.0749 0
188.7374 124.0152 0
221.1260 158.0073 0
213.0391 61.6999 0
177.1558 163.3390 0
203.9128 46.3797 0
242.3954 232.2553 0
224.4749 200.5275 0
175.3408 73.7529 0
197.5082 112.1264 0
243.9102 34.1084 0
202.3079 69.8216 0
200.6248 149.3817 0
182.8870 149.7724 0
226.6707 53.7734 0
220.8383 224.7087 0
243.8195 58.1740 0
250.2951 147.5657 0
214.3326 216.0464 0
225.0121 107.7306 0
207.3685 182.9972 0
222.8365 130.6185 0
233.2416 118.0379 0
175.0193 223.4727 0
185.4697 17.0242 0
241.2059 45.7878 0
176.6207 50.9226 0
184.0343 216.7195 0
196.7551 237.1522 0
207.5198 215.7046 0
227.3872 162.1164 0
204.9421 110.5387 0
212.7133 18.4954 0
183.2951 170.6348 0
235.7477 29.3701 0
234.4989 81.7496 0
247.6521 38.5039 0
226.3597 228.2605 0
194.8595 167.0395 0
200.3474 89.4894 0
217.9212 107.6653 0
191.3048 233.8387 0
205.3015 233.6660 0
223.3286 215.9951 0
233.4398 234.3927 0
208.3074 29.6305 0
176.5022 57.2187 0
248.3825 183.1070 0
206.1173 78.7045 0
206.7671 161.6205 0
243.1014 155.0716 0
237.2444 107.3404 0
169.5292 217.0621 1
112.5654 36.0093 1
165.1266 74.5810 1
109.6913 161.4597 1
159.0212 42.1058 1
117.6916 173.7048 1
166.2276 127.6975 1
151.0336 233.0370 1
180.0729 201.9953 1
158.0216 127.9322 1
111.6221 210.5996 1
147.4045 66.3935 1
119.0419 242.6283 1
121.5018 66.3241 1
132.6607 11.1960 1
117.2627 16.3461 1
146.9141 17.9994 1
107.8028 17.2712 1
106.9688 111.9463 1
149.4150 8.7531 1
137.3980 73.2923 1
161.0845 211.8652 1
124.5842 113.3034 1
143.9658 99.6543 1
143.8725 128.3438 1
129.4856 248.3333 1
143.5400 141.7189 1
144.4411 198.8708 1
154.5268 10.2741 1
131.7742 221.8968 1
135.2625 194.4389 1
164.3060 39.9893 1
107.6384 229.8409 1
104.0153 200.3220 1
140.4470 150.6953 1
153.1317 90.3370 1
106.6204 1.0561 1
179.0582 174.1264 1
165.2615 123.0021 1
132.7569 51.6655 1
154.6449 54.9393 1
163.9958 225.1215 1
129.9325 183.9804 1
168.7684 12.0885 1
164.3473 244.9206 1
114.4814 64.3060 1
124.7468 234.5921 1
112.6257 192.8840 1
142.6350 5.6556 1
164.1783 110.4389 1
149.1946 158.0789 1
142.5978 221.7867 1
121.2167 145.2394 1
116.6674 69.0815 1
133.1199 119.1328 1
140.5323 205.4984 1
126.8037 161.0184 1
171.9104 118.3053 1
121.0555 180.9791 1
114.6399 234.1733 1
142.4786 163.4174 1
111.2877 75.3717 1
137.2525 88.7390 1
151.0056 117.3637 1
102.2335 242.3950 1
111.9988 20.0513 1
147.2884 219.4240 1
122.9897 75.3669 1
138.9807 109.5657 1
109.5986 221.2760 1
138.5379 82.1746 1
149.6089 237.6945 1
107.6503 199.4028 1
166.7842 181.9280 1
101.9674 179.7752 1
134.2000 36.7278 1
123.0391 223.9480 1
152.7662 127.8007 1
166.3695 5.2018 1
105.9566 234.4188 1
121.7160 32.4198 1
122.6346 4.4786 1
164.1737 64.0870 1
158.7700 52.1918 1
123.7807 147.5151 1
149.9253 149.0845 1
166.2779 193.4253 1
105.3351 170.8495 1
109.0731 103.0023 1
168.6358 137.3712 1
148.4204 34.1116 1
175.4255 114.3349 1
156.4045 188.9811 1
119.5164 189.6149 1
138.9353 189.1893 1
139.4242 27.9656 1
180.9575 190.3599 1
173.6285 9.1890 1
131.2816 23.3597 1
132.4137 206.0291 1
128.9239 134.1373 1
178.5939 143.0727 1
151.3674 108.7241 1
116.4621 83.8739 1
106.2118 53.7224 1
124.0924 207.6981 1
140.3153 102.7156 1
151.0392 186.8621 1
102.4623 36.9894 1
124.4259 45.1085 1
123.4419 59.6042 1
116.9440 134.6570 1
169.4484 57.5160 1
129.9649 165.8858 1
132.6548 140.6195 1
162.4446 131.0190 1
167.4417 200.9927 1
118.1177 99.1642 1
152.7063 27.2469 1
181.8318 165.2529 1
130.3889 213.8854 1
155.2880 136.4270 1
174.6562 22.8750 1
120.5170 247.0137 1
134.4169 176.6726 1
108.5371 33.4215 1
177.6897 13.2672 1
155.3116 147.4440 1
152.7676 164.9952 1
105.3672 150.0969 1
111.0233 82.3947 1
154.0130 202.0782 1
142.9117 244.8311 1
155.8569 23.8014 1
123.6697 21.7480 1
129.0034 71.0257 1
132.7756 157.0326 1
173.0807 146.7496 1
135.2654 131.2104 1
169.1857 167.7948 1
156.7394 102.7164 1
157.9608 228.4284 1
157.7262 177.3608 1
130.2979 41.7768 1
179.4000 180.6210 1
116.3150 111.4144 1
109.0624 62.6629 1
159.5831 151.8951 1
155.0406 112.3450 1
167.4320 101.2450 1
158.0515 202.8321 1
152.2340 211.6004 1
171.3406 204.3946 1
117.8085 226.2977 1
122.8341 128.3761 1
115.0089 106.7613 1
170.9775 247.0388 1
150.1215 44.0001 1
158.6194 90.0136 1
114.1754 85.7833 1
147.3660 90.3515 1
129.0978 148.3052 1
149.6223 232.9156 1
124.6394 51.5043 1
156.4236 36.4179 1
172.2016 44.9627 1
119.9916 155.8255 1
145.2652 185.7092 1
138.8292 240.5206 1
153.4149 65.4936 1
133.1316 105.4550 1
102.9418 103.8496 1
117.2676 216.3324 1
108.2826 137.4187 1
162.9078 162.3195 1
103.6024 127.8685 1
131.9562 60.7744 1
144.9602 74.9794 1
164.9548 18.4652 1
125.7459 108.2665 1
173.0671 154.9104 1
104.2766 204.2899 1
175.2759 208.4229 1
109.5669 183.7258 1
127.5204 94.4606 1
143.7811 52.7501 1
118.0499 163.5795 1
155.1078 249.6347 1
166.2326 29.1384 1
161.0495 116.2324 1
158.0447 2.5845 1
157.7437 80.3915 1
113.5010 130.3002 1
131.1979 15.9395 1
145.3378 116.4890 1
131.7027 55.7256 1
101.8225 213.3997 1
160.9831 60.3327 1
111.2154 26.5766 1
111.8509 144.2738 1
146.6077 80.4937 1
132.6564 232.2618 1
102.5060 8.8695 1
114.6829 5.3308 1
152.4956 154.2568 1
155.2605 219.1098 1
148.1865 97.5515 1
126.7250 173.6324 1
133.7560 199.9816 1
172.4499 127.5761 1
173.9728 195.3126 1
134.9160 249.4797 1
114.3546 121.7437 1
148.9421 170.8413 1
131.3746 124.2863 1
104.2749 45.1699 1
134.1392 161.5219 1
112.8311 9.8979 1
114.3658 45.7924 1
135.1084 10.4906 1
172.2541 237.4789 1
