227.3114 68.9164 0
240.5059 208.2487 0
237.4351 98.4723 0
220.8252 233.8353 0
214.8641 216.4347 0
246.7448 113.0565 0
200.6391 53.9570 0
212.8646 209.1711 0
224.0466 228.8243 0
238.3631 48.3125 0
200.5403 236.1169 0
228.5617 149.9200 0
214.5118 14.5544 0
249.9539 226.6864 0
210.6660 146.7943 0
229.5258 83.9004 0
184.5212 106.1488 0
243.8465 179.6118 0
245.7327 26.6555 0
215.0266 138.8620 0
226.7799 167.3286 0
240.2339 119.9131 0
209.6205 155.3977 0
238.0135 66.4414 0
233.6927 215.5416 0
231.5572 111.2566 0
233.3846 74.4812 0
250.5154 24.9943 0
249.7306 100.6293 0
237.1202 111.4656 0
242.1955 161.2896 0
168.2706 193.2538 0
250.5320 61.9646 0
236.4547 124.4515 0
184.7014 217.1852 0
210.9351 127.7850 0
226.2934 14.9461 0
228.7560 19.8280 0
218.4297 94.4905 0
243.3296 244.6792 0
211.7773 222.5325 0
219.9092 172.8815 0
212.4151 116.7263 0
239.3122 168.4574 0
202.6196 80.8311 0
186.4114 210.0387 0
238.8334 21.2960 0
183.3066 227.8336 0
245.9290 17.4060 0
219.3118 112.2408 0
207.6784 25.9494 0
250.2074 146.4617 0
193.7062 162.9803 0
237.6151 149.0236 0
251.6983 157.7015 0
247.6331 65.9199 0
240.0147 61.6876 0
248.8003 203.9067 0
248.7358 139.8584 0
246.5480 38.8536 0
221.1620 183.8782 0
221.2639 117.7143 0
239.2723 187.5249 0
208.5844 40.8411 0
199.4423 99.3705 0
208.0512 103.8287 0
228.8660 35.8888 0
248.2317 168.2117 0
211.3593 234.8895 0
205.8681 75.0353 0
251.2642 237.0622 0
181.3547 137.9124 0
235.7000 210.5640 0
173.0966 206.4027 0
219.7773 127.4579 0
217.3720 221.4366 0
202.7701 137.5455 0
192.2126 19.7403 0
228.6966 144.1108 0
232.5461 97.6318 0
223.2799 141.2251 0
239.6374 243.4743 0
204.0569 93.1323 0
200.6501 157.3046 0
211.4867 227.8713 0
188.9740 193.7636 0
115.2503 171.2651 0
235.6402 8.0658 0
206.0944 206.4593 0
190.3755 126.5021 0
212.5771 181.4001 0
243.7569 198.7600 0
209.4454 22.9591 0
240.9966 141.8559 0
189.3288 151.3696 0
242.9238 156.0972 0
196.0240 204.1397 0
214.9998 99.6279 0
194.4359 31.0623 0
216.3201 19.6489 0
199.6770 23.8785 0
226.4422 3.8439 0
231.5456 174.8443 0
239.2555 237.9225 0
230.2709 230.0728 0
242.3840 93.1333 0
235.0080 197.4628 0
231.4731 237.9418 0
230.3983 48.4020 0
219.2164 78.0493 0
220.4322 188.9662 0
213.1053 84.6656 0
208.3439 9.1045 0
204.3463 32.6459 0
195.9586 106.0400 0
194.2849 225.0305 0
193.5684 241.8627 0
195.5261 3.7710 0
229.8760 190.1488 0
211.6987 58.1929 0
227.9069 129.7338 0
217.8816 56.0781 0
226.2456 59.0792 0
211.5543 131.6447 0
249.5095 134.7938 0
243.1631 235.9851 0
209.7756 139.4246 0
220.8174 25.8979 0
197.6514 73.3578 0
245.4813 47.8730 0
189.6832 171.4189 0
200.5066 145.6779 0
207.3679 198.2005 0
208.0487 162.0421 0
204.8547 66.8316 0
244.2715 83.5581 0
221.9157 85.4722 0
226.0277 39.8754 0
223.7883 190.7988 0
200.8842 174.0968 0
224.1789 110.1095 0
199.3826 225.4733 0
201.5146 126.3416 0
215.3615 195.0552 0
251.1535 53.8709 0
247.7930 91.6695 0
192.0947 180.2059 0
220.3772 75.1771 0
206.2945 173.5321 0
206.4716 125.0082 0
220.7776 210.8650 0
228.6155 90.3789 0
217.2010 10.3349 0
201.9740 185.9560 0
201.6866 212.5347 0
213.5815 5.5001 0
229.0004 204.7433 0
227.4724 101.9532 0
232.9902 23.5195 0
206.4979 228.8535 0
217.3869 29.2047 0
239.8714 192.5220 0
217.7769 163.5136 0
251.0590 31.0581 0
183.6857 201.1903 0
193.7551 134.0694 0
235.3738 13.0581 0
199.5959 249.0410 0
220.8111 42.6169 0
197.5150 168.4533 0
224.2942 134.0666 0
236.7202 41.9952 0
196.1327 13.4169 0
229.4052 184.1602 0
216.1675 38.5005 0
226.8024 31.7075 0
191.8976 235.6395 0
224.8140 216.7625 0
235.8714 173.9063 0
217.4111 244.9417 0
204.8046 13.9770 0
194.7042 215.3344 0
230.3204 121.2984 0
218.8248 238.9036 0
244.8000 250.2418 0
229.0641 200.0311 0
208.1877 87.1745 0
248.0961 217.3286 0
247.5437 74.7838 0
222.2544 102.6420 0
225.7972 9.2681 0
219.9473 21.3757 0
189.8127 246.4219 0
242.0948 73.4920 0
242.7969 127.7933 0
209.5641 32.3912 0
242.0574 57.2940 0
209.8950 51.0807 0
179.4187 218.8620 0
187.7187 161.1933 0
190.9311 187.7100 0
206.6652 58.6212 0
234.6324 135.7189 0
246.5659 3.2816 0
231.5047 79.1259 0
196.6896 120.4633 0
200.3687 36.9751 0
237.6544 9.7152 0
221.7070 51.2893 0
242.6660 104.2626 0
192.3681 231.1293 0
234.9844 231.5064 0
224.9924 250.2992 0
198.5846 193.6696 0
205.3579 52.5582 0
196.6414 87.7697 0
189.1992 203.1894 0
240.3035 221.4095 0
205.7812 146.8890 0
233.7170 249.7216 0
191.1307 142.4324 0
191.6442 103.2958 0
247.2269 211.7287 0
200.8455 108.9664 0
245.8030 148.7145 0
217.4008 152.9628 0
227.3944 158.8506 0
209.1694 184.8688 0
227.2799 55.6403 0
214.3912 112.1926 0
204.9189 243.7406 0
211.7318 250.8080 0
225.4577 240.9519 0
200.2421 62.4566 0
216.4452 67.2789 0
234.8436 161.7704 0
239.7925 35.1916 0
222.3454 197.9977 0
194.0938 151.9534 0
248.8398 187.2725 0
222.3006 159.5101 0
112.1967 17.5149 1
111.7323 170.3358 1
177.6962 228.8351 1
145.3490 39.9422 1
138.6598 81.1289 1
101.9717 119.0730 1
143.6112 116.4343 1
130.2031 86.1952 1
172.2324 152.8822 1
130.5336 46.6499 1
154.5012 42.0868 1
136.9429 16.9678 1
119.3641 19.2673 1
129.2185 116.7299 1
157.8316 216.1459 1
128.6817 235.4080 1
145.8779 141.0924 1
110.8659 189.8953 1
150.1529 122.4459 1
180.4796 100.5175 1
188.6718 71.7128 1
140.8918 20.2733 1
120.9251 116.8744 1
110.0883 129.6675 1
173.6560 189.3267 1
124.5263 166.1976 1
161.0204 167.5237 1
115.2574 221.5120 1
153.9043 240.8043 1
102.1147 159.5466 1
151.3454 196.6107 1
157.1230 155.9111 1
140.4337 141.7605 1
100.9988 24.9507 1
158.7165 59.5510 1
145.1886 69.9564 1
137.9888 148.3931 1
150.3316 202.1219 1
170.9380 143.8332 1
100.1869 81.8863 1
106.2281 151.7556 1
140.7238 41.3269 1
140.4642 242.3549 1
120.6534 198.4607 1
133.7328 226.6280 1
142.4855 154.5631 1
167.0901 43.6818 1
100.1227 14.9614 1
188.3519 97.4452 1
114.9815 26.0230 1
152.5062 48.4208 1
108.1765 48.3701 1
112.7958 71.3314 1
156.2917 113.9883 1
146.8493 169.5227 1
175.7985 149.5858 1
119.5871 3.0933 1
151.3052 185.9520 1
124.0464 63.9699 1
100.1764 70.2658 1
107.6213 165.6234 1
165.2689 182.4297 1
182.3638 179.1072 1
160.3507 194.2526 1
113.9245 184.1875 1
143.5643 163.0320 1
178.7197 46.5514 1
175.0474 156.8944 1
123.2243 9.9723 1
132.0897 105.3424 1
154.9677 70.9732 1
163.1700 48.9864 1
103.4224 214.5827 1
155.8406 225.1157 1
170.7615 126.8185 1
186.7074 51.2840 1
116.0302 152.7326 1
104.9925 51.4118 1
143.2292 195.6335 1
149.9123 63.9076 1
179.8074 159.1253 1
102.0750 42.2528 1
182.0243 28.3197 1
181.4884 149.6076 1
160.5873 189.2100 1
179.0268 28.7339 1
166.0760 60.3698 1
113.8314 83.2612 1
184.6430 128.6331 1
149.7487 207.8001 1
169.5082 21.0728 1
164.0691 131.3905 1
126.4496 90.2788 1
130.0466 169.7736 1
130.5154 112.7737 1
162.0133 234.5671 1
133.2381 95.4058 1
138.6193 52.2243 1
109.2004 20.5101 1
167.4435 177.9751 1
170.3662 185.9718 1
122.2062 147.4362 1
185.1091 60.4576 1
135.6200 32.4527 1
103.0837 69.7058 1
109.2101 227.0304 1
106.1861 246.6483 1
142.0822 179.4979 1
137.0938 12.6337 1
144.2107 78.5660 1
159.9499 124.5155 1
123.1699 72.3661 1
127.7215 78.9721 1
168.0389 4.2548 1
166.3419 72.4303 1
121.9834 143.2456 1
181.8983 68.7057 1
120.1913 35.8555 1
158.5260 12.9769 1
176.5289 73.3262 1
162.5624 241.8592 1
171.3627 166.2213 1
154.8750 129.6017 1
109.5336 104.4821 1
123.9272 18.8491 1
163.2021 15.6192 1
122.1097 48.0912 1
148.5911 32.9567 1
182.6501 186.1935 1
121.6947 188.1234 1
179.1661 2.0187 1
106.7017 61.2182 1
189.7681 28.2266 1
175.3578 81.8012 1
142.5676 231.3291 1
171.1627 113.7078 1
170.0490 226.3582 1
111.5622 188.4646 1
175.6141 15.9322 1
154.1981 171.5062 1
150.0172 58.3809 1
120.4467 179.4618 1
142.8515 6.0899 1
100.6929 4.5048 1
101.8719 91.8023 1
131.5839 35.1199 1
135.8252 193.1412 1
166.6067 154.0030 1
118.1905 109.9025 1
122.6244 223.4040 1
144.4162 222.4272 1
125.4673 179.0849 1
109.8977 204.0465 1
147.5461 129.9562 1
123.6795 55.0529 1
112.3248 100.9187 1
159.2196 83.0673 1
119.7226 90.4796 1
144.2805 146.0829 1
138.9755 200.4880 1
162.2823 142.4340 1
110.7211 239.5992 1
186.0399 79.2851 1
187.9123 118.1947 1
107.9404 113.2792 1
183.5007 37.5507 1
164.5431 210.5793 1
145.2354 245.3623 1
104.4325 226.9058 1
168.1593 208.3469 1
179.3025 249.1595 1
116.7863 121.6356 1
152.1179 161.2511 1
137.8375 133.6477 1
103.9608 129.3232 1
101.2656 106.1865 1
174.7231 105.0473 1
177.7975 176.2629 1
168.4603 187.7775 1
123.6670 239.7412 1
112.8431 212.9946 1
147.6576 17.9019 1
117.9425 135.6861 1
180.1107 166.6042 1
190.6282 41.5921 1
116.5576 229.7492 1
107.1333 218.1238 1
102.4871 204.4090 1
115.6973 44.6133 1
175.5014 10.4549 1
168.9932 38.2086 1
190.7263 113.0537 1
172.4458 34.8408 1
132.5504 156.0689 1
152.6670 94.9758 1
176.4139 54.4039 1
131.4388 247.9144 1
163.2928 230.3354 1
173.5381 120.0396 1
144.7905 209.4855 1
179.9233 114.4192 1
172.6683 96.0934 1
141.2353 92.2816 1
130.8437 151.1353 1
154.6534 89.5927 1
167.3825 97.7396 1
140.4275 100.9758 1
186.5762 88.1621 1
171.8901 234.1705 1
165.6579 137.8516 1
132.1792 69.5400 1
121.6106 208.2764 1
156.2732 178.3805 1
119.0242 247.6285 1
107.0767 80.4324 1
163.5290 36.2697 1
130.1255 144.4531 1
128.3395 25.9659 1
154.0024 145.9598 1
175.7746 208.2130 1
148.5755 104.5901 1
107.4532 251.3311 1
123.4743 129.5162 1
132.4684 219.6353 1
101.0485 187.9693 1
133.0126 183.7116 1
117.4045 212.4763 1
152.3197 231.4984 1
150.7514 117.0906 1
148.0997 48.1656 1
162.9107 106.6793 1
190.9407 6.3594 1
134.3173 42.8354 1
147.9311 0.8748 1
171.4115 27.5975 1
163.7360 89.2041 1
108.8578 138.8512 1
167.8674 249.8714 1
121.0528 163.5658 1
135.5511 3.1563 1
151.6439 81.4664 1
187.4198 20.4002 1
162.3847 23.6587 1
103.3059 97.9540 1
136.7215 118.7110 1
119.5729 98.8988 1
132.0969 210.5991 1
164.1610 201.0175 1
168.2480 78.9825 1
119.3033 76.1340 1
141.7303 125.9772 1
173.9641 241.1298 1
128.1474 60.0362 1
132.5308 12.6909 1
196.1256 49.9015 1
113.8870 137.0842 1
100.1148 34.4190 1
126.1145 224.6786 1
159.8309 172.9579 1
154.9719 5.8669 1
181.4465 241.9960 1
