225.8443 51.4335 0
209.0529 237.6827 0
246.3514 93.7405 0
198.3030 65.9645 0
235.3029 179.0840 0
189.6580 242.8278 0
215.7072 184.9895 0
246.5014 73.1458 0
247.9516 117.0317 0
209.3112 30.6335 0
232.9590 63.1988 0
213.8182 36.6880 0
240.2027 65.6834 0
245.4962 186.1331 0
218.8114 141.1786 0
197.6110 223.0944 0
204.2596 8.8556 0
211.2292 128.0265 0
211.2264 63.6436 0
188.3322 118.4708 0
159.7643 218.9461 0
239.2217 148.4681 0
228.4138 155.5523 0
230.8044 118.2508 0
246.7777 148.0476 0
234.9997 11.2811 0
236.4701 197.8906 0
212.9833 87.3729 0
213.1030 43.9850 0
214.8585 231.9689 0
214.1534 99.3792 0
240.6493 120.0555 0
199.7148 194.2438 0
235.1871 20.2249 0
167.5323 214.6999 0
201.6553 147.9282 0
249.4079 67.3052 0
236.8973 59.9399 0
201.2443 217.9408 0
197.2281 15.9181 0
201.1812 122.1055 0
216.1414 7.4707 0
195.4567 110.2822 0
240.4791 158.2710 0
199.6454 81.5683 0
223.2405 210.2550 0
202.5605 20.7756 0
243.6836 191.1748 0
184.7014 226.3246 0
225.5725 223.5966 0
165.1169 221.3078 0
231.3791 70.9554 0
247.9430 163.0408 0
239.9606 168.3365 0
226.6212 99.1145 0
223.9263 5.8472 0
213.7678 79.6469 0
217.5939 26.3030 0
205.3495 160.5415 0
243.8141 246.0027 0
220.3051 152.5352 0
194.4337 2.8203 0
188.9475 92.6445 0
196.3396 119.7928 0
248.6212 43.9981 0
189.7579 209.3570 0
206.6561 75.7744 0
197.4628 241.3573 0
191.0463 43.5139 0
249.6330 219.1033 0
225.6635 92.6206 0
241.4121 203.8852 0
185.2431 201.3250 0
210.2051 138.7708 0
215.9850 124.2243 0
231.5584 248.5757 0
224.5207 125.0743 0
230.8994 90.3595 0
183.2003 231.3901 0
207.7095 95.2192 0
238.2466 221.8352 0
228.0136 207.0201 0
200.0360 100.7152 0
209.3693 218.5721 0
221.4388 107.4975 0
248.9072 193.6432 0
233.7671 171.9195 0
232.4039 202.1322 0
222.5441 25.5266 0
213.6683 162.8435 0
187.5038 79.4424 0
209.9651 173.9255 0
187.7287 57.7211 0
244.3940 2.7871 0
244.9113 103.9354 0
237.8694 90.7981 0
218.4733 145.5630 0
241.4420 36.2300 0
214.6613 241.3229 0
191.6715 104.0121 0
242.7952 76.2408 0
200.1441 245.6158 0
191.9945 233.1896 0
185.5469 245.8987 0
248.5338 28.3181 0
176.4119 218.1178 0
235.8274 45.4082 0
242.1467 137.5655 0
223.4615 13.0257 0
224.8409 246.6690 0
225.6916 73.6904 0
235.9866 166.2765 0
222.9107 79.3918 0
234.5838 243.8909 0
187.8904 48.0145 0
182.2802 85.8581 0
207.4211 228.1263 0
197.4218 60.3361 0
221.6119 30.2720 0
207.4457 207.6064 0
232.3142 35.4644 0
209.9759 103.8552 0
218.7534 177.8238 0
250.7328 39.4513 0
224.9764 191.7457 0
166.3229 201.7015 0
210.6293 167.2973 0
189.8921 69.3020 0
218.8703 134.5306 0
242.3263 176.6280 0
240.8552 227.2407 0
201.2893 39.4901 0
232.0221 136.9962 0
247.8743 233.2727 0
223.5011 238.8489 0
203.1741 131.0451 0
249.6147 5.6140 0
205.1133 124.4459 0
203.4981 54.2894 0
214.1249 54.5679 0
218.9221 86.7809 0
208.7896 185.7052 0
201.7481 199.0806 0
217.6823 193.0661 0
216.8510 46.2023 0
219.4097 3.7436 0
218.7484 66.8490 0
229.9434 47.8540 0
230.1415 128.4313 0
219.6510 54.9410 0
240.9308 234.7728 0
186.3755 110.3833 0
194.8978 203.6649 0
239.8018 54.0659 0
196.8042 94.4175 0
179.6858 69.5187 0
235.5581 235.7516 0
224.7918 115.4117 0
243.5246 27.3383 0
194.1471 72.4431 0
181.1241 116.8390 0
202.0368 92.5671 0
232.2823 158.5427 0
239.5213 69.4101 0
205.1601 175.7926 0
248.0221 205.5931 0
243.3632 222.7568 0
174.6635 226.5509 0
229.6960 144.0968 0
221.6983 235.2966 0
202.0180 69.3281 0
203.9447 47.1411 0
235.7574 185.4909 0
192.8994 21.3420 0
218.6053 94.9813 0
233.3608 212.8303 0
220.7703 246.1260 0
205.6070 33.4405 0
229.7243 193.0436 0
199.1384 133.7315 0
218.6143 170.2756 0
216.7714 197.8436 0
208.9724 23.9387 0
249.9666 106.0091 0
209.1622 194.6762 0
238.5821 112.0583 0
189.9481 84.5099 0
229.3831 230.8506 0
197.5063 53.2561 0
248.8296 52.2495 0
225.2307 151.5215 0
199.5829 29.2568 0
249.4501 181.6412 0
245.5474 59.2600 0
199.0144 6.2548 0
227.4691 176.5081 0
197.9847 232.5041 0
178.6893 201.9511 0
202.8519 225.6164 0
239.2248 102.0054 0
229.4955 170.6645 0
244.7322 128.4845 0
243.8240 16.1955 0
224.4280 183.6403 0
223.8471 68.4119 0
146.7751 229.5424 0
232.6341 77.7177 0
185.1326 100.9764 0
180.5827 238.9510 0
212.0140 209.8628 0
171.9124 209.9355 0
180.4081 64.9164 0
227.9514 109.2879 0
208.5546 118.6748 0
184.8094 250.6484 0
215.5500 16.9054 0
191.6228 127.7056 0
226.1522 142.4786 0
224.9441 37.1390 0
199.2748 143.6138 0
235.9932 42.4039 0
242.3253 215.4588 0
187.0564 61.9219 0
206.5157 114.1444 0
242.5121 11.8108 0
223.4165 58.6999 0
202.8584 139.8848 0
186.6032 125.5423 0
230.0523 26.7135 0
215.9484 221.6798 0
234.4970 26.2863 0
199.8759 209.8386 0
235.6239 82.6651 0
231.2732 183.8483 0
235.6288 106.3997 0
234.2658 96.6046 0
156.8749 226.0745 0
247.2080 154.2509 0
171.4978 235.6912 0
196.4243 36.8778 0
207.2945 203.2132 0
203.2629 235.7765 0
217.9947 206.5287 0
239.6080 142.0039 0
210.0061 85.1468 0
213.0678 1.1571 0
189.6303 139.6797 0
242.6047 45.5215 0
246.5054 20.4935 0
226.2073 218.6411 0
211.3947 150.5577 0
225.7230 85.6394 0
211.8165 108.4803 0
185.1984 221.2606 0
182.8392 213.8011 0
217.8197 216.8982 0
232.4391 224.2018 0
208.9780 0.9370 0
192.0620 53.3553 0
245.8882 171.4150 0
212.9260 69.8544 0
222.1497 167.2002 0
239.6179 129.0474 0
244.3363 84.1142 0
143.2628 215.6138 1
136.2367 6.0074 1
175.0713 93.1856 1
109.4186 124.2346 1
163.8307 18.6568 1
144.2755 177.7527 1
158.6842 125.2191 1
147.4957 6.3852 1
159.1097 206.6733 1
104.8552 247.2258 1
170.6646 144.5847 1
109.9116 160.8105 1
149.1099 110.1019 1
143.6128 238.7203 1
124.3791 61.8087 1
114.1677 18.6837 1
142.8822 27.7920 1
176.4006 246.9790 1
157.0035 219.4682 1
131.3733 157.5408 1
101.8790 230.1160 1
140.3622 127.8522 1
172.1302 16.2507 1
103.1433 223.0339 1
129.8385 109.9535 1
151.5722 125.3340 1
139.9006 160.2162 1
167.7331 231.3160 1
155.1706 131.7426 1
153.2529 234.7160 1
182.4698 25.1854 1
154.3201 209.5716 1
126.3239 34.8264 1
102.2664 145.1975 1
141.0128 9.2157 1
142.9071 136.0760 1
177.9819 150.3479 1
176.1408 50.6023 1
124.5612 127.1190 1
112.1678 3.5712 1
169.7693 190.1535 1
150.6552 67.8991 1
122.5422 25.2143 1
160.2441 50.2870 1
131.5937 216.0938 1
145.9385 181.0013 1
169.2419 46.9220 1
154.0343 6.7895 1
121.5869 207.0175 1
140.5331 173.6542 1
170.1910 2.5006 1
115.8680 73.6355 1
169.1755 169.0358 1
111.2477 190.4065 1
161.7056 154.4109 1
111.2941 67.9774 1
117.4933 142.7434 1
151.5474 213.9206 1
126.7659 153.7677 1
141.1765 86.8276 1
131.7295 196.2361 1
131.0101 247.2000 1
191.5918 169.9256 1
109.0656 85.1130 1
108.1170 48.5257 1
166.8471 89.7201 1
151.5071 30.1926 1
181.5598 163.3000 1
131.2183 73.5248 1
134.4910 126.8462 1
105.0583 75.9045 1
135.7968 245.3936 1
108.5188 138.6461 1
186.4368 152.1603 1
144.0995 247.5311 1
111.1099 214.9693 1
174.5982 142.1477 1
140.5866 33.9337 1
163.6896 240.1224 1
137.0914 43.1301 1
112.0927 37.4505 1
189.4243 28.7318 1
159.4661 74.2208 1
182.5534 178.2382 1
125.7520 145.5233 1
104.2574 154.4761 1
129.4578 162.8231 1
115.3969 128.4356 1
186.2350 133.6397 1
166.4085 64.3420 1
100.3675 121.1518 1
148.6701 95.0838 1
161.3232 176.5294 1
111.9412 170.0817 1
102.0947 115.4098 1
123.8362 158.0110 1
169.9383 246.4722 1
116.3671 207.6290 1
125.1239 1.8534 1
197.6953 179.7105 1
166.1443 37.6908 1
114.7361 28.2323 1
138.9275 217.1075 1
121.6007 107.2145 1
128.4331 79.0183 1
176.9541 124.5450 1
179.7799 102.2979 1
158.8252 33.5313 1
143.0686 46.8555 1
102.6396 166.2426 1
161.7096 121.2210 1
144.9676 190.8138 1
123.8849 15.2219 1
105.1393 63.1800 1
152.1036 99.3829 1
167.5289 24.1693 1
163.1316 160.6511 1
130.4025 99.8933 1
165.1631 193.2410 1
126.8352 170.5817 1
163.6144 167.5678 1
113.1984 94.9936 1
149.2768 44.4848 1
186.3686 174.4193 1
107.2526 204.4534 1
171.5948 161.9472 1
170.4390 37.5219 1
147.7905 217.8766 1
198.0317 150.8203 1
121.5058 34.7079 1
183.5351 44.0506 1
149.2764 169.8212 1
183.8674 183.4201 1
133.0391 149.5940 1
134.3913 55.1241 1
112.5804 181.5967 1
114.5634 83.9521 1
175.7673 9.0418 1
159.6532 28.0485 1
142.6968 19.4636 1
132.4985 23.1927 1
144.4777 117.2271 1
112.9007 156.3780 1
177.0229 155.4490 1
150.9617 163.9886 1
171.3324 174.7724 1
145.4509 68.4568 1
133.7453 203.7241 1
176.3296 184.3124 1
110.7290 104.3560 1
135.0981 138.3834 1
156.9630 0.2175 1
176.5305 192.5511 1
141.0567 65.7598 1
195.5322 156.5790 1
168.2038 119.0284 1
164.9050 78.1108 1
129.5212 208.8501 1
129.6446 193.1332 1
103.1115 189.2589 1
110.4870 235.7607 1
104.8999 172.3830 1
153.6556 111.8335 1
117.1036 87.9087 1
184.9727 9.0341 1
132.5885 231.9657 1
169.5967 71.2867 1
151.2985 88.6665 1
118.0920 138.0583 1
139.8873 106.5891 1
103.9465 129.3236 1
135.6939 189.2048 1
146.9906 15.8712 1
175.3333 60.0399 1
151.9748 49.1648 1
162.7497 148.2437 1
157.2495 199.9715 1
128.3197 4.7118 1
155.5277 70.7042 1
131.7697 117.7816 1
149.8012 75.0386 1
163.8577 93.1464 1
100.6911 193.2471 1
142.3727 155.6798 1
103.2243 100.8228 1
187.0232 190.1091 1
100.9833 61.2694 1
144.8358 37.4510 1
119.9973 59.7509 1
163.1963 8.1482 1
132.3620 62.3461 1
183.1601 144.8510 1
109.4025 133.4101 1
118.9459 166.3254 1
110.9038 147.2733 1
154.3403 176.7212 1
144.9607 198.2192 1
101.3567 22.0427 1
102.3837 211.4562 1
149.0955 61.5944 1
117.8207 173.8677 1
161.4778 60.1035 1
123.3687 180.4986 1
190.3311 14.3414 1
157.4485 38.5929 1
110.5816 116.5520 1
156.1514 90.7704 1
153.7116 20.1078 1
159.3949 102.8131 1
113.8639 240.2484 1
122.7819 97.6301 1
104.7133 4.0452 1
144.3736 140.8724 1
132.2399 38.9592 1
112.4570 226.8075 1
174.3491 85.7172 1
125.4677 83.2138 1
121.1933 196.6048 1
102.6637 217.0273 1
124.1750 49.5511 1
143.6062 100.5574 1
126.6519 240.5799 1
142.0022 78.7732 1
164.5678 179.8427 1
118.2280 236.2990 1
101.6270 33.8387 1
167.9387 112.5462 1
187.0450 197.9953 1
153.8986 239.3965 1
131.5185 133.1381 1
197.0308 170.8508 1
135.2198 93.4245 1
163.7070 129.4488 1
107.3237 26.9411 1
131.0434 185.6885 1
104.4652 8.5533 1
108.9660 34.9064 1
126.2324 229.2016 1
117.0925 225.5956 1
144.4685 225.1087 1
