245.6404 69.4065 0
188.5252 30.1942 0
244.5748 117.3323 0
250.0564 80.4618 0
247.8963 103.7391 0
166.7825 140.4221 0
225.6106 192.8951 0
225.3458 54.9801 0
205.2464 181.5223 0
232.3997 151.0496 0
182.8998 88.7002 0
224.5738 137.4867 0
237.6108 218.1396 0
193.3300 71.3521 0
203.5628 106.2456 0
230.3199 187.3686 0
223.4715 157.6250 0
203.0085 16.9527 0
233.6813 62.2862 0
203.0899 160.8188 0
172.4720 51.7766 0
184.2946 172.5707 0
226.4477 24.8929 0
208.0667 205.2845 0
244.7056 165.8837 0
215.5169 205.3136 0
234.5841 147.0294 0
242.0760 189.8307 0
238.7086 60.5174 0
245.6666 81.9490 0
176.7296 112.9761 0
185.2314 65.8730 0
244.9862 242.4720 0
219.1147 19.7732 0
186.6799 126.6866 0
232.7615 139.0055 0
251.3643 201.9139 0
214.1773 222.5504 0
229.1553 69.5307 0
109.1101 227.2296 0
191.3235 167.0731 0
235.7570 123.5058 0
202.9438 8.1775 0
198.2634 64.6037 0
177.0694 139.0968 0
245.4178 53.5215 0
218.4621 131.2310 0
251.3923 186.8412 0
247.7767 64.8589 0
212.1160 100.5190 0
209.0993 248.2760 0
212.7653 41.7362 0
239.2481 227.2141 0
188.2781 34.1628 0
229.6362 11.7600 0
201.2477 230.0872 0
232.4044 243.9066 0
187.2632 103.2102 0
242.3452 200.4622 0
228.9667 178.8498 0
242.7764 6.7388 0
230.5364 129.8810 0
201.5094 33.4967 0
200.7151 113.5212 0
196.9428 80.9536 0
196.6377 166.7753 0
238.1336 41.8807 0
241.4264 161.2900 0
170.6233 38.5438 0
200.2942 180.4141 0
211.1265 194.5546 0
246.2007 194.0662 0
239.7487 250.8504 0
240.9716 19.2431 0
200.3391 194.8149 0
225.9851 80.2563 0
217.5039 57.3601 0
208.8906 57.4548 0
244.3263 235.7960 0
172.6367 135.6939 0
222.9752 227.7221 0
205.1698 219.2425 0
240.9067 10.6466 0
218.1979 169.2009 0
202.7550 142.6768 0
247.2618 46.3016 0
219.1530 145.0975 0
219.3328 140.0821 0
209.9785 17.9983 0
249.3959 143.2836 0
205.4173 123.5853 0
236.4509 116.3006 0
235.8205 236.8300 0
217.6198 249.0506 0
193.1234 151.3975 0
204.9552 244.7490 0
219.4089 125.7617 0
237.6613 193.5349 0
208.8132 163.2538 0
197.3062 249.1756 0
207.5387 67.0894 0
201.4327 212.3705 0
176.9162 148.1239 0
208.1308 191.1974 0
235.0915 100.5520 0
246.7948 205.0588 0
199.9005 50.9913 0
246.5367 40.9385 0
237.1986 109.0129 0
227.7036 142.4760 0
223.9908 151.7450 0
184.0289 18.4981 0
183.9183 161.1597 0
230.6777 108.4048 0
218.0056 61.9269 0
176.5786 27.8399 0
247.7732 31.8823 0
185.2249 28.0089 0
215.2872 92.1785 0
200.4622 21.0243 0
237.9788 96.4794 0
231.0278 54.7093 0
229.4531 34.8643 0
248.2521 224.1886 0
169.4612 117.2044 0
250.7689 20.8755 0
188.6550 77.3100 0
222.1536 47.0572 0
193.8421 97.5684 0
171.8497 152.0767 0
192.8862 41.2918 0
178.7157 122.1445 0
194.7931 104.9941 0
247.3621 14.2430 0
221.1547 1.2532 0
196.6181 75.1740 0
199.7813 146.6498 0
197.1976 159.4366 0
222.6173 74.6981 0
224.0831 235.9362 0
195.2405 237.4137 0
238.2419 15.9742 0
219.0291 180.6259 0
195.7575 113.7825 0
215.3181 152.9241 0
235.0040 176.7056 0
233.4269 215.4372 0
185.1974 98.0235 0
236.7939 153.0464 0
238.5485 33.4094 0
236.7872 74.8664 0
195.4161 138.7368 0
244.6478 22.6808 0
181.1816 150.2991 0
190.9877 46.8471 0
181.4044 69.3049 0
229.3719 93.0329 0
216.1102 195.3470 0
179.3824 207.7487 0
242.0479 222.1340 0
224.4077 97.0332 0
242.9309 66.7252 0
195.8813 88.6175 0
235.2877 84.9341 0
200.2468 137.9332 0
242.6638 104.2763 0
233.9108 116.4198 0
230.3288 44.1035 0
184.2185 133.5667 0
198.1041 226.1566 0
240.7191 78.4179 0
199.8665 128.1369 0
178.2056 39.9426 0
225.8765 31.1204 0
178.7774 130.3281 0
215.1550 78.0070 0
168.1232 85.0351 0
187.6270 112.1084 0
181.9469 140.5514 0
205.1434 172.5286 0
171.4078 112.2577 0
251.4588 108.5137 0
221.4158 202.8539 0
247.1928 215.0153 0
230.2386 16.3660 0
192.6649 233.0703 0
213.8883 164.8438 0
220.8882 37.4862 0
213.1314 83.6403 0
242.4965 121.8072 0
178.3014 33.7958 0
233.5507 206.0812 0
196.7441 36.2620 0
184.3970 115.7003 0
229.8760 1.9655 0
241.7744 208.9486 0
206.2104 29.9517 0
202.4966 96.5745 0
217.0113 216.3510 0
191.6211 185.6258 0
183.7942 200.1765 0
217.2668 190.3921 0
205.6002 73.1011 0
238.8674 130.6320 0
225.6994 8.5122 0
239.6550 185.1227 0
249.8138 160.9680 0
218.5365 105.0882 0
223.1939 42.7473 0
226.2099 111.0825 0
214.0323 72.1339 0
215.6893 173.3649 0
203.4962 87.9439 0
220.9062 219.7985 0
213.7391 52.1880 0
248.8194 182.3317 0
209.8091 37.4201 0
217.9849 229.2349 0
213.1295 13.3587 0
204.7370 147.3702 0
209.8512 210.8028 0
243.6886 156.4754 0
226.8606 57.2240 0
191.8601 194.7626 0
210.1791 127.9942 0
209.6783 225.7913 0
220.2288 89.1589 0
179.5119 158.8742 0
181.7404 57.5204 0
214.1318 26.5249 0
195.5655 215.2902 0
202.9666 59.1657 0
234.1972 31.2514 0
213.9177 136.1573 0
247.5401 127.7121 0
194.2086 27.8349 0
251.1326 9.6244 0
226.6075 66.0876 0
193.9709 119.0623 0
229.8851 170.1290 0
210.6718 94.2009 0
184.5238 180.5353 0
190.3892 58.0101 0
230.2930 229.9512 0
229.8535 210.1857 0
174.2316 121.6795 0
213.5471 114.8368 0
248.4550 58.9708 0
209.1692 108.6245 0
227.2073 165.6190 0
188.8934 147.9967 0
228.4056 221.2620 0
231.4966 90.6300 0
225.7406 245.9482 0
237.5091 137.9796 0
228.8082 198.5842 0
206.0904 155.5289 0
245.6277 136.0943 0
199.9652 240.1829 0
201.6617 42.1455 0
177.4509 92.1207 0
208.0356 185.7757 0
208.3331 7.6239 0
211.5527 239.6213 0
237.5503 167.2716 0
211.6108 139.4132 0
208.2791 49.0370 0
199.4101 202.4200 0
250.6083 250.2542 0
244.7025 92.4613 0
235.1512 8.1313 0
187.0954 184.4319 0
196.6783 131.2361 0
207.5247 119.2413 0
211.6776 231.0960 0
217.0045 6.5244 0
215.4828 236.4949 0
219.3778 24.5790 0
239.0973 47.0817 0
189.6337 93.5524 0
228.3494 125.7906 0
192.3914 176.8533 0
175.1402 0.0986 1
154.6486 59.1141 1
125.9346 34.1320 1
134.9671 127.9181 1
147.7013 48.4675 1
157.3194 149.9725 1
125.9442 124.6275 1
137.7861 224.5110 1
151.9521 220.3844 1
116.8330 169.6374 1
117.9056 63.7212 1
144.3869 165.3181 1
178.3556 73.2095 1
108.0053 241.4275 1
116.3340 67.8612 1
119.5264 81.2227 1
131.0049 226.1182 1
118.8894 20.9470 1
144.3001 243.6114 1
118.9921 43.7095 1
143.5526 88.1393 1
103.0692 31.4656 1
133.7826 30.1214 1
166.4829 226.8109 1
143.4444 130.3126 1
159.5080 67.8279 1
153.6594 103.0923 1
176.5369 185.4709 1
103.2758 185.9389 1
143.0362 193.1496 1
113.1859 206.4231 1
165.9459 51.3524 1
150.5205 121.2621 1
147.6673 94.4029 1
167.5276 166.7305 1
162.0623 114.9918 1
155.8983 46.4840 1
100.9177 93.4305 1
111.7437 189.6764 1
155.4665 208.9670 1
151.7721 79.0883 1
123.9592 204.2699 1
152.7094 37.2988 1
167.9849 246.4302 1
110.1143 173.1623 1
137.1896 17.1597 1
151.7148 11.5282 1
117.6304 98.6923 1
170.1441 30.9614 1
121.6723 165.5825 1
163.5905 103.9663 1
131.1560 186.5676 1
171.4682 235.1137 1
164.9753 175.2728 1
159.2990 90.1512 1
164.3567 188.4988 1
137.7637 192.5790 1
130.9881 86.2708 1
109.1123 3.1983 1
113.5027 138.9493 1
135.1792 165.2240 1
118.7592 27.0493 1
126.8608 51.5522 1
136.8897 61.0969 1
176.3521 82.0217 1
107.7238 130.6682 1
120.0711 239.7519 1
182.9474 11.6123 1
153.7268 30.3423 1
140.5388 32.0997 1
104.8700 6.1283 1
170.5292 100.2219 1
105.7068 13.1291 1
178.2820 239.8302 1
169.5328 220.7179 1
166.8683 182.4089 1
124.3327 170.1460 1
155.4492 108.5854 1
144.5600 206.7233 1
154.2732 169.9291 1
190.5949 12.8271 1
131.1434 3.4112 1
119.0134 226.0697 1
180.6039 85.0027 1
171.1800 60.9329 1
163.8474 193.3966 1
153.4970 130.0225 1
138.5301 235.3153 1
136.4548 110.3158 1
110.1991 94.8534 1
161.9040 94.4227 1
142.2916 103.5606 1
142.1008 181.5636 1
158.4073 227.4093 1
155.7919 234.6957 1
108.4679 23.7904 1
175.9799 176.6943 1
162.4109 2.6861 1
104.1803 22.0806 1
143.0224 217.7751 1
129.1800 21.5094 1
157.8766 187.2915 1
108.2262 77.8031 1
139.9604 152.8689 1
124.4146 218.6566 1
145.6308 60.1226 1
141.9404 160.2803 1
105.8911 195.1727 1
103.0766 63.4333 1
155.0346 120.1664 1
132.2860 81.7885 1
123.6486 179.2596 1
142.4190 121.2518 1
113.9017 158.6675 1
107.5787 183.6818 1
162.8842 250.0670 1
110.6203 245.5249 1
149.4396 186.1595 1
148.9043 156.4632 1
103.0676 222.0119 1
177.3631 213.9617 1
108.1438 113.5829 1
104.1439 100.3750 1
156.3340 65.3480 1
160.4037 171.2568 1
166.9175 207.4619 1
100.0877 130.1396 1
168.5220 244.1140 1
141.9364 51.4615 1
133.8964 47.7070 1
171.6204 68.5285 1
138.1300 217.4897 1
160.2837 209.2206 1
164.1609 81.9936 1
158.3687 111.4732 1
166.0139 157.7781 1
128.5619 63.7115 1
175.3562 196.6116 1
149.9038 175.3540 1
124.1553 193.6981 1
133.8080 214.6203 1
122.3929 74.7474 1
141.4858 68.8074 1
124.0599 21.0779 1
130.9612 14.2645 1
131.2233 117.5857 1
137.7071 5.1842 1
121.3581 112.2664 1
143.2539 126.7580 1
143.3799 172.0612 1
130.4336 173.5381 1
191.0324 4.1976 1
165.5218 15.6424 1
170.8931 164.2909 1
150.0044 234.9734 1
115.1134 154.2164 1
105.9047 44.1709 1
104.3038 144.7496 1
143.8199 73.7031 1
102.2396 203.5470 1
150.1575 24.0011 1
173.0785 75.8862 1
125.2793 55.9837 1
112.3365 33.7673 1
116.4442 52.3605 1
119.3953 140.6024 1
135.2671 144.6996 1
129.3017 215.3238 1
107.1705 17.0067 1
116.2058 214.7411 1
152.1760 29.2243 1
115.4658 15.9054 1
115.5564 86.9986 1
103.7917 165.6225 1
135.3795 74.6499 1
127.7201 156.4324 1
184.0379 250.6144 1
107.1855 55.3087 1
112.4261 104.7806 1
102.8187 76.9534 1
120.8491 120.3671 1
121.7337 131.1149 1
127.8173 43.8111 1
167.3460 94.1067 1
145.5495 8.5402 1
159.1784 136.7470 1
187.3199 213.3552 1
144.8770 228.1167 1
120.0931 198.4291 1
144.5867 21.6615 1
146.7459 18.0722 1
175.0209 204.4917 1
127.5132 150.2031 1
131.8677 96.8965 1
108.5840 118.4303 1
134.3428 248.9923 1
136.0094 41.8275 1
103.2139 88.6857 1
157.1513 84.5487 1
187.3906 238.3727 1
132.7215 135.7746 1
162.2303 149.1325 1
121.7925 101.8354 1
100.0554 238.5288 1
163.3975 57.7491 1
114.4170 228.6630 1
132.6530 207.8316 1
154.2074 55.6209 1
161.5991 237.7870 1
116.3423 124.5325 1
168.1045 126.9978 1
104.4765 152.0017 1
173.4413 17.2001 1
120.8117 232.5672 1
104.6384 209.7968 1
152.8563 198.1828 1
184.5213 230.6731 1
158.3589 75.0325 1
163.7160 201.1889 1
122.6127 157.3373 1
153.0912 1.5377 1
136.7978 137.5469 1
166.9259 211.8738 1
170.4756 5.6601 1
155.1052 139.6657 1
127.8330 115.9034 1
124.7135 69.0729 1
137.0888 92.8164 1
104.1806 138.4373 1
121.7103 3.5902 1
117.1455 8.4886 1
131.0771 239.5110 1
154.1943 244.7679 1
189.0928 229.1668 1
