235.2474 60.8198 0
242.8689 121.4678 0
207.4206 235.8185 0
218.5753 65.1828 0
245.2063 41.5538 0
200.5037 139.3336 0
186.6254 227.3348 0
174.2386 7.9635 0
204.9197 123.6482 0
201.0887 11.5178 0
178.8182 84.5248 0
232.2954 216.2489 0
209.6200 91.6405 0
200.3713 105.4583 0
200.3390 193.2343 0
233.7680 122.1629 0
238.3203 162.9729 0
204.9765 225.7953 0
229.6963 17.8266 0
223.6767 132.4011 0
209.2983 43.8941 0
219.6514 156.6316 0
218.4153 249.4859 0
158.5977 185.7370 0
195.0752 227.3484 0
203.0718 181.6943 0
220.6787 243.4086 0
237.3172 193.7205 0
245.6829 31.7807 0
241.4522 196.6600 0
187.6303 106.6197 0
185.4446 36.6939 0
214.4356 15.1991 0
191.1366 147.8006 0
167.1882 194.2852 0
195.2210 49.1206 0
113.0224 12.4966 0
215.2270 159.6132 0
251.8495 97.6699 0
234.2158 102.8011 0
208.6537 245.4359 0
193.1988 53.5558 0
222.5393 112.7316 0
242.9145 232.9754 0
249.2862 182.3553 0
235.6524 92.8851 0
244.6469 82.2836 0
224.0891 90.6644 0
172.9185 208.6161 0
229.0236 29.4943 0
193.5036 18.8169 0
195.5486 232.1958 0
179.8136 189.5242 0
198.6886 219.4412 0
246.2048 174.3878 0
201.6691 81.5044 0
196.2590 177.2748 0
216.6246 177.3745 0
217.5797 213.7547 0
230.2448 81.8373 0
166.6914 102.2526 0
230.7753 86.5588 0
231.6217 37.4926 0
228.8448 147.9410 0
241.9688 29.0988 0
227.2876 179.5570 0
184.5367 49.0513 0
204.6980 189.2261 0
223.0180 73.1334 0
199.2465 243.8468 0
245.8204 62.2168 0
225.3710 184.4456 0
220.6080 237.2478 0
223.9119 220.8673 0
213.4441 181.5722 0
250.1807 33.5086 0
227.2936 64.3782 0
245.9787 21.0370 0
223.7763 1.3165 0
240.9239 209.4138 0
209.2314 135.9805 0
199.3420 224.9349 0
179.6173 215.5064 0
211.1247 201.2803 0
236.9001 129.9357 0
240.7365 67.9933 0
250.0428 104.4290 0
211.2743 231.7475 0
217.5881 89.9575 0
193.2661 90.2578 0
236.0394 202.3708 0
250.5488 127.1518 0
240.1336 185.8151 0
210.6675 0.6201 0
193.9570 132.3597 0
205.7202 84.8192 0
239.5897 52.7879 0
190.9607 208.7775 0
202.6841 210.7459 0
220.5314 140.5760 0
201.4139 233.9090 0
218.7841 25.0009 0
218.6541 227.3722 0
243.7127 10.8728 0
179.5245 153.7001 0
209.9129 153.7776 0
220.4742 199.9509 0
190.6590 245.2052 0
237.3891 75.4730 0
228.9933 138.5123 0
221.9475 82.8258 0
190.8112 85.6092 0
207.0096 163.9293 0
241.4371 117.1068 0
234.8096 44.3310 0
188.5239 27.0681 0
238.2938 6.2866 0
169.0171 58.2301 0
213.5233 78.7070 0
201.0420 44.7968 0
242.3581 93.4839 0
184.4560 10.4998 0
246.2900 231.9028 0
183.1510 211.5298 0
188.9438 152.2000 0
188.8044 76.9115 0
228.5292 6.0881 0
191.4454 105.4714 0
200.4988 172.1446 0
194.0135 33.0151 0
212.8357 139.6641 0
197.7096 145.2936 0
226.4226 232.6133 0
216.0376 48.8308 0
214.0311 150.9151 0
205.7780 145.7751 0
188.9279 63.5753 0
190.1556 216.0840 0
184.3282 65.9887 0
233.3154 224.4719 0
250.5138 220.0754 0
229.5045 162.4952 0
248.9875 197.0022 0
191.1856 126.0352 0
220.6135 180.1904 0
190.1994 183.0659 0
201.4218 70.2535 0
240.4583 17.0740 0
194.4172 159.7629 0
250.2705 47.7609 0
239.1028 157.0592 0
243.4279 98.4637 0
213.2230 26.6555 0
208.8149 33.5832 0
220.3257 60.1015 0
222.5547 51.2513 0
183.7102 189.5943 0
178.5041 177.5946 0
219.3260 189.6927 0
215.7400 102.2750 0
225.9682 42.6045 0
213.3716 36.2006 0
228.3483 14.2457 0
218.7746 124.4194 0
223.4438 122.6440 0
226.5948 242.4270 0
209.9539 122.2667 0
176.8637 205.5413 0
249.9661 82.9555 0
208.6152 97.3175 0
187.4790 44.1981 0
195.8003 112.7908 0
243.1463 215.6553 0
247.5423 71.3372 0
228.2868 192.1769 0
192.3572 60.0808 0
183.0979 143.5923 0
218.1404 148.1616 0
199.5028 123.4174 0
245.0087 247.5697 0
183.6576 184.5320 0
231.9221 199.6188 0
237.6119 223.6731 0
196.7208 10.7338 0
249.8855 144.6416 0
241.8887 240.5820 0
187.1079 1.0540 0
203.7335 52.1817 0
232.5575 135.5350 0
204.5111 248.8431 0
211.5611 207.5122 0
245.8589 108.1975 0
184.0172 77.4196 0
208.8945 64.4924 0
240.7018 2.4541 0
251.2945 242.1974 0
225.4002 208.1255 0
219.6555 7.7776 0
218.1276 43.8132 0
227.1434 109.3231 0
160.1371 200.8674 0
212.6075 167.5630 0
201.7200 165.8635 0
184.5212 201.7506 0
199.4852 201.5955 0
221.3143 16.9793 0
214.8952 221.4878 0
235.0732 168.9471 0
221.5512 98.9293 0
199.9587 0.9867 0
193.8900 95.3672 0
206.1120 111.9755 0
250.8815 88.7915 0
227.2598 168.5523 0
194.7247 67.7275 0
212.0509 238.1264 0
197.2485 24.7318 0
246.4161 202.9141 0
235.1951 98.2253 0
244.7368 179.5410 0
178.5921 242.5361 0
180.0440 232.4036 0
189.2342 234.4581 0
249.6664 112.2929 0
234.0926 144.2654 0
206.9603 217.8622 0
246.6295 224.8096 0
205.8528 174.8661 0
218.2581 131.4489 0
173.8962 153.4639 0
238.1795 85.6323 0
173.0557 157.9772 0
177.4356 55.9697 0
180.8612 20.5155 0
178.4800 225.6125 0
224.0525 34.9563 0
229.9877 221.8257 0
225.1580 104.6927 0
236.9340 248.9121 0
221.4711 210.9709 0
229.3284 51.3439 0
198.7408 97.4518 0
229.2279 57.1133 0
244.3125 150.4195 0
226.0783 25.2605 0
212.2897 186.2502 0
233.8208 211.2112 0
193.1705 204.1143 0
221.7155 167.2722 0
228.5852 121.9811 0
188.7700 114.2246 0
205.6882 131.9138 0
234.3632 112.3807 0
191.3243 195.6241 0
231.6563 68.6002 0
205.5767 56.8788 0
229.6189 237.2875 0
246.8994 160.1326 0
166.2926 204.0590 0
187.8143 21.7957 0
177.7976 13.6387 0
184.6089 56.4865 0
236.5319 150.0477 0
200.2156 61.4331 0
195.7014 4.1057 0
235.9824 179.8860 0
246.5382 136.7529 0
205.3024 25.0159 0
173.3173 197.3506 0
227.2236 75.9739 0
250.4178 39.3673 0
212.7979 53.9626 0
225.4489 142.8744 0
205.6802 202.9917 0
205.6749 156.6581 0
207.5280 107.0159 0
217.2881 116.7056 0
171.4432 188.2510 0
185.0768 221.0927 0
180.6510 195.6123 0
235.0888 244.5621 0
236.4768 10.7859 0
175.1771 64.4773 0
223.3116 171.7219 0
137.6807 64.3292 1
131.1896 17.1230 1
164.0627 32.1114 1
178.2912 114.0627 1
103.7707 200.3056 1
150.7607 188.5025 1
119.0296 82.7196 1
153.6758 18.9646 1
100.0637 96.5222 1
140.0228 197.0193 1
119.0655 40.9690 1
100.8397 207.2051 1
121.3274 15.6340 1
108.1619 91.2837 1
140.8979 71.8127 1
146.0143 171.9528 1
138.7100 159.5951 1
106.9276 106.8607 1
121.8302 229.4568 1
132.4177 143.9347 1
155.4870 30.8033 1
159.3261 249.9669 1
177.8226 122.6395 1
141.7663 149.2508 1
144.4635 30.2181 1
171.8408 88.5790 1
158.7587 226.1855 1
109.0281 54.0490 1
134.6481 35.2200 1
145.2134 84.8352 1
125.4979 158.8059 1
156.6714 204.8053 1
162.7103 85.9174 1
110.6639 134.3368 1
172.9960 120.5930 1
117.4482 185.5214 1
147.3726 148.7195 1
137.2737 110.9228 1
124.8287 112.6920 1
138.0300 127.5780 1
103.6838 44.8754 1
135.0201 208.4271 1
117.9831 159.2474 1
105.0007 34.8199 1
105.1438 71.0524 1
155.2004 82.5380 1
167.0033 247.3110 1
155.7290 216.9419 1
131.3870 186.8212 1
148.9859 70.7486 1
122.2190 203.4511 1
122.3370 249.6189 1
154.3257 93.0214 1
168.1953 40.1783 1
182.5976 32.5932 1
146.7883 211.4028 1
132.7561 247.9927 1
100.3196 144.4540 1
128.6677 130.9391 1
113.9447 89.8738 1
118.7930 23.7736 1
151.5419 65.4295 1
158.9296 168.9394 1
171.1871 221.7195 1
185.3543 161.1340 1
122.6367 92.7936 1
140.4659 215.1640 1
100.3690 73.8518 1
112.5998 82.7028 1
167.2669 148.6903 1
150.3631 243.2322 1
147.9359 20.1959 1
127.4101 241.1669 1
161.0985 68.1120 1
105.0459 136.2737 1
149.1434 82.4353 1
140.2199 25.3912 1
124.1810 177.4352 1
108.2009 111.3093 1
148.5926 109.4477 1
141.6512 250.6520 1
126.2959 37.2599 1
124.3121 24.2158 1
160.9372 214.0930 1
157.4145 145.4915 1
146.5156 158.7937 1
140.6448 42.0017 1
139.5130 115.1363 1
154.9186 6.1386 1
117.4196 35.9588 1
136.9741 172.2130 1
165.9263 46.8851 1
117.1222 62.6077 1
168.3907 140.9326 1
135.5376 134.6759 1
109.3363 68.9071 1
152.4095 197.1201 1
133.8840 178.3439 1
154.0356 109.9287 1
164.3799 131.0379 1
166.5439 138.2820 1
141.2768 183.1114 1
131.3709 70.8196 1
131.0334 164.3149 1
108.5178 124.6438 1
166.4432 168.4736 1
157.0381 135.7708 1
140.6794 14.5975 1
148.6500 3.4877 1
184.4303 129.4676 1
102.9889 9.1002 1
172.1012 22.9724 1
160.9125 39.2123 1
149.6226 44.7930 1
149.1373 139.0545 1
115.7820 246.6351 1
117.3812 238.4355 1
141.1952 6.5433 1
179.9893 110.2085 1
145.5797 94.8841 1
133.1542 195.6915 1
148.9730 11.4674 1
166.0813 79.5412 1
150.5406 115.7091 1
170.5557 101.7407 1
116.0094 145.2581 1
156.7086 24.0641 1
125.1693 57.0776 1
113.9795 107.9566 1
144.8376 167.2116 1
121.1176 171.9262 1
159.8733 103.2014 1
124.5161 32.9494 1
164.0167 8.9001 1
112.6368 237.3281 1
131.7882 88.1289 1
115.2788 215.0712 1
111.1725 225.4133 1
100.7033 36.0409 1
111.4566 183.3221 1
170.4967 83.2192 1
130.5913 183.5634 1
156.1755 60.3219 1
124.9058 101.1106 1
128.4138 215.6476 1
109.9124 42.6365 1
164.3239 22.4617 1
125.0728 189.8325 1
167.7448 165.2284 1
106.3094 166.0794 1
156.3103 157.6158 1
143.1243 129.5870 1
100.3768 82.7860 1
150.8766 53.3937 1
148.6054 199.4134 1
157.0790 69.9624 1
137.5936 2.5038 1
110.4241 24.3262 1
145.0881 244.2515 1
122.6139 137.9228 1
185.0683 172.3607 1
132.3504 201.2214 1
119.0099 120.3135 1
114.8011 131.8966 1
103.3439 248.5463 1
146.9962 225.2889 1
120.2364 210.3731 1
108.2858 146.5262 1
101.2028 153.3690 1
107.1084 78.4243 1
116.6395 195.3352 1
101.7124 130.1271 1
116.1141 6.6898 1
106.9572 196.7773 1
151.6169 178.0117 1
167.7689 213.2701 1
126.4471 209.9936 1
160.1792 24.6443 1
171.5030 181.4872 1
176.3700 251.8521 1
109.2961 158.9472 1
155.0013 44.3427 1
138.0290 238.7260 1
176.3226 37.8222 1
128.4361 21.0265 1
161.3420 123.3226 1
167.6183 112.4696 1
129.5895 79.7788 1
157.1331 100.6964 1
158.1523 10.0359 1
140.9326 102.2749 1
144.5067 233.5325 1
179.3740 92.2468 1
135.7200 62.1210 1
160.9758 53.4111 1
141.8631 92.4742 1
142.0299 56.2077 1
106.2083 172.8087 1
130.4164 120.1534 1
168.0888 238.0784 1
132.8116 6.4094 1
171.5374 229.2631 1
170.2802 50.3132 1
151.6551 234.8953 1
170.9180 109.1496 1
118.7059 53.7763 1
152.6668 128.6343 1
118.3771 46.2460 1
174.7025 143.9864 1
170.9138 71.5703 1
137.8648 52.7317 1
104.2694 54.8737 1
109.8339 63.9207 1
105.1396 232.4474 1
152.5414 165.6624 1
128.2318 222.6263 1
137.0245 30.7284 1
109.4595 3.6856 1
156.4574 228.6493 1
105.3764 190.4526 1
