219.7800 60.7549 0
216.2224 72.7647 0
209.6140 5.4625 0
236.4504 48.7270 0
242.3854 46.6813 0
250.1156 11.3985 0
218.7138 100.1879 0
186.5768 212.4481 0
214.9799 39.3213 0
234.3736 111.4803 0
230.2187 102.8976 0
207.6659 10.0089 0
190.4765 52.9827 0
227.3126 150.7363 0
196.0785 71.6210 0
231.4344 95.9351 0
174.6142 48.8600 0
218.5153 128.3322 0
209.3008 70.9387 0
236.0802 159.1217 0
186.7493 189.2255 0
239.9950 223.2719 0
204.7305 72.1811 0
214.9369 0.1901 0
228.5086 240.8951 0
196.4503 94.8070 0
223.4225 146.6840 0
211.5212 175.0918 0
242.0078 104.3161 0
182.8879 116.2787 0
187.2012 204.1263 0
222.9356 181.5497 0
235.5099 247.3726 0
184.5973 80.1627 0
180.3837 83.0181 0
187.6032 27.8186 0
251.1405 227.8690 0
221.0697 229.3867 0
248.1148 134.3692 0
194.5127 138.3382 0
194.6249 244.2006 0
181.1054 69.5836 0
240.1223 131.1721 0
251.1772 54.9455 0
184.9773 20.7597 0
225.7958 222.1041 0
216.6938 123.9941 0
243.2206 174.2859 0
226.0319 68.4833 0
237.3970 37.0611 0
198.0027 63.5929 0
183.7859 125.8707 0
247.4493 25.7822 0
207.9704 23.6712 0
212.8535 153.3618 0
185.1550 123.0102 0
200.8464 214.1676 0
169.7462 70.0862 0
194.8921 126.5172 0
209.8980 112.3913 0
208.2802 240.5142 0
218.8741 66.7697 0
213.9183 115.0002 0
198.4230 24.9427 0
251.5872 218.3322 0
245.0305 80.2798 0
246.7528 166.6728 0
241.8731 153.0056 0
222.2723 32.7450 0
218.5278 119.1431 0
202.7899 54.0021 0
212.0650 243.5984 0
180.0265 131.6158 0
198.0352 182.4539 0
216.9947 203.0218 0
222.5557 114.8965 0
231.1764 51.9005 0
211.9346 212.8470 0
229.1809 206.8178 0
206.6245 80.9585 0
182.7289 206.3006 0
195.1205 206.4434 0
203.7029 176.4627 0
244.3636 88.5949 0
249.8551 48.1143 0
247.1561 107.6949 0
193.1234 184.4602 0
250.1659 76.6375 0
190.5276 44.2976 0
237.8023 56.7894 0
191.1420 73.9064 0
219.9083 195.0289 0
246.4517 173.0935 0
202.5543 2.0056 0
190.8058 112.2446 0
226.9326 44.7905 0
247.3781 241.8867 0
189.0844 135.0950 0
245.7487 125.2226 0
182.9844 216.1388 0
197.9706 105.4751 0
228.1825 13.3824 0
236.8296 209.1581 0
232.0473 170.1195 0
185.7189 89.4895 0
246.5900 97.0338 0
169.3112 128.3646 0
194.7537 6.7143 0
236.7195 118.9950 0
237.7595 171.5201 0
221.1772 44.8425 0
227.0061 76.0017 0
219.4688 50.7303 0
206.6754 28.8838 0
238.4550 140.2963 0
246.4505 208.2407 0
240.3031 60.8571 0
227.5500 214.7065 0
214.2522 18.8848 0
242.8736 188.1968 0
207.5142 46.2935 0
241.5766 28.6264 0
222.3295 0.9372 0
231.5715 117.6277 0
210.1155 248.0689 0
192.8994 175.8629 0
188.6028 84.0752 0
249.8793 246.4815 0
249.4295 71.9184 0
180.3170 22.0824 0
243.9429 215.7406 0
169.9290 108.2590 0
212.5721 105.5471 0
219.2834 215.1859 0
238.1305 101.5297 0
224.4815 99.5897 0
218.5907 207.8950 0
247.8020 2.9238 0
200.0813 157.5104 0
200.1697 101.5907 0
232.6971 37.2331 0
217.0343 219.8731 0
181.0016 0.6736 0
229.3917 137.1811 0
200.6255 174.3495 0
197.7666 84.3640 0
251.5018 118.6931 0
216.5794 150.1523 0
173.0973 131.2737 0
208.1678 53.7103 0
233.0219 133.6982 0
229.1447 197.4672 0
201.8989 148.1186 0
245.9401 139.3409 0
182.4204 90.0231 0
222.4480 7.5888 0
204.6806 210.2613 0
234.1477 79.4365 0
231.4669 43.5062 0
206.0753 166.6490 0
184.6556 52.8199 0
242.7871 229.9932 0
204.1805 125.1913 0
184.5458 97.4088 0
240.4131 14.3324 0
221.3144 235.0559 0
236.6442 0.7907 0
201.2711 90.6734 0
207.0196 63.5056 0
214.7704 233.9467 0
218.5284 80.7905 0
206.5643 185.7136 0
246.3488 35.6835 0
193.9332 36.6715 0
229.1471 22.7789 0
192.2393 100.0876 0
228.1090 188.9818 0
219.3332 186.1645 0
231.2287 3.3030 0
177.9800 109.4157 0
214.8060 131.1373 0
225.6224 88.8802 0
247.2906 199.3402 0
246.6591 65.8535 0
183.9512 103.2173 0
220.9350 162.8972 0
236.1949 179.7686 0
240.3182 19.5491 0
199.9107 250.1633 0
227.3808 246.3354 0
248.5111 115.3329 0
179.1397 11.2363 0
210.1837 182.2328 0
233.1177 68.0737 0
186.4165 36.1956 0
180.5460 33.3043 0
233.9265 199.1646 0
245.6326 204.6060 0
240.4103 146.8992 0
213.9687 26.9870 0
232.5059 147.3552 0
247.0389 194.5868 0
214.0772 46.8337 0
194.2770 164.7712 0
207.6216 89.3751 0
165.2937 116.5170 0
190.7436 146.5807 0
198.0040 196.3995 0
188.3346 230.8096 0
206.1683 219.8791 0
209.2154 97.4059 0
185.5442 242.4960 0
190.3974 65.5000 0
211.7054 80.0225 0
198.4257 78.9505 0
209.7787 158.0929 0
209.1334 38.8230 0
201.2244 237.7439 0
219.8213 244.7398 0
223.4840 159.0637 0
183.7285 46.4205 0
209.0411 144.8387 0
209.2291 232.8398 0
193.6265 151.9407 0
186.2456 12.0316 0
201.5419 229.1094 0
208.4265 122.2221 0
181.4896 74.4427 0
204.3180 110.9944 0
227.9467 84.3816 0
176.1876 77.3198 0
197.7373 17.9828 0
203.5430 19.1637 0
196.9846 111.7198 0
235.1665 217.9393 0
239.6442 113.6189 0
231.7138 164.9149 0
214.3809 96.2412 0
208.4172 197.5017 0
189.8651 193.9976 0
243.9252 250.6072 0
198.4506 43.7714 0
243.1276 4.9831 0
225.8657 123.0001 0
242.9291 239.7823 0
197.9781 134.3787 0
179.8261 196.1672 0
216.5240 176.7468 0
250.3039 130.2303 0
173.7876 61.4021 0
249.5738 147.7766 0
234.6568 127.7959 0
239.5471 70.7044 0
175.9833 121.6369 0
232.3583 60.9068 0
236.6867 27.9062 0
249.2671 179.9339 0
247.1530 154.1800 0
132.8181 236.7107 0
182.6696 139.7176 0
220.6013 141.5597 0
221.7615 23.5881 0
194.5158 11.8847 0
226.8028 34.8356 0
197.8423 117.3053 0
230.3255 230.0120 0
194.5664 0.8618 0
219.4364 158.9617 0
240.5583 193.4366 0
226.8743 170.5467 0
224.0999 53.0144 0
251.4355 19.9192 0
239.4311 91.5507 0
215.4369 190.7777 0
203.9018 138.8434 0
180.2030 56.1274 0
227.1262 110.8592 0
192.2081 92.5700 0
190.0097 236.4163 0
208.4363 132.0019 0
234.8652 190.2805 0
237.2703 238.8765 0
213.2397 13.7255 0
240.6508 160.7489 0
128.4902 118.2772 1
111.6652 142.3525 1
159.9948 30.9837 1
109.4230 193.1985 1
131.9145 181.0014 1
144.9463 122.6252 1
120.9306 32.4283 1
101.6046 196.1662 1
114.5909 164.9492 1
164.1699 146.6230 1
154.1167 198.4581 1
113.5339 101.6404 1
112.9497 116.3671 1
120.3365 27.6115 1
144.6176 182.6538 1
107.8014 132.3264 1
174.6818 224.3607 1
165.9805 163.7636 1
123.6594 226.4761 1
151.7255 215.3070 1
177.6831 193.4032 1
132.8151 208.4757 1
139.1735 116.8066 1
110.1866 2.6041 1
155.6611 223.8827 1
120.8775 95.4054 1
126.5351 178.8617 1
103.9905 76.1266 1
177.0310 231.9241 1
112.0381 244.5427 1
157.8376 107.5670 1
169.4435 83.5934 1
172.1965 101.3929 1
153.2221 120.8515 1
142.3387 235.3931 1
138.7153 218.2205 1
136.4491 132.9814 1
147.5436 144.0611 1
131.7253 137.7406 1
113.6688 66.1783 1
147.0504 155.6050 1
110.9322 88.5243 1
140.1803 47.2358 1
154.2852 179.3742 1
120.9330 60.7479 1
155.5163 174.6014 1
101.3748 0.9230 1
154.7699 167.4187 1
141.7785 91.1291 1
124.2287 112.6248 1
137.3653 4.9367 1
155.8984 136.1086 1
109.9120 34.1142 1
116.3907 242.3976 1
169.9593 8.9645 1
175.4928 93.9963 1
169.0593 93.4614 1
105.1440 115.4715 1
122.5695 212.3406 1
125.5798 33.6275 1
181.5928 151.9982 1
136.7509 227.9052 1
125.0421 128.8266 1
111.8254 173.9448 1
169.6037 231.0575 1
112.3532 52.3286 1
135.5107 23.5975 1
113.9187 71.6167 1
135.7242 76.6609 1
146.1023 54.0350 1
165.3757 20.7266 1
151.2960 207.2242 1
161.9557 155.9341 1
148.5544 27.2044 1
138.0339 59.5305 1
104.3009 34.6342 1
129.3898 145.0600 1
123.5518 243.5217 1
101.2379 14.6820 1
105.2053 99.8696 1
149.8865 77.6921 1
100.9910 84.6818 1
142.8137 106.4739 1
141.9249 39.3803 1
173.3864 154.1477 1
190.8388 220.5341 1
114.7277 13.8758 1
117.3786 232.8669 1
146.4412 167.5703 1
117.5689 20.7873 1
148.3363 106.2013 1
136.8142 86.6560 1
171.1477 40.4358 1
178.7808 203.0907 1
127.4258 47.8600 1
104.5591 246.0551 1
123.5658 86.8395 1
133.6077 125.0292 1
100.7210 119.9721 1
166.0479 176.7159 1
134.6289 99.6783 1
145.1439 150.2877 1
151.2261 194.4349 1
175.0382 139.5811 1
151.4533 87.7827 1
109.3627 167.3137 1
154.5869 148.6274 1
178.3282 171.3449 1
124.6196 82.6686 1
177.8472 160.3773 1
124.8165 188.9659 1
135.1633 146.6940 1
135.7066 184.2062 1
159.5634 124.1975 1
139.2983 201.7073 1
115.6457 148.9837 1
158.4716 1.1161 1
123.3087 154.2520 1
144.7169 13.2671 1
145.5858 242.0477 1
127.7067 17.6364 1
158.9974 64.5385 1
157.4040 15.3269 1
116.6871 172.7726 1
160.1841 203.6635 1
118.9632 45.9713 1
102.9043 66.6749 1
128.4249 105.3362 1
147.1601 204.0056 1
107.4989 47.8187 1
191.1146 157.2897 1
129.2640 24.9069 1
170.0658 19.3119 1
112.6790 134.0107 1
171.3580 156.6518 1
163.9228 91.2956 1
114.4700 210.2502 1
159.2877 192.6770 1
170.2649 28.7193 1
172.7585 168.2885 1
110.7001 80.6503 1
129.8308 171.3984 1
155.0960 111.2680 1
184.5975 162.3246 1
165.3588 77.0731 1
116.2132 109.8594 1
110.0198 26.2260 1
134.7099 250.1436 1
114.7199 200.6156 1
113.5993 124.4441 1
113.6713 39.6216 1
120.6381 118.4599 1
140.8809 208.8680 1
120.6709 131.6574 1
158.3277 99.3248 1
146.7700 44.3727 1
103.7378 159.0947 1
143.4610 32.5286 1
137.2863 33.0675 1
175.3614 246.7460 1
133.5718 191.6451 1
104.9698 228.3661 1
148.7288 134.0369 1
118.0894 184.0500 1
165.5424 103.6233 1
155.9104 55.2034 1
172.2374 212.3811 1
144.8992 75.3721 1
158.9188 212.8045 1
142.4729 196.8389 1
131.9545 3.0497 1
161.2248 224.9487 1
159.9270 184.9247 1
157.8360 81.5305 1
107.5473 108.1124 1
164.8031 224.3797 1
102.5727 23.7307 1
146.0230 214.2951 1
119.3359 203.5989 1
142.2590 124.6930 1
142.9391 249.7522 1
147.6147 63.4513 1
104.3337 6.1086 1
168.7324 220.7137 1
149.2325 5.2963 1
150.1608 234.1337 1
162.1177 169.4030 1
165.7128 39.5191 1
157.0395 119.6411 1
154.5351 245.1000 1
145.1164 160.3415 1
101.1530 124.0522 1
103.9498 53.6974 1
126.3822 216.2622 1
177.4345 9.3411 1
137.7787 171.4487 1
123.4527 194.4146 1
107.1271 146.1598 1
149.4203 21.9274 1
156.0949 68.3849 1
105.0916 178.9056 1
170.7847 58.0872 1
124.2953 71.6939 1
163.9434 57.8543 1
164.4910 251.1175 1
123.5251 140.1541 1
145.8826 222.0618 1
109.6191 223.3914 1
104.0652 233.9124 1
101.3042 140.6411 1
163.4702 196.6237 1
136.3675 158.9579 1
134.4058 218.2275 1
146.7518 117.5034 1
160.7053 142.4391 1
168.6621 138.1347 1
123.8538 54.5161 1
188.0637 171.9436 1
100.6929 224.9405 1
131.5028 160.0049 1
136.5014 49.6360 1
131.3427 40.9497 1
181.9884 240.2806 1
137.3743 241.8737 1
162.2877 232.1371 1
117.3017 249.6163 1
163.0077 246.4422 1
101.0431 45.4955 1
168.9241 241.1585 1
