224.1155 58.5986 0
244.9173 107.7914 0
226.9958 236.6641 0
228.1824 194.9643 0
209.5114 53.0588 0
240.7713 74.2425 0
217.5764 204.4206 0
236.0831 209.7280 0
222.5846 217.8737 0
230.9784 142.7338 0
239.1353 243.5005 0
213.4296 132.5395 0
244.7543 96.0424 0
190.1554 77.0741 0
207.5775 121.8316 0
210.6254 158.4183 0
250.5878 119.8621 0
197.7934 130.8547 0
238.9375 84.0241 0
235.1474 97.7881 0
233.5939 68.2472 0
235.4120 107.9409 0
220.8653 90.9775 0
239.2236 137.9529 0
212.2313 206.6331 0
242.2176 115.0948 0
211.7629 199.0066 0
221.3002 105.0468 0
248.2656 0.7361 0
212.6890 67.9653 0
231.7972 228.4758 0
213.5034 167.6233 0
199.5083 69.5387 0
243.7190 145.0287 0
219.6921 31.5822 0
197.2681 194.2838 0
214.5182 216.5545 0
197.2309 93.2564 0
236.8854 35.7704 0
187.0222 127.4870 0
230.5666 135.2711 0
248.3866 63.6407 0
242.1929 50.3097 0
236.0356 165.7474 0
224.0671 147.3427 0
214.5823 76.6625 0
248.4131 167.6330 0
224.1183 24.6749 0
190.4757 106.9360 0
192.6785 98.5618 0
240.8974 152.3613 0
224.7380 223.2243 0
218.6895 61.8677 0
191.7352 128.1047 0
244.3839 188.1874 0
219.5480 226.8688 0
227.5984 111.7108 0
225.9214 202.2360 0
213.8221 127.2528 0
242.2841 8.6999 0
220.2514 122.9395 0
222.3434 75.4233 0
222.5578 117.0087 0
197.6729 81.5745 0
195.1017 122.0232 0
228.2008 218.9587 0
198.7643 164.9185 0
202.3321 157.7040 0
202.2015 100.0438 0
232.2844 175.0314 0
205.5935 18.9450 0
232.9311 118.6859 0
198.4361 111.8266 0
248.5900 143.1634 0
225.8653 181.1410 0
203.5373 63.4878 0
240.2941 25.5470 0
230.6614 14.2115 0
223.6466 13.8899 0
223.3881 136.9498 0
250.0704 201.6959 0
240.5137 180.4261 0
247.7299 113.0119 0
242.7196 208.1902 0
220.8577 70.6436 0
239.6155 172.2679 0
205.7654 39.5925 0
222.6204 243.3288 0
214.3330 15.2864 0
208.4660 83.4194 0
215.7640 189.0756 0
239.8270 248.2160 0
230.5301 245.3117 0
210.1623 36.8311 0
224.2497 112.6665 0
237.0584 45.0341 0
247.3193 43.2278 0
211.2875 105.7802 0
247.8641 134.0120 0
213.2648 85.4389 0
200.8147 27.2372 0
201.4123 127.9671 0
210.9363 120.0082 0
225.5503 166.7662 0
204.8830 139.5850 0
218.9303 45.6668 0
229.9355 83.7414 0
245.4275 26.2012 0
230.8737 163.7067 0
209.4000 147.8636 0
221.3261 84.1089 0
211.0848 179.3149 0
207.2186 111.6064 0
227.1450 173.0896 0
248.4339 85.9475 0
186.6095 148.1582 0
243.8245 160.7390 0
232.1000 59.8419 0
225.9719 161.7636 0
200.5087 88.5083 0
220.1829 158.9561 0
227.4406 70.2449 0
237.8796 238.4080 0
102.3401 207.6440 0
196.2256 168.8410 0
231.0746 191.2827 0
218.0991 7.2096 0
231.5400 186.4690 0
231.9137 90.1353 0
224.5246 211.8203 0
235.3225 1.1298 0
244.4624 165.2393 0
194.0724 152.0770 0
219.7632 183.4272 0
193.8977 104.2316 0
229.6982 4.6009 0
250.4872 26.9131 0
177.9316 117.9028 0
216.2103 108.0433 0
210.8195 17.5666 0
234.9763 155.7767 0
239.6090 16.7577 0
245.1407 15.6289 0
201.5509 196.4297 0
239.9142 194.8872 0
232.4461 151.6960 0
240.6255 224.5508 0
221.3981 3.9369 0
192.2897 196.7247 0
236.6727 91.9604 0
232.2315 226.0567 0
243.2295 130.3970 0
217.1433 171.8253 0
212.1709 63.1326 0
248.6068 190.3941 0
239.9673 63.0750 0
194.7021 75.3512 0
248.3529 7.0786 0
230.9196 239.2643 0
234.4253 80.5261 0
242.2658 120.4946 0
219.0191 36.6000 0
227.1658 47.5569 0
214.9677 221.9759 0
198.1198 137.7463 0
190.1047 158.9407 0
212.8433 26.4156 0
232.8844 130.8735 0
210.1704 45.9096 0
214.5876 97.8679 0
229.3382 21.8626 0
245.9480 73.4068 0
245.5059 35.5986 0
241.6995 103.5736 0
222.5222 233.9042 0
234.8395 202.6971 0
246.2344 233.7375 0
206.6077 169.7096 0
233.0721 39.1488 0
206.7288 74.7351 0
194.8135 192.1767 0
210.3716 140.1454 0
242.1445 220.0672 0
187.4496 115.2868 0
202.6218 108.9332 0
222.5457 96.1318 0
214.8125 158.8770 0
214.8901 147.1778 0
222.7511 175.3769 0
244.4560 54.4193 0
200.7249 55.3616 0
219.3385 246.6926 0
241.7409 202.3044 0
217.8177 25.5377 0
215.4631 42.5735 0
225.0006 125.2942 0
247.5459 178.8139 0
188.7776 138.6676 0
221.6196 153.9714 0
134.1887 217.2507 1
204.9947 203.8234 1
119.7402 75.9520 1
129.5611 140.9585 1
111.2920 228.9062 1
109.5496 1.0173 1
104.8284 12.6905 1
123.1671 147.4068 1
122.1024 99.1239 1
166.9961 173.7760 1
163.7243 65.6833 1
163.6809 195.4123 1
128.0190 8.3924 1
100.9604 60.9482 1
137.1349 74.5699 1
133.1305 82.1455 1
122.3359 14.5128 1
151.5316 112.4084 1
163.8288 240.0489 1
155.6482 189.5833 1
147.9209 109.3896 1
148.5163 196.8498 1
119.6197 130.3346 1
157.2756 89.7063 1
162.3972 72.6854 1
168.7187 37.3494 1
118.0275 194.2314 1
155.7154 144.2680 1
129.4315 117.7345 1
149.1102 216.8685 1
126.0966 178.2993 1
186.2750 192.3820 1
161.9124 182.0034 1
179.4039 231.8633 1
113.9661 184.7473 1
137.7226 233.5735 1
142.4886 176.7019 1
105.8930 173.7218 1
150.4338 14.7328 1
196.5288 59.4735 1
159.6051 106.2015 1
111.2631 151.3961 1
143.4477 226.7071 1
142.3614 169.2113 1
111.4999 8.7866 1
127.0828 169.9963 1
150.1442 134.9294 1
112.6603 40.9753 1
117.5265 248.5520 1
127.1822 229.5327 1
167.1338 219.6911 1
119.8051 48.2775 1
146.6033 152.4430 1
126.2431 82.4320 1
186.3408 96.7130 1
122.2522 31.6393 1
142.3514 110.6792 1
133.8685 12.4974 1
125.8939 102.0470 1
112.3234 132.4200 1
105.4232 67.2150 1
159.9475 156.2606 1
169.5958 132.4491 1
141.9926 142.8752 1
163.2809 12.1698 1
119.5191 121.2076 1
136.8723 188.4832 1
136.3002 28.1105 1
103.7316 29.7622 1
142.3342 207.2520 1
117.7030 199.9389 1
184.8515 215.5260 1
118.6126 163.6430 1
173.4922 236.9895 1
138.4788 225.0345 1
179.1718 165.4159 1
189.5302 59.4388 1
133.4656 137.6988 1
121.2308 65.1592 1
174.2859 186.1808 1
170.0068 109.3579 1
163.8864 44.4624 1
140.4359 217.0365 1
174.9935 29.6070 1
185.1481 135.2132 1
194.5025 233.2287 1
153.0000 84.9045 1
181.3475 196.7007 1
181.4332 183.6781 1
127.7489 38.1607 1
197.0241 242.6985 1
103.0735 201.0595 1
191.3553 177.8425 1
134.8114 163.0328 1
196.1901 11.7920 1
182.5096 31.9445 1
132.9394 25.0865 1
173.7766 135.1010 1
197.7908 227.7592 1
207.3521 244.5683 1
171.9532 124.6109 1
145.8835 117.3530 1
148.7709 249.1549 1
104.3139 105.2700 1
158.4274 23.8281 1
179.3769 93.3463 1
170.1098 77.1383 1
142.3216 50.1089 1
154.7391 236.3889 1
148.3625 162.3905 1
154.2989 149.2358 1
171.9069 84.6556 1
133.5265 66.1511 1
153.4438 93.6008 1
123.4592 22.3517 1
175.5806 7.9465 1
114.0572 27.3296 1
117.5162 228.3286 1
143.4453 58.6118 1
141.7000 129.6413 1
167.0620 156.4259 1
123.0421 44.6424 1
103.6815 97.2705 1
107.3719 93.3224 1
181.7751 1.4030 1
179.9743 98.3463 1
102.1270 169.0746 1
108.8346 48.8787 1
102.6846 242.7161 1
146.2697 71.9310 1
118.9154 181.7084 1
109.5196 81.5723 1
144.3807 250.4941 1
160.0992 115.0281 1
188.2380 202.6190 1
104.6913 57.1372 1
171.5476 156.9964 1
137.7176 156.6387 1
125.7582 242.4761 1
179.5310 60.4615 1
127.3920 33.3578 1
101.7767 183.8326 1
144.7680 54.6793 1
191.6718 168.8996 1
102.9362 130.4916 1
127.7292 147.5357 1
137.5383 5.4968 1
144.7454 9.3590 1
195.3513 38.9703 1
176.4664 71.6816 1
132.9017 45.0235 1
195.3894 212.3735 1
169.4103 68.0401 1
164.5333 209.4829 1
105.4336 22.0280 1
203.4966 246.6140 1
176.1852 228.2822 1
116.7822 89.7080 1
128.2659 205.6965 1
177.8747 244.6947 1
106.1990 219.7424 1
122.3101 107.4456 1
147.8633 43.0432 1
109.4010 215.1443 1
106.4719 190.6620 1
166.3051 139.9361 1
107.3873 125.5431 1
182.7316 210.4789 1
160.1355 232.7764 1
173.7184 207.1673 1
136.9023 243.6104 1
120.7961 208.2563 1
117.0386 239.7753 1
160.9095 77.4968 1
112.4241 74.6236 1
181.7844 68.4204 1
146.9491 130.1946 1
171.8300 192.6424 1
122.4119 9.5566 1
100.3930 44.4582 1
200.7962 217.4089 1
133.3898 195.5547 1
204.0077 227.7481 1
185.3201 84.7951 1
155.0247 122.5067 1
113.1580 111.4031 1
196.7284 25.5632 1
195.9775 185.6867 1
100.8149 75.2091 1
113.4573 57.2485 1
185.7210 227.3095 1
182.8630 13.1773 1
102.5170 118.1919 1
156.8033 173.5288 1
105.9107 144.6979 1
109.5301 112.9481 1
100.3312 195.0552 1
175.1011 149.0527 1
182.7961 145.7557 1
182.6533 174.7883 1
158.7791 216.6753 1
148.3390 241.9197 1
165.7339 22.3630 1
123.7583 133.5746 1
169.5070 196.9163 1
183.2633 46.5803 1
164.9411 4.6539 1
143.1744 197.3493 1
134.1505 56.5977 1
117.7082 65.3169 1
179.3102 20.4515 1
189.0830 7.8465 1
112.1956 160.7648 1
199.9379 15.8889 1
175.2384 176.0913 1
141.8226 154.4042 1
171.8093 15.9107 1
150.6017 206.7523 1
117.9954 8.6116 1
178.0611 219.0856 1
136.7498 131.3649 1
122.6115 18.9817 1
202.1691 187.5298 1
138.8103 121.6750 1
155.7588 159.2624 1
116.8923 125.7985 1
131.2914 125.7198 1
165.0946 90.8911 1
173.1461 168.3183 1
119.1333 150.4281 1
170.3398 96.0669 1
154.5368 47.8567 1
191.2738 0.3081 1
158.3985 163.9099 1
172.2125 53.8433 1
151.0980 26.7157 1
183.9594 164.8220 1
149.0790 182.2782 1
101.4638 84.9038 1
131.2484 210.0877 1
173.3120 46.7688 1
103.6453 162.1293 1
145.5449 82.3433 1
135.7180 248.6428 1
110.4411 236.2000 1
186.6121 237.8257 1
138.2136 103.2907 1
105.4667 2.9623 1
164.1899 131.8822 1
112.1209 205.2564 1
207.4183 190.6744 1
126.7813 198.2356 1
132.5587 228.7626 1
129.2168 22.0843 1
125.2218 218.2491 1
156.4180 133.4545 1
199.3610 32.1733 1
178.5058 126.4045 1
167.8752 246.8863 1
126.6799 75.6813 1
210.1462 7.6493 1
144.0693 99.6660 1
170.1935 101.9664 1
145.1990 26.5361 1
115.6057 173.5142 1
115.6726 143.5253 1
138.2249 205.2924 1
157.5626 61.4702 1
198.3248 3.6419 1
196.6955 49.2291 1
114.3982 22.4618 1
164.3662 165.5329 1
183.8277 187.8438 1
177.3017 140.2923 1
134.2578 118.3302 1
118.5236 56.8500 1
133.2232 148.9632 1
187.4031 15.5055 1
147.6973 65.3331 1
184.6323 27.3796 1
184.9101 59.5248 1
125.6550 158.7136 1
127.5551 187.9724 1
139.2481 32.8571 1
164.0199 30.5948 1
165.4690 230.1602 1
114.2457 222.4260 1
157.7880 39.8271 1
204.1539 236.9986 1
