232.4416 62.2387 0
239.4101 113.2883 0
213.0518 240.4940 0
214.4205 62.4409 0
245.5757 64.3149 0
216.6307 139.7097 0
188.3205 224.2015 0
185.6367 244.1972 0
199.2231 123.9587 0
203.2135 5.6195 0
177.1944 88.4068 0
226.6626 214.1385 0
183.7156 75.6890 0
193.4855 103.4333 0
201.2444 183.3331 0
230.0690 110.4757 0
236.5283 178.9791 0
206.3953 223.3329 0
237.0329 23.2871 0
223.9863 124.1574 0
193.8005 31.5990 0
225.7792 153.9551 0
221.5244 0.5495 0
165.1853 187.4078 0
191.7456 222.5079 0
212.9192 187.3560 0
214.6236 245.6763 0
237.2836 192.9678 0
242.9431 203.2503 0
185.7095 94.6861 0
182.0213 46.7990 0
248.4435 203.6301 0
250.9499 23.3690 0
221.0500 10.5543 0
208.3291 141.1764 0
175.9118 182.7542 0
207.1922 43.3500 0
122.8880 8.5702 0
219.2327 157.0867 0
247.7766 91.0859 0
239.7794 97.8653 0
201.1834 248.8008 0
202.9888 44.2826 0
220.5515 106.1134 0
242.1176 233.9253 0
246.7643 183.8447 0
231.1644 89.1549 0
242.8428 69.6833 0
201.6510 84.7948 0
163.8640 197.2422 0
239.2759 35.2747 0
190.1687 23.9795 0
195.6009 230.6125 0
169.2554 180.3267 0
197.5805 214.8710 0
248.4539 168.1095 0
190.0457 71.8981 0
198.0393 157.5109 0
220.5070 170.1331 0
215.9677 222.2352 0
224.9581 83.8981 0
172.2346 99.6383 0
215.6007 82.7928 0
243.5808 37.3996 0
231.8609 137.0135 0
244.8618 27.3897 0
228.3411 180.3325 0
190.4484 47.6909 0
201.8117 192.1169 0
214.4207 76.3728 0
190.2897 250.0185 0
223.9834 191.6703 0
217.4914 238.9918 0
221.4386 220.7390 0
216.3567 187.1762 0
217.9390 64.5866 0
246.5774 22.7242 0
230.6372 6.3095 0
235.8543 209.7518 0
216.1507 129.7732 0
199.6602 230.1304 0
184.0461 205.2346 0
218.5852 200.6820 0
244.2700 118.3471 0
246.5420 52.6197 0
211.0543 232.1172 0
201.1419 89.2768 0
248.7419 77.5349 0
179.3660 82.9745 0
234.6541 204.6228 0
240.8983 189.7072 0
206.3605 247.5287 0
210.9603 130.5637 0
198.9677 69.5426 0
247.1102 46.8030 0
201.2782 202.1222 0
199.1110 208.4823 0
221.2507 150.4176 0
202.1751 240.1968 0
221.6762 31.5311 0
216.9366 231.8864 0
241.6425 9.2648 0
197.0564 134.4403 0
200.9136 161.1173 0
224.6758 186.0739 0
182.4035 225.5646 0
245.7173 194.4622 0
228.4055 69.9115 0
230.8108 124.2261 0
205.8457 79.6521 0
175.8094 77.7871 0
219.0958 165.0276 0
247.8668 3.0607 0
239.3019 105.7978 0
237.8029 42.5759 0
186.9905 41.7320 0
238.5563 2.4158 0
172.2725 51.6723 0
205.8002 73.8563 0
198.4941 43.2854 0
234.8749 80.6886 0
182.5734 5.1114 0
185.2571 198.7788 0
203.4518 135.2675 0
188.3927 67.2768 0
225.4938 10.3442 0
183.9291 107.1624 0
200.4226 175.6246 0
204.0321 26.9410 0
221.2188 142.1155 0
212.1065 144.2008 0
224.5652 234.6299 0
214.6604 48.4819 0
211.4457 151.4063 0
206.4458 153.1603 0
184.6001 63.2812 0
193.9207 207.8421 0
165.3845 75.0335 0
231.7941 218.7650 0
243.2059 225.5975 0
234.5934 156.0115 0
249.8380 197.6539 0
199.2533 119.1948 0
223.1424 178.5931 0
194.0428 181.1174 0
193.1244 64.3559 0
248.4355 147.1934 0
240.0075 17.9614 0
199.6977 148.3521 0
244.3752 155.8689 0
219.5374 93.5378 0
210.3210 16.4609 0
218.1050 17.9769 0
221.7972 52.0894 0
226.1297 49.4809 0
187.7141 181.8524 0
184.5557 174.4220 0
225.5554 196.5413 0
203.1882 98.0883 0
224.5229 39.9506 0
203.7805 36.5086 0
226.0201 23.4770 0
222.6535 116.0620 0
239.1776 128.4277 0
224.1362 248.2004 0
212.9257 118.4903 0
179.2552 191.5561 0
241.8963 77.7598 0
193.4408 78.7249 0
193.9598 35.2058 0
187.0461 106.7267 0
246.1731 217.0106 0
239.5827 60.2861 0
232.9706 187.3669 0
193.3068 55.8347 0
191.3948 127.1554 0
215.1162 149.4106 0
188.9995 122.2420 0
242.8747 248.2308 0
246.6894 110.1717 0
188.9938 153.5256 0
232.9811 200.1430 0
240.0505 222.0200 0
193.9000 17.8002 0
245.9151 137.3044 0
245.6681 243.8263 0
174.4070 247.3952 0
208.3498 55.8732 0
243.2781 126.2522 0
191.6793 7.6718 0
215.5948 203.2371 0
239.9605 93.2999 0
181.0501 70.6931 0
211.2415 67.7766 0
234.7636 240.5996 0
225.4272 204.1277 0
212.6152 10.8836 0
214.6502 37.6965 0
212.3601 100.7685 0
165.9164 192.5189 0
210.2791 170.1691 0
202.0177 168.6458 0
188.3548 196.2778 0
207.2024 200.0029 0
217.1665 8.2905 0
204.6296 217.9374 0
241.4299 163.0865 0
210.2959 90.9137 0
195.9028 8.3865 0
180.0011 99.7629 0
206.7810 109.2930 0
239.0390 87.5575 0
228.6581 173.3270 0
188.6843 56.0574 0
209.7461 2.3992 0
198.4964 26.9188 0
246.0971 207.5524 0
230.7806 94.1383 0
244.2574 174.6520 0
186.0912 233.0177 0
182.3799 220.3481 0
194.0186 238.5486 0
244.1517 105.5912 0
229.8951 131.2371 0
205.8710 209.6316 0
250.6682 234.1801 0
208.4705 176.9103 0
224.3226 133.8606 0
186.7694 135.0429 0
226.2130 75.4571 0
193.2747 141.0505 0
173.3123 42.0006 0
185.1631 25.9441 0
183.5704 215.0219 0
230.2413 33.3762 0
223.8874 225.9105 0
221.7104 100.3677 0
235.1703 0.4429 0
214.2606 213.0676 0
230.7348 47.1456 0
187.7780 84.3853 0
238.6557 52.0633 0
238.8237 135.3032 0
236.3392 29.6836 0
209.0846 195.3812 0
222.0468 209.0234 0
196.9884 198.7494 0
232.5666 159.7814 0
235.6393 116.3815 0
198.4441 105.5110 0
206.9077 127.5005 0
230.8721 102.0512 0
195.6079 189.2049 0
227.6981 62.9335 0
204.3819 61.0133 0
237.0800 232.3241 0
174.7510 189.4523 0
184.5749 30.0773 0
189.1091 14.6201 0
182.9857 58.9241 0
238.6374 144.0162 0
198.9952 54.4410 0
182.9383 250.9880 0
239.5828 182.8953 0
203.5642 14.1080 0
171.2616 200.5402 0
218.5641 74.4718 0
250.4596 239.8405 0
216.2709 56.3745 0
224.3805 146.5762 0
210.0412 204.1267 0
211.5753 159.9463 0
207.7056 113.9905 0
220.2282 111.2473 0
194.4634 162.7639 0
191.1749 215.5697 0
186.3741 187.1710 0
241.3851 240.6624 0
232.0745 18.3124 0
172.2378 62.1270 0
228.1058 162.8997 0
136.3417 90.0772 1
106.1961 245.0676 1
172.9764 33.5456 1
174.3704 130.8702 1
130.8026 194.3997 1
143.0634 194.3838 1
116.0707 88.3992 1
154.5617 8.8126 1
134.7788 200.4445 1
128.6862 35.7284 1
106.1600 84.0462 1
136.5759 99.3683 1
146.0844 179.5125 1
140.4798 155.0067 1
111.8670 130.8979 1
128.8266 242.0398 1
145.0542 164.9536 1
145.0305 38.1104 1
165.7864 250.2760 1
154.1173 120.5653 1
118.6675 180.1862 1
118.4188 186.3522 1
165.4898 174.5340 1
144.8663 21.0262 1
155.1004 104.7529 1
138.3607 198.5083 1
133.8445 54.5751 1
129.5720 47.6437 1
144.2331 78.0311 1
112.7136 156.9546 1
147.3249 225.3946 1
151.8693 86.6739 1
130.1636 96.2346 1
165.5628 132.9938 1
117.2353 116.0039 1
128.2066 184.7951 1
155.4316 166.3705 1
133.9544 127.7895 1
123.0933 114.7701 1
106.0327 41.5364 1
144.6419 120.3833 1
125.0452 216.7324 1
139.1570 158.0016 1
113.3399 18.3868 1
120.5692 97.8841 1
156.8986 83.2140 1
173.7104 239.3277 1
154.1231 225.6796 1
139.9189 187.2038 1
155.2207 74.0725 1
104.8790 213.5587 1
143.4477 239.0798 1
102.2558 233.9981 1
102.5325 118.5760 1
146.4270 112.5814 1
101.7820 27.3745 1
151.3519 51.3430 1
175.6391 8.5727 1
135.8011 211.9935 1
112.1711 245.1949 1
103.7794 153.2977 1
129.6725 140.5921 1
109.6470 107.3975 1
110.6011 2.9747 1
148.4933 74.5104 1
116.2055 70.0871 1
173.2785 163.5437 1
178.8801 217.1353 1
181.6811 147.8012 1
125.7246 103.0095 1
155.0516 231.3903 1
100.8510 64.7292 1
107.5350 78.6730 1
168.4614 156.5172 1
169.9946 225.2649 1
147.8789 11.7149 1
148.3833 234.6108 1
149.2520 59.1884 1
105.5948 139.5817 1
148.8195 67.7886 1
137.4642 13.3239 1
125.9114 152.8383 1
105.9287 177.0787 1
155.3204 110.6281 1
101.4037 163.6950 1
156.7456 236.1645 1
119.8022 33.9469 1
130.4314 4.7736 1
158.0165 211.6443 1
165.8270 162.7163 1
170.0754 174.9388 1
135.6570 41.6922 1
153.5651 98.5689 1
155.6235 250.5392 1
132.5091 30.5669 1
130.2478 162.7192 1
159.3236 52.2192 1
122.6777 83.5119 1
110.1971 184.0793 1
169.0796 137.2968 1
140.2007 147.0981 1
131.5780 86.1675 1
160.1469 196.3185 1
134.6623 171.1596 1
162.4066 125.4097 1
165.0186 148.4499 1
154.6252 162.7764 1
154.3479 208.2049 1
116.0969 110.3375 1
149.8540 150.9870 1
100.1347 123.1026 1
122.8250 122.1038 1
189.4459 165.9284 1
154.7925 140.3884 1
125.1513 0.5217 1
139.3354 248.9019 1
175.9107 142.3566 1
110.8473 28.8867 1
166.7804 22.6719 1
165.2355 32.9903 1
149.1354 30.1753 1
159.4710 156.2482 1
126.0345 225.7568 1
113.3188 228.3902 1
119.4074 0.0364 1
179.0217 114.7153 1
145.9918 91.0110 1
129.0958 198.0015 1
142.4613 5.9929 1
168.7150 71.1242 1
151.4101 129.8181 1
167.6629 95.2251 1
114.6320 139.7168 1
124.2562 170.1908 1
166.7560 7.6173 1
127.3351 74.9336 1
116.4944 128.2050 1
150.7434 196.9914 1
137.7766 177.7189 1
160.2301 113.1345 1
119.9946 17.3547 1
181.0910 15.7084 1
121.4463 223.0808 1
137.9522 108.5290 1
101.7884 194.6514 1
125.8359 42.3394 1
113.0498 199.8364 1
165.1006 83.5911 1
157.8152 176.2959 1
104.4706 158.5031 1
148.7501 44.7227 1
129.0551 110.2264 1
108.2462 63.9885 1
156.2260 14.5519 1
132.0131 150.7698 1
160.3815 163.9548 1
115.4986 173.1331 1
151.1069 183.7049 1
138.9253 138.6708 1
130.9530 59.8339 1
156.2540 202.8668 1
160.5850 66.9035 1
113.4066 239.9200 1
129.3705 17.5044 1
152.5951 237.9122 1
125.1515 130.0886 1
103.7192 97.9874 1
178.7216 160.3258 1
131.5188 218.7380 1
122.5602 142.1917 1
108.7817 227.3519 1
135.1427 232.0071 1
115.3410 77.9994 1
115.6525 148.6117 1
106.9538 12.1789 1
116.4486 168.0785 1
109.7755 214.0543 1
139.1896 239.3265 1
128.9140 212.8055 1
152.8085 187.8478 1
147.4767 213.4907 1
115.3656 215.5201 1
166.5042 15.0068 1
174.7661 171.8590 1
163.0173 240.9592 1
121.1445 160.3601 1
108.9501 51.8302 1
157.3162 25.8375 1
141.7641 219.2960 1
172.0448 38.5758 1
164.5153 29.1431 1
115.8601 10.6927 1
159.4370 135.0195 1
171.6029 121.3576 1
142.7224 83.9280 1
166.9182 104.1760 1
154.0122 245.9812 1
135.3171 119.2124 1
167.4712 205.2825 1
165.1689 88.0220 1
138.0466 68.1383 1
140.5389 55.3886 1
149.1679 99.5534 1
118.2558 57.1823 1
110.1472 204.9788 1
138.4508 130.4326 1
164.7474 213.1221 1
114.4828 235.0754 1
141.7405 205.2818 1
156.9429 55.1251 1
161.4660 233.3324 1
183.9499 116.5862 1
123.5734 23.0250 1
148.6049 140.5825 1
108.6243 54.9727 1
182.1897 125.2743 1
163.3190 59.2381 1
117.2842 48.5965 1
119.1859 66.6558 1
125.4845 232.1604 1
162.1533 184.7672 1
106.9887 221.2641 1
153.8138 37.3025 1
160.5296 222.6507 1
100.0598 207.0587 1
