227.0120 38.9821 0
210.9174 250.9837 0
230.8509 73.5249 0
235.4735 61.8196 0
232.8495 27.3409 0
198.9374 118.7194 0
182.5444 217.8845 0
205.5492 16.6586 0
217.3566 120.7286 0
216.4454 39.9762 0
243.7629 161.2027 0
193.3245 77.6800 0
238.6332 214.9292 0
207.5524 84.9910 0
215.4833 101.5502 0
220.2171 177.4621 0
229.1565 149.5010 0
189.8001 244.5231 0
219.7641 16.0700 0
242.3014 131.6631 0
203.5929 49.6837 0
203.7225 141.2339 0
209.6777 222.4226 0
196.1310 204.1602 0
181.7590 232.4874 0
220.2285 163.8499 0
234.8535 11.4091 0
234.7790 22.0473 0
186.6713 115.4235 0
204.9188 56.2259 0
249.2807 220.1260 0
248.9112 16.3166 0
224.2001 249.3760 0
194.3275 109.2535 0
182.8195 205.3755 0
239.3931 223.6781 0
216.6985 63.4862 0
115.5983 237.5588 0
199.0888 149.1015 0
194.9987 224.3648 0
217.8012 53.5845 0
226.3162 106.0109 0
236.1389 245.0925 0
244.2579 173.8479 0
211.2408 93.1984 0
243.5370 58.2533 0
216.0515 81.8679 0
209.2809 204.6207 0
219.8067 3.5938 0
175.9575 18.6227 0
203.5690 238.7591 0
175.9985 188.2944 0
228.5826 204.6984 0
207.4583 81.3925 0
207.6065 178.6011 0
230.5466 170.1048 0
229.8341 215.1842 0
240.0024 78.5097 0
180.5708 73.0046 0
214.9644 88.9502 0
224.7883 18.2864 0
218.0062 135.3842 0
226.6187 8.9839 0
240.0458 166.6488 0
182.4354 34.6038 0
211.2578 166.8846 0
233.4700 86.9616 0
186.6628 1.5934 0
245.6664 30.8350 0
233.4791 188.1684 0
230.8472 231.5982 0
231.3549 220.7139 0
219.7730 169.1502 0
240.1921 88.1253 0
241.7918 12.4523 0
222.8493 240.9455 0
208.5672 127.6940 0
208.9285 196.6583 0
201.6470 201.7488 0
249.0549 231.6573 0
237.1244 184.5658 0
250.4619 137.6606 0
245.3162 34.8686 0
190.0893 216.8137 0
194.7446 101.4066 0
250.5777 62.3094 0
185.8025 105.7753 0
213.8377 230.2505 0
206.3054 117.8385 0
237.4245 65.6529 0
232.3718 39.2574 0
212.1246 185.7751 0
216.2582 188.1193 0
216.1646 140.4564 0
186.6702 208.9703 0
211.5873 30.5282 0
201.0490 228.3476 0
244.8391 4.3131 0
183.4880 145.3203 0
192.0933 154.8139 0
243.7529 42.5431 0
234.1818 196.6272 0
185.0358 26.1119 0
249.1233 182.0992 0
226.4087 81.4668 0
234.2662 115.6317 0
246.8904 72.3484 0
190.5676 67.1136 0
204.3558 162.1045 0
245.0947 241.9446 0
217.8091 23.5041 0
178.3018 32.4974 0
234.7215 1.9250 0
176.1965 25.6017 0
223.2222 69.1036 0
193.6795 37.0804 0
208.2257 4.0776 0
242.9146 236.8710 0
205.4480 192.5488 0
191.3667 132.2165 0
244.5108 168.8502 0
188.5306 82.7729 0
228.4516 241.5293 0
214.3625 111.0027 0
188.0200 164.7031 0
194.8192 22.2868 0
193.5909 127.6270 0
184.4683 93.5931 0
217.4085 212.5942 0
217.6351 46.5369 0
199.6903 133.8129 0
193.3508 141.7417 0
215.8873 73.3825 0
220.6857 197.2940 0
189.1035 49.6226 0
246.4202 227.0148 0
203.0134 154.2970 0
245.7548 187.3277 0
182.4239 112.7087 0
242.4955 137.4083 0
227.2775 175.8718 0
210.4149 174.6556 0
178.7681 86.0751 0
232.7235 139.3091 0
243.4709 250.1750 0
225.5527 25.1892 0
191.9008 122.4951 0
211.0258 145.2864 0
198.8772 26.8871 0
184.7806 52.3766 0
244.9817 64.6319 0
229.6391 55.1301 0
186.0887 181.9584 0
178.9245 185.9329 0
223.7526 97.4505 0
227.4071 47.9367 0
203.8934 63.6042 0
215.8786 18.9528 0
227.8694 116.8913 0
231.1031 95.9740 0
226.0687 224.5791 0
227.9838 130.6002 0
212.0437 212.7191 0
246.5751 82.9015 0
208.1363 98.7901 0
197.6826 49.6315 0
222.5347 117.3398 0
248.9577 211.2103 0
242.2715 47.9165 0
239.4165 194.7751 0
197.9085 88.9258 0
187.7236 135.3013 0
218.7932 125.4959 0
178.2885 102.4109 0
195.7085 177.7149 0
246.9296 199.8716 0
234.4009 236.0920 0
186.0872 234.3838 0
226.4171 135.0413 0
203.9524 3.1447 0
221.1584 57.8883 0
238.7684 122.1521 0
194.7945 8.5769 0
231.0488 208.9368 0
173.3984 31.4546 0
202.0722 74.6702 0
215.9689 234.8306 0
247.2884 205.1943 0
208.6665 233.0968 0
212.1045 60.9917 0
204.5138 186.9067 0
199.0885 169.6497 0
179.3481 165.3545 0
217.6790 182.7889 0
232.1082 191.7122 0
201.5148 41.3583 0
204.1100 210.8788 0
235.2891 165.0122 0
246.9887 152.5343 0
201.3718 101.0609 0
204.7375 12.2077 0
206.0718 108.0431 0
240.5157 92.8123 0
219.5913 156.5619 0
212.5873 68.1065 0
200.0004 210.7258 0
214.5897 11.2497 0
244.1089 106.7907 0
241.6039 179.5376 0
194.2433 244.1334 0
189.7146 226.0725 0
193.9920 238.5704 0
224.1763 144.4823 0
199.9411 219.2189 0
240.8751 142.2936 0
235.1442 249.0856 0
198.7050 162.1159 0
229.3486 125.1967 0
193.2272 189.0636 0
227.1357 86.5908 0
194.5935 146.2950 0
188.7361 39.6219 0
198.5705 19.1213 0
195.1371 219.4917 0
210.0581 44.0542 0
237.6926 229.0863 0
215.1761 106.2835 0
216.1706 245.1428 0
240.1207 209.5361 0
233.6971 51.2526 0
172.6884 94.2386 0
235.8731 158.4508 0
220.6388 31.6113 0
218.5962 151.6558 0
203.7903 27.8530 0
215.9553 172.4257 0
198.3298 174.7068 0
193.5454 163.8591 0
237.4420 105.9287 0
202.4247 91.3200 0
201.0444 123.9852 0
244.6819 101.5576 0
187.3885 171.0853 0
232.1873 78.7815 0
224.6394 214.4116 0
238.7651 153.2449 0
203.8022 181.7734 0
184.5236 17.5770 0
204.1557 36.6158 0
249.5717 53.4472 0
189.2634 91.9609 0
211.8551 132.6815 0
195.3615 57.9824 0
204.2420 246.8989 0
234.7569 173.9481 0
248.0241 122.1186 0
207.5938 21.7941 0
193.9878 197.1380 0
250.4891 173.3073 0
249.2638 91.9371 0
250.2185 227.2589 0
227.0546 65.8425 0
242.2765 115.9273 0
235.8779 209.6346 0
212.7705 152.8070 0
211.6514 119.4866 0
226.5334 109.5007 0
184.4425 196.3059 0
180.9868 224.6889 0
196.2957 187.5627 0
221.4024 233.5693 0
229.7398 4.8855 0
197.0434 71.4949 0
229.2979 158.0853 0
147.5915 10.4182 1
141.1953 23.4080 1
184.7727 46.1346 1
168.3009 147.4471 1
112.4191 156.5614 1
102.3609 214.8878 1
129.3344 149.1091 1
107.6550 100.0732 1
121.1219 247.7740 1
108.8410 248.9211 1
115.1491 133.8172 1
130.8498 224.5992 1
119.1942 98.7932 1
135.6602 150.7872 1
154.4183 229.5588 1
107.6717 237.7619 1
121.6758 202.8363 1
120.2174 77.6892 1
139.2242 227.4505 1
114.8618 237.4001 1
167.3334 28.1155 1
126.2595 63.6531 1
169.4626 235.1140 1
145.7519 126.7278 1
127.5858 110.3097 1
167.3976 169.5833 1
128.7478 209.2474 1
146.6445 26.5774 1
166.5899 74.3508 1
178.0457 207.6979 1
127.8400 73.7648 1
157.6724 22.5885 1
101.0381 49.2977 1
150.2944 73.2900 1
119.6660 111.8952 1
142.4124 200.4345 1
120.5547 157.7866 1
171.9450 112.3451 1
140.6046 81.7115 1
108.5527 169.3589 1
160.0171 189.9958 1
120.1070 58.0386 1
107.0485 180.4380 1
111.0474 178.4188 1
110.7448 79.0222 1
150.9450 200.4359 1
127.0116 134.8991 1
151.3103 110.9604 1
102.0152 133.6185 1
131.3103 250.7046 1
107.3035 50.9450 1
119.6685 148.1653 1
141.9995 144.1317 1
154.9564 238.0779 1
168.7861 182.5785 1
146.1950 237.5121 1
175.9523 75.7840 1
120.6096 189.6975 1
141.5919 208.9530 1
106.4803 31.4322 1
173.5101 103.9966 1
142.0914 67.1399 1
154.1400 37.7500 1
113.4131 3.9987 1
163.8524 4.8865 1
159.3292 81.5257 1
173.2887 44.4961 1
100.7050 58.7248 1
111.1523 122.2016 1
124.0753 176.4986 1
135.9880 92.5158 1
166.7760 195.3592 1
154.1856 210.5670 1
180.9695 155.2473 1
150.2775 152.5962 1
105.0564 227.9764 1
150.2439 115.2890 1
138.6069 128.6212 1
155.2627 215.5177 1
110.3062 59.5176 1
162.5545 198.7861 1
173.0145 243.3063 1
127.1880 6.2125 1
154.5622 101.4512 1
160.2271 30.9343 1
109.6414 213.1802 1
167.8420 61.7369 1
124.3183 55.3381 1
136.6336 239.2900 1
178.9630 172.7638 1
101.3983 151.0273 1
148.1867 182.0433 1
103.3871 12.8500 1
112.0388 103.3337 1
109.3133 161.7529 1
110.9396 206.1570 1
182.1696 241.4140 1
133.9875 33.7891 1
137.1735 24.1070 1
162.0865 218.0955 1
172.9401 133.1059 1
101.0565 74.3008 1
174.1871 171.9366 1
130.8479 166.1543 1
161.5657 245.7159 1
127.9131 25.9039 1
127.4334 219.4344 1
154.9969 82.1304 1
140.5269 44.1123 1
158.8403 163.6318 1
127.5956 94.8196 1
160.5442 57.1738 1
157.3069 179.5371 1
165.2383 178.5990 1
166.2726 96.5719 1
167.8709 159.9663 1
174.9426 124.3097 1
175.2293 218.4544 1
137.6340 104.6193 1
110.9415 187.9593 1
133.9211 140.8479 1
161.7548 171.3388 1
147.7402 176.0685 1
180.6129 197.8375 1
105.0610 141.3637 1
165.2859 240.8174 1
170.7931 224.9179 1
160.2075 135.7654 1
114.4390 116.8201 1
148.6277 17.7503 1
113.3516 40.3680 1
120.2423 86.4645 1
108.8190 130.6317 1
103.8938 25.7761 1
161.9818 233.5626 1
138.3947 113.4196 1
100.0705 227.3315 1
140.9738 182.2366 1
185.4701 124.9052 1
145.1401 122.4099 1
131.2234 201.8235 1
171.2734 7.4099 1
169.1827 54.5292 1
160.0477 125.5329 1
151.9987 142.3904 1
107.5989 87.9257 1
106.6984 110.3608 1
167.7078 14.5985 1
133.5333 122.3128 1
117.9034 82.9437 1
117.2490 143.4178 1
153.8198 121.9323 1
124.8019 43.1118 1
160.2493 48.4819 1
168.9034 2.9922 1
162.1411 67.0760 1
100.4069 17.9874 1
133.5169 156.1734 1
183.6224 81.4896 1
126.0298 168.1867 1
153.5821 55.7178 1
122.5577 129.1102 1
113.7788 27.5331 1
118.5750 48.3671 1
141.4155 28.6438 1
136.6254 160.3296 1
111.8225 142.8724 1
137.4672 167.6589 1
156.8978 160.7623 1
100.3756 116.2475 1
143.3461 36.2213 1
120.8888 197.2397 1
162.5795 91.3109 1
158.7941 18.3655 1
101.4647 246.2079 1
139.1361 6.9588 1
115.6660 20.7502 1
124.4890 149.6983 1
174.8336 158.5308 1
142.2550 216.8546 1
122.5916 232.8154 1
138.6343 177.7963 1
100.6992 188.4666 1
151.5081 92.0831 1
118.3871 7.3740 1
144.9382 110.4816 1
116.5563 208.6369 1
118.3111 240.6198 1
113.0983 218.8978 1
168.5065 200.6875 1
143.4745 191.8932 1
148.8046 4.5332 1
161.9410 43.3397 1
147.1488 244.1910 1
179.0135 0.2939 1
124.9374 118.4775 1
145.2460 79.4506 1
131.1775 22.9687 1
149.4675 69.3054 1
122.5592 70.2561 1
134.7599 246.0320 1
178.0630 137.4719 1
165.2595 114.4196 1
101.7745 65.3165 1
129.8877 144.5198 1
179.3064 59.3778 1
167.0194 37.2650 1
134.0981 55.0792 1
168.9970 84.7961 1
154.7701 10.1755 1
175.1889 65.6130 1
127.5476 241.5172 1
160.5945 103.8750 1
141.5477 101.4780 1
138.0828 75.6115 1
132.4683 61.3621 1
105.4553 164.8668 1
144.5900 247.9863 1
115.5737 125.3150 1
169.5844 220.3903 1
166.9556 211.5887 1
145.3767 51.3994 1
154.4728 224.6086 1
163.1127 148.4554 1
139.3284 49.0813 1
156.5574 143.8440 1
139.2527 201.5633 1
153.1430 250.9044 1
134.9524 169.9001 1
150.7065 95.8606 1
129.0397 69.1957 1
120.6624 23.3179 1
144.0954 56.6976 1
130.3723 188.9283 1
174.6491 228.7413 1
112.2902 15.1291 1
136.0326 17.1083 1
181.1587 12.2341 1
108.1358 197.0434 1
