196.2743 20.6828 0
243.7073 86.8413 0
244.8812 47.3182 0
195.0326 131.1912 0
187.1980 211.3342 0
218.0475 46.5294 0
210.9537 149.2813 0
234.9506 74.6983 0
231.0081 157.7693 0
189.0827 73.2245 0
234.6741 203.2136 0
190.4052 81.1435 0
210.2705 130.7322 0
216.0726 174.2161 0
225.6345 149.3645 0
181.7162 13.0165 0
218.3626 34.3151 0
219.9680 133.2092 0
197.8236 66.9260 0
181.6088 165.0352 0
224.9420 7.2935 0
197.5218 211.4145 0
248.8955 157.3266 0
180.7613 228.6532 0
212.4141 166.5728 0
228.4610 38.0882 0
228.1222 43.4732 0
191.8403 121.0489 0
181.0519 63.6449 0
237.5051 234.8877 0
221.7680 15.7765 0
190.3009 113.1694 0
241.7503 142.9879 0
249.3749 201.3414 0
175.2287 233.3911 0
230.4854 74.6689 0
109.1845 248.9017 0
188.6740 161.0275 0
204.6383 250.3272 0
207.2134 71.2070 0
200.3336 124.2181 0
236.5306 14.2271 0
229.8567 175.5231 0
222.0842 102.6718 0
235.9667 43.1760 0
215.0247 94.2456 0
223.8695 226.2024 0
208.4993 23.1824 0
250.1764 220.8220 0
189.2475 36.8261 0
207.8956 5.0991 0
191.4171 230.7186 0
230.5121 219.7643 0
197.0836 96.2551 0
214.3171 187.2260 0
216.2118 158.2290 0
234.0674 241.9779 0
242.2232 62.2843 0
195.7614 43.0504 0
224.8305 98.4397 0
219.8184 55.6173 0
197.4718 150.6553 0
229.5259 21.3509 0
229.7800 166.3024 0
201.4073 52.0872 0
196.3950 185.3106 0
171.7007 244.3932 0
235.7279 179.8737 0
226.9298 234.8979 0
247.7705 248.0682 0
202.2125 178.6341 0
245.2724 96.3032 0
242.8077 28.5913 0
229.5694 30.0409 0
182.4107 145.8063 0
214.1013 200.5025 0
199.9483 233.7567 0
225.5730 163.0510 0
234.7722 132.7532 0
240.2662 120.1517 0
200.2621 0.1020 0
209.4707 116.0729 0
205.6794 107.7059 0
242.1482 202.2788 0
209.1437 244.5976 0
201.7409 131.4955 0
243.9336 53.3330 0
210.8025 214.8824 0
218.7374 188.7720 0
219.3780 144.6613 0
194.6399 241.4872 0
213.8056 69.7040 0
201.4286 239.3525 0
193.2459 178.0137 0
188.8037 193.2171 0
220.9872 180.6149 0
200.3146 46.7276 0
248.9239 120.5480 0
222.7095 93.0307 0
231.5119 125.7768 0
248.2986 79.1782 0
162.5485 43.7392 0
182.8529 179.9797 0
226.0224 48.5113 0
171.9064 29.5589 0
241.1907 22.8727 0
166.7188 39.9096 0
228.2671 88.7572 0
193.1320 24.5361 0
249.7624 84.0410 0
214.2880 31.1629 0
224.8234 222.0377 0
177.6380 145.7893 0
235.4523 171.7281 0
177.6991 83.5613 0
225.5324 22.9386 0
203.3052 115.8772 0
183.2529 199.9833 0
219.2233 30.1568 0
184.4869 139.3247 0
183.9993 100.3731 0
217.2220 247.4603 0
191.7310 62.0379 0
196.1558 145.5674 0
239.2539 147.7116 0
178.2017 154.2450 0
222.6533 84.4071 0
233.7791 230.3086 0
182.7433 42.8951 0
237.2529 243.7112 0
238.9572 217.5079 0
203.6968 173.1548 0
187.6403 92.9516 0
233.6246 144.9420 0
211.4725 178.8350 0
206.5338 187.6457 0
179.3250 92.9193 0
243.2387 159.9745 0
238.8790 9.8352 0
222.4454 66.7975 0
189.0134 125.5207 0
189.2407 151.6972 0
206.4843 31.2761 0
198.6343 82.5585 0
239.8867 67.1985 0
176.9139 225.7373 0
192.1325 203.7698 0
248.2421 21.3044 0
226.3737 210.6681 0
230.1017 106.3377 0
231.3294 54.8685 0
198.5908 75.6066 0
235.8025 49.6899 0
231.0609 116.9550 0
229.1158 10.9572 0
212.9754 142.8155 0
209.5477 236.9749 0
242.6490 78.4227 0
211.0121 122.1493 0
192.4487 56.4635 0
248.1848 16.4817 0
214.2318 133.8981 0
244.9213 212.0155 0
234.2002 58.7184 0
235.1997 185.4523 0
112.7681 83.4056 0
187.9729 85.6767 0
185.7056 130.1103 0
204.1643 143.1728 0
188.6460 104.7399 0
241.4694 107.2504 0
207.6620 204.1412 0
241.5147 195.6047 0
227.6283 2.3191 0
212.0413 232.3542 0
228.6325 137.7713 0
206.0073 18.3586 0
231.1967 85.0431 0
241.9783 101.6607 0
180.9558 35.3964 0
229.4711 201.6069 0
195.8157 32.8281 0
222.0852 111.3578 0
224.7133 248.8510 0
221.1895 202.9746 0
213.9699 9.8532 0
206.8736 87.3442 0
200.8948 223.2889 0
190.5936 198.0800 0
183.0298 190.2802 0
200.4550 184.0318 0
231.0098 192.8133 0
202.3549 63.8642 0
218.0515 233.0729 0
208.1423 161.0953 0
210.8160 108.4735 0
216.2290 22.3811 0
194.9680 114.3881 0
235.0945 98.1922 0
204.1040 163.3768 0
209.6908 82.3826 0
189.0955 218.9848 0
249.6243 111.5674 0
223.4571 41.4225 0
246.9784 187.1670 0
186.0082 11.6920 0
202.2850 230.5009 0
200.7791 13.4867 0
223.2713 141.7738 0
198.0789 215.7227 0
244.3555 164.8587 0
226.1680 32.5495 0
179.9775 193.0176 0
226.3489 128.7203 0
217.3415 211.5675 0
217.6814 85.4370 0
186.3774 156.4035 0
208.9624 38.1606 0
200.2477 28.8124 0
187.6851 240.4306 0
207.1522 65.9602 0
240.7308 2.8142 0
225.5950 119.6600 0
212.5734 13.9135 0
242.1916 229.9366 0
229.0050 67.6221 0
194.0702 105.3175 0
223.5551 153.8014 0
215.7546 74.2312 0
199.4626 155.8372 0
211.5999 57.9809 0
205.0722 197.7231 0
199.5828 207.5734 0
186.4058 169.8906 0
213.2834 102.7551 0
246.0053 37.8735 0
204.0858 103.3139 0
238.9908 176.7410 0
192.3823 136.1032 0
239.5215 112.4136 0
196.3281 189.1061 0
238.2916 94.2345 0
225.6669 239.4046 0
239.5767 156.3977 0
208.8595 194.5883 0
239.4866 135.2997 0
167.6998 31.3542 0
244.0571 175.3191 0
209.4229 48.9472 0
198.3060 91.4176 0
196.0032 159.2299 0
173.9760 39.9521 0
195.8651 9.9277 0
222.1576 172.1855 0
243.9222 128.6161 0
213.7219 40.5204 0
179.2192 202.3281 0
245.8014 194.0527 0
248.8948 237.2878 0
244.2377 70.2820 0
229.2565 247.8114 0
195.3411 168.0174 0
201.6932 138.3695 0
218.9108 125.1456 0
207.9683 211.5776 0
186.2600 20.9706 0
215.0159 220.0549 0
215.2028 1.7845 0
236.6693 30.0328 0
210.3559 95.3565 0
209.4148 156.0240 0
156.3748 15.6305 1
163.3459 11.9776 1
101.0451 80.5165 1
155.9075 57.3271 1
172.4665 178.6674 1
102.5025 106.1196 1
122.2649 210.3546 1
131.2417 207.4161 1
108.5228 3.6937 1
142.2963 118.3544 1
130.1615 63.4768 1
120.3635 31.5615 1
105.3816 74.5967 1
173.9938 162.1610 1
135.9583 247.1985 1
100.8635 233.3285 1
143.3797 33.6799 1
106.4218 63.3750 1
164.4057 242.4837 1
126.8699 112.6746 1
120.5883 78.8551 1
176.1761 102.1701 1
165.5563 192.7538 1
121.1688 170.4865 1
161.3606 69.7701 1
154.2125 112.9330 1
165.5001 231.9070 1
116.9251 47.7583 1
151.5833 4.6834 1
170.7357 110.3139 1
174.7263 113.6946 1
155.8437 175.1700 1
111.8995 152.5170 1
174.3990 131.0003 1
165.9311 72.2265 1
131.3432 160.6983 1
114.2815 145.9986 1
126.6002 191.3707 1
121.5983 66.8627 1
181.0191 236.7725 1
117.9217 127.4422 1
163.7593 116.4565 1
109.4129 37.0486 1
168.2818 90.9151 1
102.5291 46.6552 1
108.8203 58.6734 1
107.9798 102.2874 1
123.2684 178.5829 1
129.9443 92.0048 1
145.2074 168.0195 1
165.4012 202.2099 1
156.8531 189.7899 1
164.1705 221.4308 1
165.4070 131.1373 1
173.5079 186.7743 1
123.0546 188.9135 1
156.7855 141.0039 1
104.7282 247.3212 1
151.6498 30.7089 1
119.3944 197.9823 1
125.5314 89.4025 1
127.7756 13.8463 1
168.9159 13.5486 1
150.7573 62.2963 1
180.3006 59.6889 1
150.9233 119.3162 1
150.2863 40.7010 1
137.0735 206.2136 1
157.0087 195.2670 1
108.7942 211.6096 1
158.8670 124.0492 1
150.4548 133.0683 1
169.6321 144.0143 1
172.7785 138.0072 1
140.2218 239.8178 1
154.7865 231.7148 1
157.3993 5.7512 1
105.6756 237.7655 1
165.0238 107.3531 1
178.2793 78.0153 1
103.1301 193.7991 1
163.4461 125.3192 1
148.3978 22.9105 1
129.9386 82.7876 1
118.6696 88.1533 1
107.1350 241.4811 1
152.9925 153.6942 1
131.3630 172.7986 1
141.4473 156.0164 1
104.7964 141.6612 1
113.1557 203.5574 1
147.6626 69.9453 1
158.2932 248.9365 1
137.2612 21.5780 1
154.9984 26.1729 1
130.2886 213.1330 1
128.3459 148.2739 1
110.8692 74.5511 1
165.8687 168.8329 1
137.9200 126.9062 1
121.7446 7.8004 1
175.3757 96.3079 1
155.5935 79.5928 1
123.8463 161.7317 1
137.8141 81.8085 1
135.2514 97.7070 1
149.4556 174.3883 1
112.7559 140.9624 1
144.3887 188.2472 1
162.5081 95.8905 1
157.4564 166.8207 1
121.6513 133.8197 1
150.4309 229.4513 1
105.7856 230.8144 1
104.1860 161.9086 1
128.7588 170.7414 1
128.3400 184.0176 1
179.7635 245.9226 1
137.4616 27.5645 1
134.9932 43.2519 1
174.1893 211.9776 1
140.1560 174.0967 1
112.0739 133.3644 1
174.9971 3.5495 1
116.3654 17.6398 1
169.0895 62.6140 1
136.6802 109.9565 1
104.6255 208.9723 1
142.8070 224.0812 1
101.1917 90.6059 1
143.8917 103.1036 1
116.4172 191.2877 1
136.7780 187.1081 1
157.4070 149.4115 1
104.9949 186.5707 1
126.0910 0.4396 1
134.4688 52.1185 1
101.1581 97.2725 1
171.3624 165.8768 1
165.3402 160.5449 1
151.8731 68.5103 1
146.7076 37.7387 1
146.2575 139.5490 1
144.1687 96.3541 1
181.3743 118.2151 1
155.1860 87.8321 1
174.9366 48.2161 1
179.3810 27.4354 1
163.5967 139.2526 1
128.0883 218.7552 1
111.5067 125.0395 1
109.5794 115.3527 1
116.5126 150.7807 1
166.8550 80.5996 1
137.0409 164.1154 1
129.6302 33.1964 1
174.3028 125.1509 1
107.1590 16.6531 1
136.0511 76.3077 1
150.7103 50.4126 1
137.2620 120.0114 1
109.9375 175.9211 1
106.8936 166.0852 1
142.9330 48.7773 1
131.5029 193.0923 1
138.5059 66.2734 1
138.7634 249.6791 1
128.8029 229.8176 1
124.3541 122.6869 1
142.1295 91.3496 1
129.5459 137.3838 1
153.9347 199.7214 1
109.6051 234.1884 1
100.3918 52.0408 1
118.4349 37.8721 1
123.4324 196.9594 1
140.8971 143.5482 1
113.8309 181.8987 1
166.1866 101.9624 1
128.8050 203.4321 1
152.2268 212.1384 1
100.9927 176.3258 1
168.9621 227.9131 1
102.4732 204.5014 1
146.4093 0.1605 1
171.3800 52.6037 1
163.6395 177.4807 1
125.3074 55.7662 1
121.5378 97.9254 1
174.4066 68.7956 1
107.7038 29.8863 1
121.8246 103.3011 1
146.9414 13.3521 1
166.8181 156.5210 1
173.7283 148.0789 1
103.0680 151.4641 1
165.1401 5.2710 1
138.2661 57.7203 1
158.7101 47.2345 1
145.4921 127.0356 1
114.4148 241.8469 1
186.1587 47.1857 1
111.3831 221.0768 1
142.9304 135.1822 1
153.4938 102.6432 1
118.4415 116.8766 1
150.7725 17.3683 1
120.5996 228.2674 1
159.3824 207.6656 1
118.5306 233.1416 1
171.3357 200.9052 1
177.3463 106.0622 1
147.2077 245.4724 1
143.1885 178.7109 1
116.0597 57.7829 1
146.0834 114.1151 1
142.9140 202.0354 1
176.7429 17.9057 1
146.4192 145.8143 1
158.0704 103.2577 1
107.7320 82.1491 1
143.1351 8.0296 1
130.7596 103.8044 1
122.1051 244.6548 1
144.2578 209.4523 1
164.1038 238.1037 1
139.2195 211.6571 1
138.3312 10.9191 1
176.0722 11.8784 1
