226.1581 34.6085 0
237.8694 176.5619 0
231.8845 105.7068 0
230.7832 218.2913 0
223.4116 192.2226 0
217.0211 39.3330 0
239.2863 50.1431 0
214.7113 198.3765 0
237.1345 204.2943 0
222.1474 206.2149 0
219.8283 131.1732 0
242.6227 234.9464 0
200.2145 118.8567 0
244.3387 93.8768 0
197.8980 63.9304 0
249.8116 149.2326 0
191.5389 123.5860 0
200.5484 146.8902 0
245.3446 116.1551 0
200.8885 126.3440 0
242.0574 59.0610 0
218.6618 95.2360 0
226.4291 63.1611 0
228.9221 110.3722 0
234.5508 89.8539 0
228.9192 132.5249 0
210.4933 207.2296 0
238.9357 114.6920 0
208.3120 193.9581 0
228.4089 96.1068 0
245.6322 55.5868 0
247.7445 226.0352 0
238.6759 243.4360 0
224.5956 75.3243 0
229.3928 232.1821 0
199.6306 140.6555 0
206.5126 61.7364 0
234.8930 141.4025 0
226.2882 21.6536 0
201.3398 202.1994 0
210.6052 220.4284 0
196.4746 84.5208 0
247.2775 18.5729 0
177.4476 118.4094 0
225.2846 124.4085 0
244.5836 142.1039 0
245.0360 37.2794 0
241.7557 169.2023 0
247.9622 130.7643 0
226.6107 140.4007 0
226.5779 79.9742 0
231.7767 16.4917 0
201.8905 101.7060 0
190.7161 110.1608 0
236.5750 151.1443 0
226.2295 228.1012 0
213.4086 51.6268 0
180.1406 113.7768 0
247.3607 186.8700 0
219.7002 218.0663 0
217.5682 106.9138 0
224.2694 197.4187 0
210.4610 115.4724 0
244.6219 246.9019 0
212.9563 109.5849 0
231.3107 71.6973 0
214.0399 104.2410 0
209.4555 74.2251 0
185.2217 112.9708 0
226.5887 213.1559 0
191.8128 143.0193 0
243.9030 198.2050 0
184.4511 134.1951 0
185.2982 94.5193 0
218.6985 164.9981 0
248.7792 174.9781 0
193.3817 13.9592 0
248.6198 107.5061 0
222.3080 115.2028 0
192.9978 104.5102 0
242.0947 136.8425 0
224.4618 176.3988 0
221.8025 50.6353 0
240.6622 13.3785 0
233.7973 1.8084 0
242.4733 150.1695 0
209.2149 249.7317 0
244.1718 216.2347 0
207.9321 123.5408 0
247.2058 79.1171 0
248.9801 196.8565 0
232.8874 177.7068 0
239.8663 107.7799 0
236.1324 198.3067 0
249.4818 247.4034 0
219.9899 59.6352 0
230.3388 170.6729 0
203.0301 25.5037 0
225.5641 240.8783 0
217.1407 17.0427 0
218.3603 67.2438 0
214.6457 190.6767 0
236.6100 238.5195 0
219.3269 240.7394 0
202.2037 34.8913 0
225.7606 98.9927 0
233.2226 32.7796 0
242.5563 28.9453 0
205.4721 88.5707 0
238.3916 127.5106 0
212.6911 80.5488 0
202.5313 16.1579 0
197.4619 109.6023 0
205.6245 104.1661 0
223.8987 162.5883 0
214.8881 140.7040 0
215.2480 31.1035 0
247.9742 97.6748 0
238.4485 76.6347 0
246.1466 5.8404 0
236.9360 168.9829 0
202.5163 135.5284 0
222.6415 86.6715 0
206.1660 180.8386 0
210.2321 95.8370 0
219.0636 170.0880 0
246.3216 70.2916 0
184.8123 145.7672 0
240.9602 159.7959 0
234.3616 41.5391 0
231.3994 151.4473 0
202.9532 81.7250 0
218.4912 153.7981 0
226.2984 43.1755 0
236.0437 231.1500 0
207.0165 151.6645 0
227.7714 189.5679 0
215.6603 0.8951 0
227.4703 184.1026 0
236.4601 81.9730 0
205.5597 198.6734 0
229.1654 244.4568 0
248.0391 156.8814 0
179.3616 152.7247 0
218.3549 186.1793 0
194.7462 90.4148 0
225.2885 1.3891 0
183.1565 109.6064 0
213.6565 93.1774 0
211.3307 16.2182 0
232.2244 158.1129 0
232.2432 5.7775 0
241.7198 4.9753 0
195.6105 182.2734 0
242.5923 103.2826 0
234.2300 185.6218 0
231.9311 145.6415 0
236.1254 213.2077 0
208.1345 6.5679 0
199.5936 191.8118 0
238.6734 89.4289 0
231.7121 210.9312 0
237.7812 133.2189 0
209.1653 142.6048 0
213.4056 56.2298 0
227.0281 54.5295 0
193.8033 73.1028 0
247.1411 233.3680 0
218.8199 222.8231 0
236.6854 62.3839 0
233.7898 122.1537 0
225.5347 26.1353 0
233.2920 28.2534 0
216.7763 214.3237 0
207.4953 131.8855 0
188.3620 156.9685 0
216.8424 25.7815 0
228.1061 114.9915 0
224.4466 38.6247 0
211.5470 85.4986 0
226.4535 14.7144 0
230.6490 51.3358 0
243.7102 23.8113 0
236.5789 94.1754 0
213.0117 227.0574 0
228.6744 200.2435 0
239.3607 222.6432 0
206.1491 171.5558 0
238.5325 21.0950 0
214.9767 61.0884 0
199.3721 187.2019 0
214.4772 129.7971 0
244.9451 209.7932 0
190.3787 101.2165 0
190.9385 83.3351 0
217.4169 87.3611 0
215.3392 149.3878 0
222.3077 138.1532 0
213.8547 162.4261 0
247.3533 47.6048 0
207.3805 42.0284 0
217.6885 235.1548 0
238.0869 189.4829 0
219.9899 12.8425 0
210.4142 33.3037 0
218.8806 118.4981 0
244.6808 172.8863 0
193.2127 134.2001 0
222.9277 147.7083 0
140.7818 220.4532 1
204.3436 216.4853 1
121.3543 69.2010 1
109.9630 141.8223 1
102.5321 239.2959 1
104.4315 20.0137 1
126.0448 159.8445 1
115.7403 95.7211 1
146.5630 175.6730 1
177.8633 52.3986 1
158.2092 193.3163 1
131.5807 0.6660 1
102.1139 57.1656 1
152.6176 78.1629 1
143.1738 67.2207 1
121.4123 7.6098 1
164.2003 104.2897 1
140.5277 226.7290 1
134.0627 186.8645 1
148.4929 110.5922 1
135.5023 195.8439 1
118.7774 136.8071 1
132.9568 87.9831 1
138.7858 83.0357 1
179.5101 17.9885 1
116.5907 177.0819 1
125.6898 135.0125 1
122.5517 123.0770 1
146.8025 208.3700 1
119.4423 158.8369 1
172.6151 187.0716 1
169.4317 179.4095 1
162.8923 218.4297 1
120.2533 172.8101 1
130.7492 225.4151 1
125.9865 169.0565 1
139.6299 24.2879 1
205.9897 47.5526 1
166.8510 76.9986 1
136.0568 213.8940 1
136.8695 155.3857 1
109.7180 20.2358 1
108.6962 176.6749 1
147.3360 117.2350 1
114.6381 41.1382 1
125.7842 240.5361 1
163.5432 192.3408 1
114.0623 33.6783 1
101.4837 96.0851 1
174.5617 170.8471 1
152.4869 65.0844 1
116.3329 224.2917 1
176.5979 84.3836 1
129.6479 26.4998 1
126.2570 108.5890 1
135.9490 33.1215 1
122.1600 78.7795 1
101.0518 143.1662 1
100.8184 68.6893 1
144.2870 145.3686 1
160.0253 121.5090 1
140.2944 143.8002 1
158.6814 0.9355 1
126.3087 197.7537 1
143.9267 43.7498 1
100.4001 247.1475 1
125.8747 211.1455 1
108.9662 184.9689 1
200.9456 211.1635 1
108.4620 165.6103 1
150.6750 215.7147 1
151.5484 224.3258 1
157.8828 162.7963 1
182.4426 59.2008 1
135.8896 129.6980 1
119.0842 54.1713 1
157.2776 171.1769 1
160.2859 94.5599 1
149.3422 51.2227 1
131.4445 222.7194 1
158.0783 23.0035 1
168.8074 144.3506 1
157.3718 231.3902 1
126.2214 81.6532 1
105.4522 217.2531 1
178.7737 204.3345 1
102.6885 147.6615 1
178.4547 166.3005 1
125.9517 15.7424 1
183.6273 229.4163 1
110.3861 200.6882 1
201.9731 160.2586 1
139.2734 175.0019 1
176.2149 7.5654 1
201.3833 9.4685 1
102.3734 45.2842 1
146.9904 40.0874 1
165.2454 130.5956 1
195.7234 222.0775 1
207.4935 232.9195 1
171.8698 95.1963 1
142.0122 125.6172 1
158.7240 5.8752 1
164.3248 38.2683 1
163.7637 83.8055 1
179.6803 71.7741 1
158.2760 43.3086 1
166.3294 228.5185 1
144.9708 160.2917 1
142.4424 134.5280 1
175.0796 69.6816 1
126.5754 47.7997 1
154.1840 103.8908 1
144.7132 26.3553 1
168.6353 235.5698 1
108.0984 35.8146 1
116.3522 0.1388 1
156.6176 52.3560 1
147.6126 122.4099 1
166.6549 154.8585 1
153.7853 34.9011 1
111.6940 86.9183 1
108.1436 77.6976 1
190.4901 232.7036 1
175.9095 110.6599 1
132.1177 163.8707 1
126.1441 35.1383 1
109.1437 244.8200 1
128.5815 67.1376 1
133.0699 179.3475 1
108.7680 92.0445 1
142.5739 241.5823 1
156.6602 112.6830 1
167.2316 216.1919 1
101.5105 67.3351 1
172.4567 147.8348 1
146.0926 191.4761 1
130.2227 246.5263 1
181.6938 46.4314 1
106.6680 30.4207 1
119.4772 183.8170 1
166.9429 50.9022 1
198.8812 173.3093 1
151.3772 176.9958 1
143.7965 13.6754 1
132.8921 20.9758 1
191.2775 20.9107 1
183.3210 89.2110 1
170.1596 33.9201 1
191.9388 213.1914 1
192.4015 53.5527 1
174.5193 195.9303 1
103.7629 175.3687 1
185.8667 238.4726 1
166.2493 206.4507 1
112.6997 75.3353 1
117.0015 209.7068 1
155.3752 246.3580 1
123.3658 246.4926 1
110.2813 133.1889 1
175.5656 24.1648 1
119.4519 214.0840 1
103.9943 189.7115 1
163.9336 138.6290 1
109.8356 118.4991 1
179.2957 194.4541 1
154.2518 208.6336 1
179.3462 187.5819 1
164.2615 240.7517 1
101.7707 197.7495 1
146.9797 88.8275 1
113.1711 65.7676 1
176.3445 61.9915 1
134.4907 149.4486 1
167.7917 185.3773 1
106.2986 249.4117 1
123.3914 44.2419 1
191.1024 208.0514 1
113.5394 189.3067 1
192.5825 229.9323 1
161.2429 72.8586 1
140.0724 115.8301 1
118.1689 87.3109 1
198.1595 24.0248 1
190.9156 195.1472 1
123.4333 54.6557 1
171.0501 203.0273 1
170.8309 225.4702 1
103.8195 135.0006 1
142.8218 159.2388 1
114.6282 119.0413 1
102.8320 115.7654 1
175.5495 140.4591 1
173.4536 158.1779 1
189.8752 175.3951 1
141.0911 207.8384 1
146.3994 232.0033 1
168.0861 24.2242 1
131.7832 107.4780 1
152.4103 187.0893 1
189.6042 29.2825 1
171.1009 17.9914 1
115.5988 194.8229 1
158.5905 67.4900 1
106.6393 55.9441 1
184.0565 1.8904 1
176.6748 238.2021 1
183.5557 244.7871 1
177.9322 179.0269 1
149.4171 146.1156 1
172.8024 244.8802 1
107.9095 148.7738 1
141.5077 202.5456 1
174.7917 210.7308 1
135.6625 117.8327 1
141.1185 33.6385 1
189.8842 183.1223 1
151.1303 95.9254 1
152.5179 133.0043 1
114.1767 112.7493 1
129.6805 144.2371 1
170.0105 72.2734 1
165.7544 164.0530 1
111.9375 156.3670 1
149.7241 96.1706 1
188.1421 75.6149 1
209.1975 241.8141 1
157.4678 179.3508 1
180.4273 31.2738 1
150.7841 8.4119 1
188.5952 164.3224 1
158.4729 199.8936 1
119.0469 234.2962 1
183.4816 38.2385 1
140.6060 102.1669 1
141.1618 4.0560 1
154.8327 218.2508 1
146.3401 102.2675 1
181.1496 102.5511 1
215.5415 177.6596 1
105.6960 207.5357 1
106.9524 6.7604 1
112.3908 7.6933 1
120.8901 228.1314 1
168.2785 108.0038 1
194.3289 248.1472 1
168.6110 121.7611 1
159.9641 11.0793 1
142.9294 55.8839 1
202.3824 2.0460 1
141.9067 76.8708 1
158.7804 57.4761 1
111.5000 104.4010 1
149.3312 32.2968 1
102.3952 130.0081 1
136.8263 194.3835 1
173.3149 38.7807 1
199.9395 241.1650 1
193.7399 45.0163 1
119.4373 15.4662 1
182.5342 164.0981 1
105.6984 100.1358 1
147.8522 201.0513 1
183.5622 124.1136 1
122.6895 113.8707 1
136.5349 48.4346 1
111.9552 169.4090 1
183.6452 11.6964 1
155.2896 83.9611 1
167.7720 246.1624 1
205.4649 52.3824 1
119.0601 152.0494 1
123.8271 205.6725 1
186.9304 47.6585 1
163.5979 27.7502 1
150.1127 241.9481 1
113.4831 236.8926 1
149.7551 26.3136 1
178.5049 219.4919 1
