235.8390 59.1627 0
249.2518 105.2050 0
206.9278 2.0429 0
213.7587 70.5505 0
238.2031 43.7971 0
200.5290 134.1616 0
185.9367 229.7787 0
181.6257 14.4631 0
210.9451 121.5051 0
208.6869 20.8854 0
185.5758 67.6385 0
236.8957 217.0744 0
203.0202 86.8715 0
204.7980 106.7907 0
198.7046 189.8474 0
244.6318 115.6118 0
248.9233 160.1812 0
206.6853 224.6143 0
222.9883 22.1878 0
228.8425 130.4072 0
214.0849 52.3152 0
229.0474 151.2374 0
227.3730 2.9934 0
172.3901 200.4291 0
200.4486 235.1643 0
209.9167 184.4358 0
232.0539 4.0970 0
242.3041 198.0534 0
243.2055 38.2812 0
239.4301 201.9325 0
182.3381 102.9002 0
193.1058 54.5088 0
249.5383 24.8961 0
218.1635 24.6104 0
193.3138 145.0588 0
176.7652 190.9217 0
200.3833 59.9294 0
107.8641 18.4817 0
224.9464 154.5417 0
236.6213 104.6718 0
212.6246 8.0113 0
192.1533 59.8336 0
228.7413 113.3355 0
237.8450 232.9115 0
246.3403 188.1994 0
228.2325 95.3732 0
246.6165 70.8206 0
223.8111 93.4743 0
180.5291 211.9901 0
222.4985 43.0092 0
191.7289 22.1677 0
197.5823 243.0337 0
181.7235 190.4947 0
205.0336 206.9787 0
206.4282 77.9983 0
205.5264 175.4304 0
224.2556 172.5361 0
219.2267 215.7306 0
237.6554 80.0129 0
184.0582 73.6213 0
226.6327 87.0257 0
229.8481 42.6472 0
235.9687 144.3912 0
237.1563 34.0152 0
231.0020 180.1553 0
177.8759 44.1279 0
207.7900 196.3246 0
221.2907 69.7587 0
189.1443 2.0003 0
246.5018 54.4510 0
229.6354 187.1909 0
223.2958 245.6666 0
220.7875 224.4672 0
217.0559 182.5685 0
226.6890 73.4925 0
239.2827 28.0418 0
225.0871 13.2195 0
208.7408 143.8250 0
202.1004 212.7851 0
181.2278 220.9752 0
216.7118 192.2711 0
245.3011 124.0558 0
242.0717 60.9987 0
208.6784 238.0045 0
208.3519 100.6067 0
194.3295 102.5933 0
238.8291 209.4825 0
249.6378 114.3661 0
238.1516 189.6071 0
217.9778 6.8655 0
205.1438 130.3055 0
208.9568 71.9154 0
236.1209 54.0661 0
193.5955 216.7382 0
210.6172 207.3067 0
223.9810 140.8843 0
192.6326 242.5228 0
205.6021 37.1003 0
217.0198 236.6255 0
247.1063 13.7942 0
196.9525 149.7875 0
206.2195 154.6771 0
248.5236 60.9799 0
219.4164 202.8390 0
174.7530 18.8081 0
229.6449 77.8659 0
240.7692 134.7537 0
221.6163 84.5265 0
180.9110 82.5468 0
216.7370 156.1616 0
233.3835 48.1946 0
183.5883 47.6233 0
243.8783 3.3414 0
170.6354 49.3627 0
206.5616 83.5292 0
199.6292 43.3594 0
245.8874 85.9603 0
203.7601 13.5554 0
188.1483 214.3695 0
203.9540 163.0184 0
198.3061 94.5917 0
229.5306 16.2181 0
201.9937 120.0799 0
206.3135 165.8248 0
182.6296 34.3917 0
216.2943 144.8227 0
191.7162 137.6656 0
219.9728 229.3385 0
216.2101 57.1395 0
213.8500 150.0793 0
199.1350 143.3568 0
200.3291 68.9793 0
196.8396 223.4782 0
176.9013 62.9869 0
244.1573 222.9134 0
234.7813 157.3656 0
249.6164 179.9053 0
194.8077 129.1174 0
225.6173 177.3843 0
203.9671 182.5474 0
195.7848 87.2162 0
230.6128 25.6999 0
185.3152 149.0780 0
246.3402 44.3651 0
242.4535 154.7475 0
198.8241 35.5217 0
190.7028 40.3431 0
229.0639 64.9610 0
224.3206 62.0287 0
188.3084 179.8781 0
167.9674 193.9387 0
224.3759 195.4472 0
221.1774 103.3633 0
225.2542 46.2783 0
210.3148 38.8929 0
220.3950 17.9248 0
227.5136 119.7822 0
240.6293 119.4452 0
227.6573 236.4294 0
218.6886 133.9494 0
191.1561 212.0726 0
206.3398 96.1781 0
189.3450 47.2470 0
207.2276 115.6711 0
245.9153 215.4565 0
242.1760 67.0270 0
232.8184 195.8853 0
197.1257 79.8174 0
188.9390 135.7348 0
224.0815 149.2230 0
194.3753 119.4389 0
245.6192 247.9132 0
193.1696 166.5447 0
231.2705 204.0619 0
235.2264 227.7068 0
200.3797 21.5551 0
241.7866 241.0744 0
197.5669 7.6779 0
203.2816 49.6860 0
239.3709 129.3907 0
198.4917 1.2408 0
215.4659 212.0052 0
240.6371 99.5880 0
184.2808 59.4451 0
204.8074 64.6231 0
236.6902 245.5933 0
249.0476 243.2744 0
234.0895 209.1134 0
215.9285 15.2685 0
214.2271 46.0258 0
226.2317 104.3692 0
177.8769 207.4102 0
221.0008 162.3438 0
196.2476 157.4341 0
190.8033 197.5693 0
203.9147 201.4126 0
217.0951 31.5312 0
212.0454 227.9412 0
240.6397 172.4406 0
211.9399 89.1701 0
207.5093 26.2697 0
196.7598 110.0126 0
220.7282 113.4440 0
241.8646 163.1333 0
188.4678 80.4314 0
213.1831 244.4738 0
201.5472 25.3927 0
237.9319 95.8968 0
234.7225 171.6067 0
187.5282 234.5849 0
180.9188 240.3445 0
189.2334 246.5903 0
244.4638 138.2275 0
212.2388 221.9604 0
243.8596 228.9900 0
214.2854 171.3975 0
220.3735 128.5794 0
180.7412 181.7935 0
234.3057 88.6209 0
191.0533 157.4351 0
173.2370 53.8006 0
185.3293 20.2840 0
180.1284 229.3401 0
216.3517 36.6042 0
227.1753 222.9294 0
227.4310 99.9306 0
239.3375 5.3852 0
226.0623 210.8232 0
222.1045 50.2735 0
187.7786 94.3889 0
228.3531 55.6590 0
240.8356 145.9902 0
225.6370 34.1301 0
224.3177 186.5477 0
247.1338 206.1904 0
196.9420 200.9438 0
227.1739 159.4437 0
232.4559 127.4467 0
248.5029 19.7165 0
187.0638 113.8598 0
209.7615 136.9460 0
239.8591 109.3832 0
198.4016 170.7150 0
234.6261 71.0599 0
209.8918 54.6962 0
229.4511 228.0128 0
179.6188 198.9235 0
190.5012 31.3712 0
189.0495 11.3796 0
195.0123 68.3693 0
237.7679 155.2333 0
196.8256 75.2727 0
212.0235 16.6386 0
240.2391 183.0388 0
199.6184 29.9188 0
183.2904 206.8988 0
223.8588 77.2651 0
214.2743 65.0569 0
233.0041 140.7714 0
217.0381 207.6551 0
215.9413 164.2654 0
211.4752 108.4613 0
221.5640 121.6128 0
172.2081 191.9467 0
193.8519 226.0542 0
191.1300 189.2225 0
237.2138 238.8933 0
234.5968 15.8830 0
183.4705 54.2721 0
232.4722 166.7050 0
135.5946 40.4495 1
132.8267 12.2681 1
176.0174 35.0653 1
170.8628 124.6897 1
112.3757 204.7113 1
136.1170 198.4344 1
123.0976 93.1154 1
140.6192 33.0766 1
123.4977 205.8690 1
115.2080 23.5388 1
103.1437 182.2658 1
106.9689 8.6512 1
111.8759 110.1311 1
147.6747 114.9293 1
138.2061 184.2753 1
125.9550 209.4888 1
147.2781 173.0550 1
112.0061 98.6226 1
125.2980 235.5140 1
129.5691 133.1027 1
146.3438 55.7346 1
105.6272 31.5622 1
170.8562 238.5960 1
176.6088 131.0776 1
120.5633 158.0859 1
107.5738 170.5400 1
164.2030 164.3643 1
107.1844 177.6883 1
154.2211 44.9594 1
176.8284 85.6919 1
165.1374 232.3804 1
109.4689 45.5537 1
147.4807 39.6770 1
156.8905 90.3555 1
130.8726 147.5117 1
154.7116 208.7081 1
100.2834 191.5805 1
174.5204 90.1636 1
121.1034 63.1753 1
114.1862 132.0414 1
163.0493 145.0922 1
110.6865 101.5307 1
121.3182 189.0726 1
158.5000 183.1259 1
146.5057 125.7971 1
139.2826 120.9725 1
134.5201 149.0104 1
110.0485 28.9872 1
114.6758 212.9947 1
136.5913 153.2699 1
124.4624 11.2404 1
125.7252 71.7044 1
158.9834 101.0691 1
176.1447 3.7706 1
149.1117 221.1167 1
129.2996 189.2534 1
151.6077 69.8029 1
131.6304 192.0884 1
130.5097 234.9796 1
110.5556 216.3488 1
106.8727 75.8631 1
175.8483 98.7825 1
167.5465 57.1059 1
101.2012 212.1245 1
105.4916 109.4671 1
175.3658 39.5734 1
145.8398 211.6194 1
137.3465 223.8869 1
103.5632 117.2521 1
120.8378 111.8167 1
108.1416 249.6964 1
131.4105 73.2229 1
104.5662 62.0950 1
177.3092 168.3171 1
171.2676 219.3180 1
179.1894 177.0971 1
149.0659 104.0469 1
138.9451 207.8796 1
109.2110 79.4643 1
129.2063 107.4993 1
159.2425 173.4512 1
100.1368 19.3515 1
153.7821 236.9507 1
135.8812 240.9047 1
126.9035 221.7628 1
149.3117 82.6422 1
101.6573 105.8018 1
148.1287 93.5436 1
127.0192 3.3463 1
115.3935 169.6250 1
101.1951 125.2494 1
110.5992 154.2299 1
152.1377 120.8915 1
100.5181 148.3818 1
102.3684 235.8757 1
156.5970 247.4174 1
134.5044 20.9466 1
139.6906 12.7753 1
167.5135 213.4842 1
170.9523 152.5710 1
160.9753 186.5592 1
130.4194 46.5900 1
143.8650 132.7844 1
165.5605 9.1659 1
125.9022 21.1988 1
142.8072 175.6568 1
151.2879 61.9721 1
131.2494 93.6346 1
180.2164 144.3197 1
145.2109 154.6523 1
118.4729 81.2241 1
169.5724 204.0657 1
135.6390 161.2749 1
164.6667 126.0437 1
161.3076 155.4647 1
184.9651 126.5342 1
150.0811 190.6668 1
110.2724 55.1451 1
128.4830 181.8306 1
169.4360 177.3393 1
101.4666 158.9817 1
144.1947 167.0686 1
158.6707 3.0450 1
158.0083 10.0962 1
181.1760 117.6730 1
104.5700 91.7042 1
100.7978 4.8388 1
180.0053 25.9892 1
130.8544 58.4389 1
137.1986 79.2671 1
121.6704 136.2985 1
104.2786 243.6699 1
143.5732 229.1707 1
114.1636 65.7076 1
149.2106 237.1083 1
169.5400 111.3035 1
163.5424 93.9660 1
122.1201 196.8463 1
162.7058 26.4680 1
160.8384 69.3214 1
101.3386 70.9318 1
151.4196 142.0020 1
168.4016 96.4462 1
118.6874 151.4144 1
103.1692 57.5222 1
154.1399 28.4521 1
118.3171 42.3591 1
133.9047 112.7619 1
125.9002 186.0124 1
122.6443 143.3170 1
176.0647 115.9678 1
137.9309 26.6801 1
168.7853 26.5691 1
139.9387 1.8758 1
153.8791 132.7763 1
125.1795 226.7577 1
120.5147 227.3698 1
127.6678 177.1297 1
168.4590 72.0789 1
107.4363 192.7759 1
155.4967 66.8673 1
145.2993 110.5954 1
114.5270 232.7678 1
122.1508 29.7810 1
163.0237 17.4876 1
172.3435 169.7202 1
108.7527 142.5829 1
155.6679 169.4021 1
158.8715 147.6270 1
110.3164 87.8382 1
125.4275 60.8368 1
137.7784 190.9130 1
148.9369 87.1094 1
150.0767 3.4879 1
147.0632 225.3574 1
128.6569 121.9670 1
100.4471 87.9736 1
187.3392 173.6839 1
147.8420 199.4295 1
135.1056 139.8322 1
108.7229 133.6729 1
111.1466 12.2242 1
105.2282 216.1437 1
114.7457 241.8398 1
101.4285 222.7700 1
129.5165 99.6357 1
101.3974 139.5645 1
135.9235 95.3685 1
116.5100 197.2038 1
100.8325 9.6378 1
116.9352 184.8566 1
158.8196 193.9318 1
172.5070 209.3915 1
148.8836 217.0450 1
166.4813 34.8598 1
157.7025 201.8866 1
173.0960 247.2793 1
113.5069 141.9919 1
148.1393 71.9308 1
134.2287 216.0890 1
167.5907 39.6590 1
158.0865 35.4130 1
104.0697 17.1220 1
178.0116 140.9598 1
166.7305 135.8689 1
144.3157 100.1975 1
167.0607 86.8304 1
171.3728 14.9840 1
101.3634 38.5225 1
163.0001 112.7394 1
157.0219 218.8384 1
160.2928 108.7602 1
133.3463 50.4318 1
143.6939 60.3921 1
154.2731 100.7869 1
130.5698 87.5206 1
103.8765 46.0190 1
113.4581 158.5524 1
112.2999 115.5408 1
164.9901 221.9026 1
146.8553 246.7299 1
170.4770 233.8655 1
162.2949 48.0193 1
162.9777 240.6145 1
162.1318 138.5805 1
140.3302 66.6676 1
152.9703 153.3297 1
130.1620 30.6280 1
184.4665 161.9217 1
160.4666 64.2019 1
124.6428 51.2100 1
124.6880 38.1237 1
116.9993 86.1767 1
113.0072 3.1664 1
145.4105 187.0418 1
121.8848 242.6304 1
116.9458 20.2262 1
151.0329 226.9964 1
105.0926 204.5969 1
