226.7758 63.1865 0
190.8631 237.8662 0
247.1497 108.2538 0
251.3763 30.5956 0
211.0109 55.4347 0
221.0834 187.4614 0
200.2417 2.1223 0
206.8797 187.2469 0
248.4837 75.6536 0
246.5704 128.3352 0
214.6825 28.5536 0
228.8769 79.4033 0
250.8474 212.8703 0
221.1172 39.9902 0
236.8459 76.7065 0
232.2450 191.1450 0
210.8413 139.0963 0
176.4332 227.8580 0
215.4626 15.2655 0
208.7131 111.2113 0
214.4925 60.5452 0
185.9153 128.5388 0
164.7765 220.9258 0
234.6372 147.5791 0
216.8678 151.4733 0
222.2892 127.7414 0
230.8172 4.7102 0
226.3538 206.2339 0
206.1868 98.0553 0
212.7495 44.8459 0
206.0943 227.6306 0
202.3790 105.3561 0
232.9369 129.0235 0
205.3407 192.2109 0
227.4710 22.7514 0
151.3008 199.8235 0
195.0539 147.3478 0
242.1504 76.0375 0
233.4193 58.9651 0
193.0152 215.9248 0
189.0455 2.2206 0
196.6754 126.7615 0
214.5205 5.3281 0
245.8630 194.6742 0
186.4017 117.0163 0
241.7867 154.6784 0
198.3326 84.7830 0
216.7690 212.5054 0
195.7012 33.4928 0
221.4203 200.4226 0
175.1821 243.7659 0
211.1070 228.8286 0
178.4563 234.0439 0
222.5641 89.6190 0
241.5963 159.1167 0
230.4149 166.7984 0
224.1963 103.1099 0
251.1449 23.9678 0
223.0740 248.4245 0
207.7125 80.8021 0
218.9471 31.4090 0
198.8088 150.6646 0
249.7793 242.9468 0
209.2270 147.1644 0
183.5084 10.0324 0
238.2529 204.7971 0
174.4872 103.5985 0
183.3879 142.4262 0
172.1504 203.5904 0
214.2114 80.6280 0
199.6741 245.3776 0
192.3453 39.9565 0
246.1004 221.1144 0
220.6006 100.1182 0
242.3564 212.8347 0
163.2939 204.7616 0
201.3319 136.7921 0
210.7399 125.2218 0
239.7576 3.3088 0
220.6902 122.4304 0
234.3222 95.7468 0
170.9958 221.3594 0
195.5513 93.9320 0
222.2221 214.7959 0
248.9317 177.7666 0
206.9260 213.7486 0
194.1298 108.4746 0
195.8279 223.1140 0
224.4234 111.7490 0
241.3443 200.8549 0
221.2008 165.2216 0
219.1911 207.9544 0
230.2562 9.4609 0
204.7633 159.1977 0
186.4520 84.7847 0
194.5207 159.8010 0
172.7303 60.4821 0
249.0139 1.0845 0
247.8186 98.8112 0
206.0255 143.8852 0
244.9460 38.1798 0
203.5795 233.4513 0
181.2849 116.5800 0
234.7050 65.0525 0
208.9776 4.6872 0
182.6015 247.3381 0
173.4727 12.7183 0
245.2225 30.6779 0
178.8662 219.1934 0
241.8811 43.2593 0
242.7775 147.9345 0
242.3021 59.8510 0
226.4501 5.8385 0
242.0704 246.1244 0
216.5262 73.4591 0
233.5704 159.7598 0
215.9854 85.1795 0
236.8825 240.5608 0
187.7222 43.9795 0
193.5466 81.6789 0
181.2945 239.6598 0
199.5890 66.8727 0
219.4133 26.0555 0
197.7310 208.4469 0
235.9611 27.6405 0
203.1711 112.2704 0
218.4172 171.7106 0
216.7708 198.5884 0
166.5228 209.7028 0
191.4372 160.4393 0
182.6636 69.9482 0
202.4609 120.1404 0
239.6906 170.2888 0
237.2899 221.9354 0
203.8754 40.6092 0
224.4671 136.3583 0
251.3488 237.5708 0
231.2385 244.3827 0
191.5836 128.5553 0
248.8711 141.6658 0
251.2798 10.1170 0
195.2191 118.2551 0
202.4462 46.0809 0
206.8724 50.3760 0
224.2187 93.6073 0
200.5529 179.5400 0
190.2471 205.1443 0
209.8156 204.0666 0
220.1412 51.0510 0
218.4500 2.0912 0
218.7798 63.1860 0
235.2913 70.1457 0
213.6404 130.7538 0
247.8407 55.0499 0
233.2295 40.7712 0
241.7741 237.4786 0
179.9982 110.9304 0
194.4098 196.1873 0
226.9294 49.3532 0
193.9137 101.0030 0
181.9269 59.0199 0
237.3852 232.5842 0
231.0361 108.3095 0
240.6124 39.1426 0
191.1566 68.3029 0
176.2688 119.4381 0
187.1617 101.2963 0
229.6774 156.0929 0
238.1344 84.1593 0
246.3287 207.4021 0
195.9826 170.6268 0
233.1307 209.0263 0
245.0508 225.7265 0
179.0589 209.4422 0
229.0165 144.0488 0
221.9257 238.8970 0
209.4015 65.9296 0
207.7574 38.2945 0
226.2879 197.5591 0
186.7422 30.3783 0
210.0797 102.5856 0
223.5400 222.9529 0
239.5167 182.6432 0
218.0846 245.7746 0
205.0616 29.6340 0
216.9961 184.1883 0
190.4513 137.3665 0
209.7186 168.6259 0
214.9445 194.2796 0
245.4716 63.5233 0
250.3506 196.1101 0
210.3595 24.2256 0
246.4737 114.8424 0
202.6630 196.6682 0
237.3244 174.4937 0
229.2470 121.6537 0
194.7571 76.5887 0
230.1540 239.5490 0
201.6527 57.4834 0
244.3676 51.1111 0
221.8503 152.0253 0
200.3898 32.0635 0
236.4515 196.2514 0
246.6526 68.5630 0
193.4119 5.3949 0
240.8283 126.9040 0
229.0690 172.4377 0
191.8036 247.8127 0
175.6528 199.0438 0
186.5181 241.2311 0
237.6968 116.7295 0
230.0295 177.5157 0
235.9948 13.6856 0
219.9505 179.0223 0
225.0075 75.5830 0
175.7445 217.0549 0
231.0571 86.3663 0
183.5741 107.8839 0
175.1088 8.9257 0
203.8845 214.7823 0
161.4056 210.9178 0
187.0121 53.3582 0
235.6271 110.8768 0
215.3762 117.5412 0
172.1123 251.2640 0
221.9701 15.4266 0
180.8095 134.5444 0
218.5788 139.2233 0
230.0791 42.3966 0
182.5413 153.6575 0
232.6793 32.6683 0
234.8493 217.3979 0
244.7593 189.2600 0
192.7000 60.2636 0
191.9561 115.0245 0
243.6998 10.2522 0
221.0011 75.4136 0
204.5184 130.4670 0
173.5686 129.5417 0
227.4756 33.0144 0
201.8350 225.0380 0
233.3644 18.6241 0
187.8567 200.8765 0
239.3946 96.2574 0
228.3961 181.7476 0
227.9957 116.6803 0
239.3459 107.4135 0
166.6269 232.1742 0
251.0514 150.7137 0
188.4782 245.7074 0
177.8248 38.5590 0
214.0633 187.7797 0
194.3155 234.4287 0
202.0771 206.2654 0
231.5583 137.2719 0
202.1235 91.5200 0
208.5987 250.7935 0
175.7766 149.5127 0
247.6251 185.2454 0
237.0685 48.4360 0
242.3193 21.3516 0
216.2068 227.3406 0
195.5095 154.3969 0
213.2334 95.7963 0
216.5022 109.2859 0
183.1029 226.4751 0
187.9807 213.2203 0
213.3786 219.4752 0
221.4097 229.8183 0
197.4111 9.3720 0
194.5679 47.9164 0
247.2537 167.3333 0
212.1668 73.0094 0
214.9526 159.7796 0
239.0372 135.5463 0
246.3431 84.5368 0
157.6405 217.0781 1
119.3112 7.8720 1
178.4813 89.5513 1
109.2373 111.2449 1
156.8919 25.0924 1
123.4090 155.8810 1
156.5585 134.0931 1
161.4887 26.4569 1
154.6124 196.7372 1
116.1287 229.2641 1
178.3848 142.1210 1
152.7362 94.8440 1
138.2171 3.5889 1
122.1416 11.7384 1
150.0950 6.6152 1
150.9249 212.8362 1
112.6527 136.0152 1
145.3980 143.2086 1
174.4777 21.2002 1
100.0928 83.4879 1
109.6052 226.4713 1
140.6733 127.2073 1
138.5570 137.7102 1
138.4385 170.4201 1
154.3696 245.0134 1
165.7154 138.6400 1
143.6742 219.0507 1
179.0835 28.3277 1
130.7984 207.3943 1
125.1137 43.3308 1
129.9629 240.9240 1
145.8311 153.4804 1
160.2398 163.1794 1
162.9005 63.3064 1
178.9744 190.8029 1
180.9782 78.7475 1
112.9799 32.4323 1
140.8779 59.4418 1
159.6606 226.6685 1
147.3978 197.7697 1
171.5291 22.9400 1
138.1304 19.5538 1
133.5216 225.1644 1
132.6796 170.6393 1
159.9048 2.5190 1
143.4669 85.5013 1
163.2393 166.1825 1
112.3058 204.1985 1
150.8471 148.8270 1
118.6732 65.9175 1
123.6346 117.4395 1
144.2309 206.7286 1
120.6341 176.7717 1
146.4714 121.1417 1
133.9537 194.5280 1
130.9177 248.9951 1
174.7111 172.8754 1
117.8298 74.7737 1
106.0667 69.1482 1
179.1853 96.2871 1
105.7253 27.6298 1
135.7534 27.0127 1
143.2687 157.8123 1
119.7055 219.6245 1
129.7034 74.9871 1
134.3042 134.6625 1
105.6784 90.4333 1
145.7569 17.2408 1
102.9809 167.4348 1
168.3794 177.4776 1
150.9683 20.8094 1
123.4431 222.7389 1
167.3524 143.5101 1
150.6772 46.3516 1
116.2029 110.5103 1
158.8609 237.0592 1
135.9730 49.5811 1
102.6362 2.1771 1
102.7318 53.6971 1
159.7414 38.4703 1
161.4262 80.4551 1
173.2595 159.0421 1
117.4371 189.1858 1
112.2590 177.1052 1
109.3148 144.6822 1
118.3809 128.8562 1
164.8509 128.0058 1
156.0512 65.5386 1
158.0189 92.5275 1
172.5462 184.0521 1
111.9335 190.9704 1
142.9772 187.9770 1
147.4012 35.3365 1
121.2374 247.4715 1
206.4133 177.4005 1
169.8147 38.1454 1
120.8747 19.8096 1
139.9741 244.3480 1
136.0599 125.1050 1
131.4643 86.3294 1
163.9955 130.6486 1
166.5329 103.6352 1
134.8680 39.1785 1
104.0866 48.7043 1
157.1140 109.6175 1
133.6152 190.1644 1
100.2889 118.2078 1
104.7503 12.7976 1
114.2123 53.2229 1
138.3906 114.5322 1
159.5085 47.6076 1
141.8748 165.4928 1
144.6272 113.8219 1
157.4643 180.3966 1
108.0819 130.4854 1
150.8698 179.4262 1
116.8608 102.4101 1
126.4118 49.4494 1
185.5307 186.4067 1
162.9198 157.5760 1
175.9459 35.7328 1
124.6970 91.8843 1
151.8459 228.7013 1
179.0355 159.3416 1
105.2818 95.2176 1
108.9763 44.2369 1
186.8677 16.7670 1
138.9031 184.2214 1
176.1934 168.5522 1
110.6898 158.9826 1
129.9330 66.8394 1
100.2084 44.3284 1
131.4810 181.9094 1
101.9388 111.0458 1
163.3088 247.1143 1
144.5231 51.4596 1
110.7355 246.4958 1
140.8188 38.8552 1
115.2507 87.5345 1
119.0345 142.8604 1
111.3556 167.6921 1
159.3312 150.8281 1
115.3468 244.1678 1
154.9852 168.5035 1
177.7880 183.0664 1
150.3512 72.1436 1
143.1281 228.2207 1
186.3431 192.2042 1
122.7488 123.9921 1
101.3398 157.3990 1
165.2792 42.0739 1
162.7203 187.8674 1
143.1301 103.9565 1
105.3070 35.0323 1
167.8702 151.1218 1
161.8928 119.7858 1
165.3444 67.2251 1
126.1063 230.1830 1
138.2818 219.4386 1
114.2956 219.2116 1
100.8008 182.5746 1
109.7781 170.0573 1
154.0965 146.9830 1
135.3841 96.8898 1
168.0916 4.4549 1
134.5244 14.8082 1
168.6750 53.0654 1
104.9066 81.6593 1
139.5194 76.4955 1
103.7718 147.9811 1
149.8250 125.5369 1
141.7997 201.9853 1
122.8928 34.1844 1
160.5714 59.3743 1
112.8291 23.4398 1
165.1892 76.7784 1
153.4936 156.1425 1
123.4602 207.8103 1
128.6960 8.0314 1
150.8212 80.3331 1
109.9331 120.8881 1
135.9975 80.4824 1
147.8954 108.6009 1
106.2583 202.4055 1
135.5955 157.8018 1
116.9820 94.1576 1
193.8453 182.6968 1
149.5305 40.0751 1
126.2494 58.1141 1
162.0335 17.3721 1
140.8785 68.1235 1
173.3687 143.1214 1
100.5904 138.5369 1
119.5394 198.8526 1
120.3918 169.9204 1
152.9966 190.1369 1
128.5046 201.5480 1
148.4644 63.8392 1
125.3628 192.9523 1
132.6905 64.4447 1
145.7883 172.6617 1
192.7027 24.9281 1
175.4064 52.8119 1
168.0374 91.1197 1
142.7331 30.4040 1
169.8985 84.4698 1
106.4595 235.0535 1
122.4466 117.2972 1
129.3795 147.7437 1
126.3380 236.6467 1
174.6001 67.1982 1
146.0450 94.7866 1
103.9062 214.6114 1
101.0408 222.1807 1
108.9031 186.0408 1
119.0859 46.5360 1
148.1701 138.1722 1
116.5490 236.0046 1
151.4423 118.0644 1
169.4884 192.8497 1
120.6182 242.7142 1
166.9046 112.3156 1
179.7435 192.0961 1
158.1426 7.4197 1
128.9908 137.1778 1
183.6439 169.1791 1
130.9712 107.9907 1
126.7145 152.6984 1
112.6440 148.8345 1
109.2161 14.1431 1
107.1915 39.9596 1
135.4312 0.5513 1
149.8257 243.0732 1
130.5297 230.6530 1
