209.5715 98.0425 0
197.4442 90.1783 0
203.2372 21.2822 0
237.1325 47.6139 0
245.1154 230.2927 0
241.5539 139.7626 0
249.9317 240.0663 0
234.6520 101.5047 0
235.6948 134.1012 0
233.2386 29.2881 0
196.3693 33.9267 0
187.2629 163.7701 0
171.0724 120.3365 0
248.8248 82.3258 0
194.1709 70.7580 0
205.6240 89.9667 0
212.4852 152.6213 0
181.3107 193.0110 0
226.3912 103.6379 0
226.0479 232.7224 0
204.9230 11.2661 0
203.0135 103.7084 0
201.7373 152.1906 0
195.3111 178.1874 0
184.9191 149.8904 0
217.9317 237.7897 0
195.3958 167.8616 0
244.0593 246.5390 0
191.5587 78.7937 0
224.5146 181.4705 0
174.8934 132.4887 0
183.7446 103.0647 0
220.4331 153.7054 0
240.9513 3.8212 0
210.3670 244.9291 0
196.0551 141.5509 0
198.1155 159.1333 0
180.6614 245.3618 0
199.6555 17.2044 0
226.2283 73.7199 0
195.2627 25.5734 0
189.1779 190.2089 0
216.2563 200.3762 0
242.3161 61.2768 0
226.8594 52.5732 0
204.7243 60.3777 0
216.6846 117.4043 0
218.6849 49.5813 0
180.6787 169.4742 0
188.8426 135.4031 0
212.8963 175.3725 0
174.4149 233.7262 0
249.7147 66.8092 0
158.7066 125.1787 0
250.5660 140.2300 0
225.0632 214.9467 0
219.4423 245.3395 0
218.8860 64.7863 0
237.4167 109.8251 0
211.1477 39.8978 0
250.8364 16.0190 0
220.0666 164.1870 0
237.8741 211.2599 0
247.6085 151.3361 0
210.5535 112.3336 0
185.8080 249.3823 0
235.9322 21.6553 0
168.5418 133.5898 0
194.0106 210.8221 0
214.7521 195.6495 0
236.2157 230.2374 0
220.1221 73.2978 0
228.3705 208.6433 0
245.6880 215.9980 0
169.7133 108.8043 0
206.0616 228.3993 0
211.7174 5.8961 0
219.9952 189.3239 0
171.8106 153.4560 0
239.0023 98.7277 0
242.9095 11.7227 0
175.5940 184.2799 0
214.8851 19.5809 0
226.9551 60.0238 0
238.7809 177.8664 0
163.5948 117.2062 0
202.5606 216.5367 0
236.0627 62.4641 0
210.2501 27.2029 0
193.6423 130.2326 0
235.1816 38.6031 0
240.4319 40.1213 0
236.0275 247.6430 0
217.7917 127.1171 0
202.1544 225.8691 0
197.1858 132.0856 0
211.2160 60.9737 0
240.3021 239.8592 0
205.4969 175.7366 0
176.0971 116.7563 0
181.6829 178.0817 0
206.8788 141.0558 0
217.8923 82.7738 0
207.1521 191.8660 0
232.5383 80.9688 0
244.1929 89.9010 0
237.1731 90.9331 0
213.7494 0.4740 0
224.3250 157.0322 0
231.8253 172.2930 0
220.1459 176.9318 0
221.7547 110.4083 0
197.2570 218.6751 0
238.0730 31.4059 0
226.6372 186.6618 0
223.0995 57.1701 0
235.4463 56.6121 0
247.3671 226.5938 0
248.5567 55.6470 0
201.1246 198.1590 0
244.8787 165.4146 0
233.2704 181.0962 0
189.4289 4.0935 0
244.5547 190.8548 0
228.7459 222.6993 0
184.7691 111.7629 0
244.3563 99.8466 0
215.4205 228.8618 0
231.6186 104.6328 0
240.6040 197.4810 0
206.2181 79.6265 0
231.0318 240.7655 0
172.7565 141.1097 0
179.7670 231.5032 0
224.7643 139.3261 0
249.3640 205.1412 0
221.0312 201.7010 0
188.3977 197.9388 0
228.1088 34.5961 0
218.9511 211.0178 0
201.7091 76.9550 0
225.5394 199.3149 0
237.7673 121.4762 0
198.8878 170.9093 0
208.9628 120.0722 0
228.6617 146.1079 0
235.1890 114.3891 0
191.9333 108.9480 0
195.4059 125.1171 0
200.0746 210.1879 0
207.1770 159.6602 0
198.5492 139.0693 0
203.9588 3.5798 0
242.2693 219.9900 0
202.8183 235.6715 0
226.5356 122.0161 0
183.5660 204.4569 0
243.2611 71.6280 0
184.8086 86.1845 0
212.3430 233.1941 0
242.2504 129.5989 0
180.6595 129.9139 0
239.4386 19.2778 0
173.6417 218.4339 0
224.2457 244.8845 0
238.3358 149.1532 0
181.6814 58.0376 0
219.8471 6.2577 0
242.7615 107.8337 0
193.3916 199.1323 0
227.7144 41.3330 0
211.4913 52.1646 0
241.2651 50.2785 0
231.5417 204.9396 0
198.0164 110.6476 0
207.0103 185.0430 0
183.0862 214.6289 0
205.7301 94.8327 0
221.9927 124.7820 0
247.0316 114.5656 0
215.7677 185.1950 0
163.9706 141.0742 0
226.9314 131.9234 0
187.6638 156.1082 0
218.6212 41.8205 0
243.8383 184.5882 0
189.9104 24.1406 0
188.3296 234.4453 0
201.2440 49.9403 0
210.7422 207.9251 0
248.7139 97.2926 0
219.0955 100.3634 0
187.2873 77.1867 0
222.9715 223.4570 0
208.3170 217.0290 0
198.7294 72.8411 0
231.1378 145.6594 0
232.7678 153.0226 0
219.8649 92.0514 0
178.8162 158.0128 0
246.8194 123.6428 0
181.1952 147.1857 0
162.3076 125.1045 0
236.4774 220.0672 0
219.0063 219.9169 0
228.2340 17.3213 0
192.4922 245.4015 0
226.2152 166.0278 0
195.1533 17.2123 0
189.5143 93.0546 0
229.2737 95.2222 0
180.6530 109.9077 0
205.4544 128.2384 0
214.1821 56.7370 0
197.6054 229.0131 0
237.0332 11.3034 0
211.5513 166.5410 0
205.6371 33.5143 0
167.8335 165.8300 0
189.0792 10.8279 0
237.6605 166.0566 0
194.7169 98.8864 0
197.3952 238.4786 0
250.7452 6.8992 0
251.2843 132.0668 0
184.9170 127.4764 0
187.4186 99.0596 0
243.4093 81.1572 0
182.3655 121.6393 0
206.0287 46.3079 0
200.8275 244.7505 0
230.4201 197.8049 0
214.0488 89.6896 0
223.0209 237.1588 0
193.9566 188.2548 0
213.0557 78.9155 0
208.5089 204.4396 0
188.2338 171.8699 0
208.8504 69.8518 0
250.8044 156.3432 0
251.1947 250.4554 0
214.8417 104.7075 0
179.6872 222.3516 0
159.4844 141.7747 0
199.5807 96.8369 0
232.0989 137.9420 0
228.8398 86.9817 0
183.4148 141.7099 0
238.3530 73.1812 0
243.3150 31.4336 0
226.7356 172.2674 0
250.6486 168.6227 0
182.5532 236.7000 0
194.6401 120.2093 0
241.0183 157.5168 0
217.6098 31.9828 0
224.2051 13.8098 0
227.5536 67.8162 0
229.2901 112.9764 0
195.0410 2.5113 0
227.5305 0.3939 0
193.1820 154.3733 0
233.7869 189.1536 0
173.0360 146.5020 0
223.6928 85.2642 0
235.6705 197.0701 0
251.1615 20.7991 0
192.2814 228.5025 0
189.2289 144.5333 0
241.9876 174.3732 0
211.4877 161.9584 0
235.3313 127.1458 0
201.2966 118.9388 0
197.3991 6.2633 0
214.4809 141.4184 0
187.0234 176.1044 0
216.0394 14.4948 0
220.0667 28.8123 0
237.0687 160.4589 0
242.5460 203.1745 0
102.7991 35.5497 1
109.7094 112.0374 1
116.7660 45.1914 1
150.8470 182.0478 1
160.5739 188.5309 1
163.2201 32.9014 1
133.0264 161.8697 1
138.0060 155.6223 1
149.2746 132.3929 1
160.9487 151.2087 1
110.9119 134.9973 1
122.2197 103.6915 1
128.5662 128.5591 1
106.1626 188.9485 1
104.3301 245.9048 1
154.1408 77.6460 1
139.9685 215.1192 1
103.2907 154.1651 1
168.6492 68.3196 1
163.3904 207.2031 1
135.7791 219.8149 1
170.8973 226.3956 1
167.1482 18.9412 1
158.1256 70.7821 1
110.3785 38.6376 1
127.5827 53.9431 1
118.4699 161.3402 1
157.0100 113.0525 1
187.3084 63.2051 1
157.0338 206.5804 1
138.1975 2.0397 1
172.1674 69.2294 1
111.0261 94.4746 1
141.1697 43.0712 1
111.5488 196.9494 1
107.6646 13.3196 1
133.7069 23.7805 1
154.2816 230.3841 1
137.0018 174.1663 1
123.7756 204.9274 1
150.0226 89.1428 1
160.2916 36.7813 1
129.3315 173.7909 1
181.0588 45.7653 1
114.9658 85.8848 1
151.9359 36.1234 1
111.7495 124.3056 1
101.1003 194.6158 1
100.4481 122.7391 1
166.5799 197.4948 1
107.0141 120.7827 1
124.7110 154.8830 1
123.5316 166.5632 1
123.9520 10.5961 1
141.6402 134.9772 1
143.9511 56.8354 1
181.6634 37.3613 1
133.1312 82.1423 1
169.2125 74.5986 1
177.2921 96.6806 1
140.5602 64.2791 1
133.6109 91.4743 1
128.6531 238.6638 1
152.3833 143.2831 1
104.6473 45.3462 1
142.5123 187.1515 1
160.3902 78.3437 1
142.0220 234.5323 1
170.3290 45.6168 1
113.1466 183.9572 1
163.0012 7.4054 1
125.6625 14.0215 1
164.3862 245.1186 1
151.1883 226.2576 1
153.4236 241.9308 1
101.5327 107.5263 1
114.4562 245.5576 1
137.8605 123.8071 1
118.9417 80.5581 1
139.6219 26.5430 1
185.8497 45.0310 1
170.2547 13.6608 1
156.5649 203.1817 1
141.9964 127.7156 1
111.3650 248.4684 1
119.3839 224.0265 1
180.0873 197.3314 1
100.7679 2.8321 1
160.9579 180.3541 1
151.9946 19.8339 1
149.4555 11.2090 1
132.0601 7.6433 1
109.7700 171.5380 1
102.7282 24.7923 1
166.3071 100.8910 1
177.2993 66.0659 1
134.1276 14.7332 1
105.7728 50.6959 1
174.5123 172.4219 1
109.4759 56.6107 1
139.3205 50.1815 1
151.5943 109.1964 1
183.9364 33.5066 1
156.7387 1.0354 1
132.7369 188.9095 1
105.1132 129.3839 1
165.6333 97.3186 1
146.0854 146.6674 1
162.7779 233.0447 1
177.1710 28.7025 1
141.5126 197.8343 1
113.4471 239.9404 1
119.3591 134.6665 1
112.2857 207.8575 1
163.6920 135.6019 1
109.9888 100.3195 1
124.0362 111.5377 1
184.1223 25.9553 1
109.8618 158.0831 1
179.6252 79.1444 1
165.9113 15.7426 1
173.4652 208.9718 1
130.9231 196.5409 1
141.0805 173.7039 1
148.2025 246.1629 1
119.5259 124.1348 1
107.7916 61.4294 1
194.4308 46.6083 1
139.6298 243.4924 1
147.0312 165.4906 1
120.0388 236.0888 1
168.6870 56.1839 1
162.2629 159.2544 1
136.9005 138.2220 1
116.1579 15.7790 1
168.9613 249.2609 1
176.5430 54.5715 1
136.4284 207.4400 1
159.7628 107.0714 1
166.1638 187.6702 1
143.1797 108.4647 1
166.6410 50.9904 1
150.2725 46.7249 1
114.1679 216.5324 1
176.3428 5.5150 1
121.4522 39.3035 1
100.7062 76.8337 1
115.8466 70.4651 1
135.8754 118.6038 1
101.5395 201.5516 1
147.6372 119.2704 1
118.1561 147.0214 1
138.4251 42.6335 1
117.9270 61.6744 1
153.4842 32.3204 1
140.4574 14.5428 1
154.3637 81.6515 1
127.0458 20.9046 1
168.9549 77.6778 1
120.0568 54.2964 1
115.9332 113.5406 1
191.1194 57.2743 1
159.5836 23.0626 1
167.9447 177.7874 1
125.8199 215.0083 1
122.2174 231.8520 1
144.2720 74.7315 1
122.8254 174.9861 1
137.2021 229.4596 1
173.0417 242.8579 1
121.6537 93.0598 1
119.1502 29.2979 1
146.4427 204.1972 1
137.2553 110.9577 1
171.5482 85.9370 1
175.5176 20.2348 1
126.7003 0.0938 1
161.0725 223.6113 1
152.4755 213.9294 1
147.7343 72.6798 1
116.7701 204.8197 1
140.9211 5.3535 1
107.8654 178.6414 1
141.3556 85.2178 1
115.1263 3.8866 1
159.0683 84.8004 1
171.6291 104.2234 1
131.2318 35.8646 1
155.5827 52.5551 1
143.4075 156.8559 1
101.6909 83.3434 1
103.3333 241.1573 1
160.1201 14.7746 1
132.8902 220.7398 1
149.8268 175.8071 1
134.9851 68.8792 1
157.4280 97.0178 1
133.5271 150.8984 1
126.9079 75.9444 1
127.4983 95.4428 1
197.8719 41.8565 1
134.2847 45.8908 1
129.6216 86.0780 1
160.8634 171.2388 1
130.4953 27.5934 1
152.3941 187.0547 1
137.7332 142.3092 1
125.0417 40.9026 1
132.7116 101.4998 1
167.7145 41.4745 1
125.8652 196.8341 1
149.7606 159.5953 1
118.2398 129.9883 1
159.2362 194.1237 1
146.2806 137.9694 1
110.0060 76.1815 1
140.7794 94.6983 1
149.8732 150.9138 1
147.0733 101.1760 1
147.9918 28.1224 1
127.4320 63.2935 1
147.3121 0.4731 1
146.0892 219.0433 1
126.1443 242.4167 1
104.2218 228.2868 1
139.2699 37.8487 1
112.0894 26.3151 1
