225.4144 71.8923 0
226.0059 77.2189 0
194.5316 249.2578 0
238.9855 23.4516 0
246.4509 16.1294 0
231.5580 91.5942 0
194.4716 205.2176 0
221.0260 55.1116 0
240.8428 105.7439 0
250.8814 102.9335 0
204.1002 6.6962 0
170.6261 49.6393 0
239.6161 150.4589 0
209.2268 61.8394 0
180.4580 49.5849 0
233.3117 112.0907 0
197.8226 64.9417 0
242.8760 146.3867 0
200.4695 173.6224 0
242.9095 213.5833 0
218.6009 76.5653 0
228.6515 3.3996 0
225.9486 241.6381 0
210.0995 80.9974 0
202.1460 134.8109 0
201.4167 181.4524 0
191.7805 120.7921 0
188.8942 192.5352 0
230.5496 154.8530 0
228.3052 224.9377 0
182.1441 77.8965 0
250.2455 177.3645 0
189.5937 89.3775 0
183.5602 65.6950 0
233.2378 229.5867 0
210.1287 219.1394 0
251.2451 120.0143 0
196.9837 123.1044 0
245.1106 166.6400 0
202.2908 214.3586 0
176.8030 73.6995 0
240.7643 121.6125 0
241.6642 36.7572 0
192.1433 32.4021 0
220.5186 208.5901 0
222.7640 121.5261 0
230.9855 171.4939 0
239.9154 52.7438 0
237.2148 32.2401 0
203.2598 45.2171 0
210.9125 123.3110 0
240.0251 248.7599 0
205.1134 23.2347 0
220.1161 146.7072 0
172.0989 123.5242 0
198.1841 216.0407 0
190.1029 83.8269 0
225.2415 112.8229 0
247.9156 108.3155 0
189.7348 215.3160 0
226.3107 54.4367 0
230.5260 103.1603 0
187.5823 33.5503 0
242.9748 221.1445 0
235.5123 64.6821 0
246.0028 155.7154 0
231.5934 138.4965 0
229.8457 31.1768 0
212.9103 109.0725 0
196.7061 47.1904 0
218.0490 5.9398 0
184.2208 130.1208 0
186.0424 176.6499 0
191.7766 200.2671 0
244.2325 100.5270 0
224.7730 45.6244 0
224.6343 191.2711 0
230.0115 193.0649 0
197.4026 73.1673 0
206.3672 192.1769 0
184.8243 217.9449 0
239.2146 199.7345 0
177.6749 189.9640 0
203.0285 187.7994 0
209.9629 35.4674 0
237.5504 43.9470 0
180.7591 88.2671 0
221.9686 182.4631 0
248.3724 25.8349 0
193.8411 241.6994 0
187.2061 117.1551 0
223.7456 23.2613 0
237.5690 235.4490 0
197.8414 114.0246 0
203.7711 204.7263 0
182.5269 122.1656 0
202.5004 10.1483 0
229.9558 199.8271 0
230.1510 149.9564 0
190.4076 99.3069 0
198.4213 131.2996 0
191.7743 1.8655 0
242.0008 132.0649 0
241.3629 158.9239 0
230.3212 39.2778 0
228.7324 62.0621 0
210.1092 48.1755 0
210.8540 11.6873 0
234.5081 148.5531 0
237.3695 204.5338 0
233.1605 48.7397 0
222.4927 203.6522 0
215.5230 17.7150 0
236.4796 171.4194 0
192.4741 51.3862 0
232.7749 19.0788 0
230.8367 218.6068 0
250.9267 186.6158 0
237.0270 125.8770 0
201.6897 242.2542 0
192.3725 153.9415 0
222.2896 86.5443 0
244.6593 200.6016 0
245.5730 228.4023 0
245.4489 65.3992 0
177.6067 31.8660 0
236.3457 224.5463 0
193.7817 102.6633 0
248.3032 86.9393 0
220.4249 198.9435 0
242.6778 83.7849 0
237.2451 179.5102 0
209.4099 168.7604 0
239.3180 99.8018 0
210.7827 43.9228 0
210.4523 200.8627 0
180.3126 58.5475 0
237.2497 189.6681 0
226.2803 129.3087 0
178.2877 159.4600 0
212.0598 76.3646 0
219.0485 124.8043 0
203.1961 105.8779 0
215.5639 68.9940 0
234.1902 131.0930 0
216.8658 170.4701 0
202.6643 119.9888 0
182.6946 100.1949 0
213.3429 250.1794 0
211.8552 204.7243 0
250.0681 61.4857 0
245.4943 10.9537 0
208.3836 180.5464 0
189.9304 70.2022 0
249.8685 236.5647 0
223.5963 100.6342 0
181.0311 93.9750 0
223.9175 251.0538 0
214.6578 235.3699 0
234.3881 238.2336 0
221.5219 92.1154 0
201.1834 82.2300 0
210.2634 247.2774 0
228.3394 83.1524 0
216.8957 190.2244 0
235.4121 7.8933 0
205.5955 32.7517 0
224.2597 13.6018 0
181.8210 110.1578 0
218.0142 175.3114 0
207.9509 173.7480 0
249.7762 249.8721 0
197.7094 95.2486 0
225.4906 133.4378 0
239.1841 77.4442 0
245.9941 191.3499 0
250.0979 37.2502 0
187.6915 112.1822 0
214.7545 161.5648 0
228.7309 162.8085 0
231.4032 13.3821 0
186.5316 243.0020 0
226.4406 232.9589 0
177.7166 41.0051 0
213.6997 182.4838 0
236.2850 56.4468 0
189.4922 61.3370 0
183.4893 52.8912 0
232.9613 184.7467 0
232.2249 204.9298 0
244.5125 141.3548 0
217.3481 38.5470 0
226.2289 143.7396 0
244.4034 174.6619 0
215.7524 55.7163 0
196.9419 162.3270 0
230.3409 97.6318 0
171.8132 111.7011 0
191.9464 139.4636 0
246.7041 223.5174 0
191.5308 183.1258 0
249.9512 204.4602 0
202.0770 225.1709 0
217.7037 213.2992 0
238.6069 92.9140 0
172.1943 42.3885 0
206.7011 65.9703 0
223.6436 63.4286 0
195.0479 77.1577 0
211.8407 152.2245 0
188.9704 43.3552 0
201.8803 199.0555 0
219.6500 243.9548 0
223.0294 156.0509 0
198.7257 39.0420 0
197.4721 158.8613 0
209.7541 227.7110 0
201.6589 141.4263 0
182.6730 23.9818 0
250.8571 48.7260 0
214.5285 228.0902 0
250.6453 92.2272 0
173.3294 105.5630 0
208.1364 91.8144 0
233.0839 70.7063 0
197.6973 89.6655 0
201.4089 30.2541 0
191.8609 26.5433 0
208.9216 100.0638 0
225.8869 214.0389 0
247.7339 116.0041 0
223.4787 161.1642 0
217.6698 63.5988 0
227.7584 178.5949 0
175.9425 147.2599 0
241.7815 240.8958 0
201.5436 54.3447 0
234.1762 244.6319 0
228.4037 119.9107 0
232.7376 213.1137 0
206.6330 116.5721 0
182.9240 185.1869 0
240.3702 9.7645 0
206.4216 158.2448 0
197.6387 56.9731 0
245.1382 127.4075 0
237.6727 115.9314 0
242.2238 42.0142 0
176.7497 127.5892 0
241.1568 57.3638 0
220.6595 21.8282 0
129.8986 28.9861 0
194.9653 134.8048 0
218.6215 138.3995 0
214.8931 27.4350 0
203.9860 248.1948 0
220.8915 30.1787 0
211.9914 89.4917 0
223.1248 230.6299 0
201.9900 234.4720 0
204.0760 148.2079 0
240.8967 182.5651 0
197.8824 148.0402 0
221.5049 40.3922 0
244.7173 2.6093 0
211.2122 191.1189 0
210.7209 131.0533 0
175.4246 83.4194 0
238.7516 87.9944 0
172.9645 97.6323 0
182.9355 0.5775 0
220.7702 113.8665 0
223.8017 169.3288 0
217.1626 223.0894 0
197.5461 17.2991 0
117.0797 131.7241 1
100.3355 121.3116 1
124.1773 178.0009 1
182.1239 231.0346 1
106.9229 206.3836 1
158.2348 145.6213 1
165.8030 55.3310 1
141.7435 176.7656 1
113.3962 249.7865 1
120.0610 228.4518 1
159.5114 155.9682 1
154.1813 229.4737 1
123.4756 62.5083 1
122.9152 208.9355 1
162.7298 243.8965 1
158.2090 2.9793 1
114.4452 213.4195 1
163.0744 226.2974 1
150.4779 115.1573 1
157.4231 12.8425 1
177.2495 215.1767 1
133.1183 75.6871 1
102.9864 71.5505 1
156.7438 219.3278 1
104.2435 247.7933 1
167.5399 132.2022 1
145.4838 98.3315 1
120.3798 102.0341 1
184.6104 150.5364 1
103.3899 114.9452 1
127.4560 25.1555 1
146.2286 87.3025 1
132.7552 210.2004 1
122.9351 195.8754 1
136.7782 190.2973 1
150.7326 173.6116 1
136.4353 67.3425 1
103.4319 184.5752 1
126.9792 66.1031 1
109.5839 61.3794 1
102.3710 64.3871 1
116.6164 39.9111 1
111.0463 111.8032 1
151.0735 86.6575 1
112.6781 223.2975 1
132.2307 249.2370 1
148.9835 194.3817 1
108.7858 162.7507 1
175.0764 181.8099 1
138.3628 166.0172 1
135.7561 154.4496 1
147.5808 127.2489 1
100.0760 51.9488 1
116.2074 240.8882 1
167.3999 245.0340 1
161.6045 149.8710 1
139.3553 44.7901 1
186.0169 15.0049 1
127.5214 103.2271 1
167.9019 84.2184 1
104.9724 150.9238 1
101.7973 137.6636 1
122.0710 55.1674 1
106.5976 196.7281 1
119.1675 14.3804 1
124.6534 171.9067 1
169.3941 205.1534 1
139.5441 95.8256 1
144.3865 225.7000 1
103.5872 77.1132 1
104.9117 128.2509 1
152.9743 19.2412 1
168.9160 35.5503 1
131.1768 218.5801 1
165.0710 165.6529 1
161.1920 67.5797 1
166.4523 110.4013 1
152.4918 37.6306 1
175.1588 166.3622 1
108.9281 34.6959 1
113.8984 22.5894 1
103.7379 105.9837 1
132.2017 100.5910 1
116.1308 154.1091 1
139.6363 29.1132 1
109.6077 119.5199 1
102.0155 27.1960 1
176.9885 24.9207 1
166.6858 145.4992 1
133.4600 234.6501 1
181.5485 241.7446 1
161.0033 56.5697 1
137.4758 220.1472 1
126.2517 190.0568 1
152.9901 61.8353 1
140.7829 107.3903 1
135.9437 127.3439 1
168.5159 90.7884 1
186.1644 208.8604 1
172.2580 72.0535 1
117.5596 46.0476 1
115.8781 133.5618 1
146.8252 149.7620 1
123.2028 142.4087 1
147.2759 221.3400 1
113.4050 171.3643 1
117.4873 200.4561 1
115.2816 122.7059 1
170.4946 189.4719 1
171.7023 133.8732 1
111.8659 89.9352 1
109.4178 236.7509 1
181.1211 170.9423 1
159.5600 175.6090 1
123.6749 120.8065 1
153.7432 183.9503 1
113.0270 231.9664 1
139.0462 145.2055 1
116.7300 149.8163 1
177.1702 143.4316 1
107.3330 179.9502 1
156.7200 47.3080 1
134.3618 181.9986 1
152.9911 101.6892 1
159.0143 197.8341 1
180.9042 220.7979 1
165.7738 121.8767 1
149.1959 7.6228 1
153.3011 137.4137 1
111.9478 182.5187 1
111.0014 98.2356 1
131.7158 93.4590 1
134.1764 84.7723 1
142.4878 9.3311 1
186.3259 158.9229 1
116.4824 8.6840 1
164.4328 27.6369 1
110.1513 142.8615 1
141.3886 212.0068 1
156.6197 165.1744 1
128.9349 242.1764 1
173.7216 225.0601 1
155.3790 76.0692 1
157.9801 188.9171 1
136.2893 118.0848 1
111.1488 71.5061 1
104.1008 221.5710 1
159.0211 128.6975 1
146.8727 155.8940 1
166.0180 78.4708 1
131.0866 135.1776 1
124.7862 237.4201 1
155.6911 223.7546 1
169.3107 238.2630 1
107.8449 82.4975 1
106.4500 133.4616 1
141.8763 199.2909 1
143.9569 138.1621 1
135.3433 50.1924 1
152.6177 53.9703 1
190.6261 13.5884 1
134.6551 25.9738 1
182.6567 225.9536 1
142.0954 233.0113 1
101.5351 230.8491 1
149.1576 128.5837 1
117.9950 191.8897 1
137.5538 137.2666 1
145.9631 77.1353 1
178.0549 206.1207 1
147.6595 79.4043 1
171.0212 220.5660 1
147.8935 203.0698 1
127.4579 44.1634 1
115.0399 59.5322 1
166.3992 187.3644 1
148.5150 185.8163 1
126.7119 113.4859 1
152.7865 121.7199 1
168.2542 226.8232 1
107.1584 98.6629 1
117.3636 53.6043 1
151.0804 249.4589 1
165.4835 114.2958 1
101.1319 86.3713 1
177.6246 11.7233 1
121.2086 166.3475 1
157.5604 66.5622 1
140.1287 1.7629 1
150.2382 211.7984 1
133.7229 14.9507 1
160.3535 208.8354 1
106.8796 19.2186 1
145.6457 161.3160 1
165.6898 103.4623 1
136.2995 159.4746 1
148.9558 45.4250 1
171.7938 174.7568 1
129.3921 213.7881 1
173.0376 18.5251 1
105.0365 4.4332 1
179.7361 197.0948 1
160.2474 21.9620 1
127.8639 155.2100 1
147.3239 237.9522 1
161.7544 106.1695 1
138.2423 21.5199 1
152.9326 92.8740 1
123.9824 81.4088 1
143.0644 52.9924 1
163.2148 213.8314 1
129.6526 182.5445 1
117.3731 68.9125 1
163.7770 2.7165 1
107.5786 191.4909 1
132.7505 201.9022 1
180.0790 150.5299 1
158.7320 136.7397 1
147.0877 65.1569 1
171.6238 156.9321 1
129.6727 170.3055 1
161.1007 38.4004 1
152.5217 111.2817 1
111.8291 158.7045 1
163.4916 13.2170 1
141.8127 13.4996 1
102.1944 212.9103 1
131.1071 228.5902 1
191.1769 229.2467 1
154.9802 24.2755 1
173.3791 2.6881 1
118.8263 90.8931 1
