210.0192 94.9792 0
216.4726 89.5104 0
198.2398 28.0120 0
234.6810 40.9749 0
248.1474 121.6663 0
195.5528 242.8049 0
222.2562 82.1949 0
237.1784 129.8760 0
206.9203 23.7642 0
169.7916 36.0771 0
211.6794 157.3147 0
178.8163 99.6375 0
249.1479 66.8418 0
199.0651 70.3663 0
208.3383 80.8334 0
219.5629 140.6657 0
169.9122 180.5341 0
228.2659 216.4203 0
232.8626 103.4148 0
228.8269 244.0209 0
194.3780 11.5137 0
219.9818 99.1349 0
205.8025 136.4937 0
187.8202 175.4602 0
168.4217 146.7011 0
210.6048 224.6730 0
208.9241 167.1673 0
212.9736 246.3043 0
200.6091 75.8171 0
216.0241 175.9266 0
180.4118 110.4240 0
184.8251 78.1875 0
222.3370 145.3396 0
244.5017 237.7036 0
188.6969 5.5238 0
251.3829 213.8648 0
203.8607 132.8304 0
207.6102 178.0269 0
250.6330 40.8307 0
190.0217 248.8666 0
161.0802 36.2274 0
239.8321 17.1383 0
236.9614 57.4001 0
188.2179 36.4190 0
216.1922 238.8535 0
197.8442 153.9577 0
210.8890 187.5441 0
246.7992 49.4536 0
224.4878 38.9082 0
205.9024 66.0711 0
187.2332 123.5276 0
236.0116 10.1632 0
212.2685 54.0047 0
190.6955 157.3150 0
178.5921 131.7247 0
228.4330 161.7160 0
188.8538 240.3226 0
172.7896 108.1380 0
247.6935 128.5839 0
230.3249 198.6339 0
197.9026 2.8732 0
220.1713 49.8864 0
233.3291 116.7025 0
198.0480 38.9212 0
230.2286 238.7236 0
239.4596 103.7983 0
223.0961 169.4021 0
237.6257 202.0441 0
244.2489 133.1429 0
239.0204 68.6274 0
218.2976 110.7446 0
180.2842 35.8111 0
215.5297 19.9114 0
210.3100 126.9852 0
194.6899 163.5250 0
211.4648 203.1121 0
250.0728 93.0745 0
228.3050 207.9890 0
224.2845 57.9747 0
210.1294 194.7340 0
216.0768 202.9221 0
183.3481 94.6051 0
214.9484 226.5981 0
197.5572 20.5315 0
214.9489 193.7394 0
182.1024 157.9565 0
242.9015 86.1745 0
238.8542 240.0597 0
179.0675 177.3303 0
206.4196 39.5357 0
229.2677 53.7455 0
228.9515 186.0824 0
175.4320 115.8147 0
193.7210 198.6931 0
241.0562 47.4020 0
184.3880 25.3141 0
198.3682 120.4599 0
220.5298 36.0496 0
223.2441 4.0967 0
217.9290 122.8086 0
188.5124 218.9242 0
181.5705 136.5298 0
198.4139 44.4826 0
225.0252 236.4697 0
209.3443 139.5894 0
189.9381 88.7915 0
174.7794 168.6130 0
233.7421 148.3173 0
240.4364 249.6025 0
212.9224 58.8386 0
216.5654 164.9814 0
228.6743 77.3782 0
228.5308 87.2049 0
228.2521 72.0958 0
208.0491 29.8431 0
229.1900 157.3372 0
241.7475 25.7733 0
233.6713 178.5885 0
228.5139 169.4748 0
236.8711 83.3297 0
198.1323 224.2762 0
224.9895 16.1417 0
217.9090 190.1134 0
189.5013 52.9635 0
227.7143 48.6502 0
232.0392 225.3474 0
240.5862 38.6473 0
199.1978 175.9104 0
238.2951 177.0911 0
160.0217 26.4489 0
221.1704 219.3879 0
203.3363 121.7028 0
248.8070 84.3266 0
221.3590 211.6252 0
233.0970 90.2022 0
250.0551 175.9892 0
201.6309 59.0902 0
246.3465 227.9770 0
178.2002 119.5462 0
217.9855 214.7552 0
250.9449 102.8322 0
247.0545 111.2547 0
244.5356 185.0280 0
198.0601 191.9512 0
164.6932 163.2946 0
220.3303 22.4614 0
207.1933 216.3345 0
182.5703 64.0797 0
222.4506 203.0284 0
229.1957 124.5008 0
201.1700 158.6627 0
211.1693 105.0394 0
215.9505 132.4329 0
226.0088 134.7120 0
227.0557 100.3624 0
219.1612 127.2635 0
245.8548 205.8180 0
201.2645 184.2771 0
189.3122 141.3756 0
175.7134 143.1905 0
185.9468 30.8479 0
208.0039 239.4505 0
240.4791 94.1863 0
193.1698 181.3904 0
250.0970 54.1472 0
187.7426 85.6848 0
235.9946 232.8715 0
183.5350 114.7638 0
221.1604 12.4781 0
179.4648 21.8306 0
200.1711 249.9966 0
239.5953 147.6277 0
154.7459 73.0367 0
191.6850 15.2806 0
244.4355 103.0711 0
184.6426 183.9510 0
231.6191 27.4922 0
175.9662 48.8825 0
240.6332 31.9519 0
228.0484 194.0083 0
195.3303 110.3834 0
203.5760 171.3792 0
189.9312 191.5107 0
233.5544 247.7607 0
206.3999 115.9969 0
221.4735 114.3623 0
229.6922 114.3295 0
226.1685 177.0441 0
245.4294 5.8532 0
188.5991 149.7038 0
228.1266 140.0587 0
213.9701 149.0778 0
224.5107 28.7806 0
245.6947 170.7006 0
184.1142 39.2795 0
198.7406 235.7664 0
197.5051 62.8318 0
199.6851 167.3894 0
246.8664 76.9329 0
204.0724 84.1291 0
192.5518 66.8799 0
224.9755 223.6489 0
219.4604 228.9401 0
207.2447 46.6378 0
236.3868 139.2751 0
235.6869 157.7197 0
220.3981 74.5859 0
173.2016 157.5337 0
165.0141 125.9303 0
179.8134 141.4163 0
236.6432 221.8516 0
202.6947 217.1567 0
243.3811 210.2013 0
214.3430 10.0592 0
205.4701 231.8684 0
241.2943 158.0176 0
169.1628 26.9959 0
206.0075 96.9165 0
217.8367 94.4340 0
187.3945 104.6753 0
181.7343 122.6899 0
191.6970 57.1537 0
190.3612 225.5952 0
247.7509 21.1986 0
250.7726 223.1119 0
207.0766 2.7872 0
217.5016 157.8354 0
185.8039 44.3370 0
183.8269 167.9809 0
240.1348 167.8740 0
164.6747 10.2590 0
250.9173 158.1934 0
196.2625 97.4472 0
177.2513 31.1389 0
219.4765 247.5439 0
193.0645 114.5633 0
198.8656 88.6016 0
247.7831 96.4205 0
192.0520 106.5305 0
197.0173 32.5187 0
171.8540 16.1949 0
241.3496 197.6803 0
201.6736 94.4700 0
220.1766 236.6399 0
212.8192 171.1484 0
220.4922 67.7462 0
199.8327 201.9796 0
183.0188 151.8860 0
229.6742 18.8216 0
210.9018 65.4635 0
226.8128 1.5514 0
248.8220 137.4131 0
246.2732 217.2696 0
201.6451 102.9100 0
193.7135 212.2534 0
249.4817 15.4981 0
165.6154 152.1518 0
245.1512 193.4585 0
215.9636 74.5962 0
246.0783 151.0629 0
230.6559 61.6992 0
171.7341 139.5183 0
243.1028 63.5766 0
237.3433 23.4081 0
236.0302 172.1161 0
146.1910 234.0733 0
195.1366 127.5120 0
240.3776 139.7969 0
214.6210 39.9050 0
215.9826 29.5798 0
216.0886 47.6912 0
233.9404 95.1032 0
182.1320 17.2161 0
208.6438 10.8491 0
201.4824 143.8312 0
216.9846 184.5326 0
174.0407 151.1743 0
248.0932 34.7571 0
225.4784 66.7255 0
248.3029 167.2545 0
237.2271 186.8978 0
235.3778 3.7733 0
251.2313 76.3597 0
198.3202 210.7937 0
206.4573 144.6787 0
198.7138 140.1614 0
223.7646 119.9307 0
205.4033 112.3574 0
164.7302 17.8786 0
237.9230 210.5310 0
239.9788 123.9034 0
179.1571 167.3558 0
200.8550 15.6409 0
194.1574 47.9959 0
241.1417 152.5492 0
148.0126 47.2529 1
114.0918 43.4366 1
114.6884 151.2496 1
190.7808 234.0697 1
135.7633 223.4219 1
149.6155 117.7597 1
121.1254 14.0055 1
119.0665 159.4418 1
111.7555 15.5003 1
104.6139 171.4321 1
104.8927 148.5768 1
145.8719 153.9787 1
130.0580 99.4119 1
137.1443 162.2198 1
151.8302 202.3579 1
142.7034 62.2200 1
153.5152 219.9753 1
180.1880 198.5251 1
187.9975 209.8816 1
141.0208 15.3901 1
123.9511 99.1750 1
150.8621 7.9824 1
119.8366 57.2940 1
111.9198 180.7622 1
179.3488 79.3543 1
103.5227 70.7501 1
158.4262 58.7662 1
162.6360 174.7191 1
114.6096 245.1180 1
163.5100 71.9491 1
146.7302 75.8761 1
139.6258 79.5311 1
154.3531 90.2803 1
163.9767 67.9087 1
170.2156 233.6816 1
104.0708 201.7506 1
164.3394 106.6323 1
143.0932 53.0730 1
138.9180 30.4279 1
112.8711 6.6021 1
118.9062 72.5403 1
105.6361 242.1205 1
146.0605 190.2146 1
140.2270 140.8602 1
101.8833 182.1035 1
161.8715 182.1523 1
113.6166 136.2934 1
103.2888 185.4725 1
147.5964 161.0171 1
167.3417 217.6608 1
153.5448 139.4416 1
144.3701 43.9166 1
153.7754 40.2810 1
139.7460 102.3384 1
135.4982 47.3621 1
167.8339 79.0654 1
148.9154 112.3034 1
137.9706 86.4387 1
151.7613 130.1687 1
136.2662 22.6643 1
131.2979 151.0007 1
106.4055 44.3682 1
132.6781 114.8078 1
140.7355 123.1710 1
250.1642 245.3315 1
170.5316 224.4127 1
147.3126 64.0188 1
133.2397 181.5303 1
119.7368 34.6022 1
126.7463 76.4571 1
130.7683 216.6646 1
175.5746 231.0815 1
158.4859 224.6081 1
115.0253 106.7443 1
110.1962 236.0348 1
147.3298 146.8141 1
103.9817 77.6240 1
155.6563 233.2806 1
105.3383 85.1531 1
182.2983 57.8045 1
106.4014 133.4462 1
144.8213 227.5549 1
101.0620 134.8068 1
113.2784 119.8554 1
128.2148 8.5445 1
121.8367 167.0183 1
164.2769 3.2966 1
175.5289 11.0187 1
152.2928 208.8758 1
156.7829 167.6386 1
100.3755 234.0880 1
127.9452 25.2140 1
134.1657 127.8280 1
176.4764 88.8328 1
170.2835 243.1392 1
123.6443 23.6515 1
153.4256 228.3645 1
123.5120 59.8274 1
148.4761 95.3518 1
108.3433 127.4961 1
131.1398 93.3373 1
178.9235 210.0737 1
117.9375 175.6384 1
111.5986 84.2368 1
137.3073 131.4176 1
124.1551 148.6449 1
173.7165 190.0348 1
135.0510 199.4148 1
161.1965 57.2523 1
103.7346 157.0691 1
138.3816 207.5168 1
127.3245 128.6067 1
131.1844 108.9825 1
158.1224 11.4937 1
189.0657 92.9509 1
149.8671 244.3501 1
180.2097 220.0893 1
122.8202 216.6990 1
128.2974 172.2792 1
116.6420 199.6859 1
123.8369 205.3087 1
121.8699 140.0072 1
153.0944 77.8122 1
124.0697 50.0972 1
117.3045 240.7904 1
105.4467 23.3987 1
157.8208 159.2157 1
150.8267 35.8193 1
140.1937 40.6875 1
129.1194 193.5079 1
137.9966 149.4561 1
106.1472 233.0098 1
150.8099 195.3821 1
172.4603 68.4363 1
189.4671 199.9770 1
140.6466 90.5943 1
161.9737 138.5319 1
148.3511 101.8887 1
138.6597 97.2283 1
146.0731 82.9273 1
135.3230 230.8920 1
144.9804 210.6085 1
113.2412 66.1609 1
123.1734 114.0188 1
105.6950 221.4729 1
157.4568 122.5889 1
133.3605 76.2646 1
150.8670 53.5915 1
104.1517 93.9551 1
148.4291 19.3517 1
133.7438 240.2035 1
161.3046 154.9584 1
132.8650 241.1289 1
166.3746 116.0878 1
127.9150 230.4099 1
101.5196 115.6395 1
170.9161 57.7415 1
174.1538 1.7833 1
171.0383 198.7613 1
168.6282 171.0820 1
133.9326 31.5155 1
110.4842 38.1366 1
156.3470 179.4445 1
143.6624 200.7488 1
107.8547 30.6634 1
151.3669 13.9351 1
106.1882 106.7203 1
136.8934 4.4329 1
145.6874 172.0202 1
103.3308 10.2021 1
118.1996 115.1643 1
171.6311 89.6801 1
179.4167 71.1042 1
104.4816 62.3431 1
182.6350 229.3119 1
112.6763 216.4803 1
143.6022 246.5795 1
163.1112 208.8786 1
106.0178 193.6419 1
116.5380 98.9474 1
122.5621 85.1353 1
153.4398 109.3416 1
126.9682 44.3146 1
166.0783 246.6826 1
170.6721 208.6923 1
156.8492 49.2791 1
121.9703 225.7870 1
152.6772 146.6460 1
127.0974 121.1201 1
112.9166 20.9380 1
110.4546 163.0490 1
153.1823 249.2190 1
166.6514 98.1449 1
109.0383 203.5789 1
119.3958 0.6238 1
128.2955 242.3357 1
123.3256 182.3362 1
138.0908 174.1644 1
100.9662 2.4359 1
121.2783 130.6409 1
146.4477 6.7969 1
126.4809 165.9041 1
113.4132 166.1005 1
101.4764 143.2767 1
161.5123 195.8322 1
143.8599 137.5192 1
115.5900 93.4599 1
135.7166 64.1138 1
170.6675 134.6366 1
166.6881 91.3693 1
156.3578 21.5190 1
122.2590 121.4709 1
142.4026 193.7546 1
163.0798 227.4237 1
127.7356 224.6657 1
116.3062 193.5447 1
160.5208 247.0467 1
129.3743 1.8024 1
124.5387 234.8828 1
