246.4139 205.0877 0
234.6249 79.0201 0
212.5026 209.0878 0
248.3733 235.6588 0
221.7197 192.4088 0
236.3601 113.1928 0
215.3029 12.3215 0
231.8377 61.8762 0
220.0607 248.9713 0
191.5866 203.6591 0
205.9469 138.8036 0
179.2653 245.7066 0
238.7428 234.0448 0
202.3233 151.1694 0
220.8929 49.5195 0
188.2980 103.6470 0
218.0698 22.0230 0
213.3679 140.7553 0
236.8336 158.9767 0
208.7904 129.0626 0
228.0786 146.6828 0
243.3499 248.6304 0
241.1791 185.6320 0
242.1429 67.9448 0
217.7249 45.7817 0
245.2243 241.1784 0
220.1819 11.4914 0
242.2636 83.0387 0
226.8415 128.7288 0
228.1255 155.6849 0
195.7750 181.7566 0
244.9703 134.0280 0
203.4709 0.6985 0
199.1962 137.6555 0
203.5875 242.6947 0
197.6484 8.2485 0
206.7621 94.7755 0
221.0838 246.3318 0
215.0256 216.3091 0
233.6404 142.9381 0
187.7135 99.0431 0
248.2953 215.9459 0
212.9115 101.3426 0
241.4421 168.4867 0
199.7622 188.8229 0
223.4009 10.2267 0
192.9224 174.3263 0
192.5090 232.5019 0
242.7718 101.5172 0
244.6104 209.6394 0
204.3553 20.2336 0
246.7947 157.1976 0
212.7739 132.7407 0
243.0388 91.3215 0
239.7208 65.1675 0
234.8679 134.8641 0
230.1721 16.8170 0
201.2686 174.4903 0
211.8920 115.9284 0
247.7668 193.0179 0
187.2360 35.5360 0
213.3979 90.1494 0
196.1074 86.3950 0
194.2468 250.7204 0
205.8916 86.6346 0
236.8197 242.6521 0
195.8705 96.0893 0
236.9163 205.9014 0
188.8321 235.1471 0
227.0133 106.8867 0
199.7408 125.3952 0
235.3805 224.8961 0
193.6462 139.0486 0
180.6911 35.3664 0
226.7074 76.7604 0
218.1075 126.7507 0
212.1173 225.1756 0
199.4090 99.7596 0
205.6007 143.8617 0
227.3747 211.6444 0
230.8655 178.9600 0
182.8061 206.0148 0
237.0828 20.5868 0
222.5107 179.0802 0
188.2215 93.5450 0
209.8900 150.5099 0
247.3233 174.3853 0
205.4568 44.3072 0
246.3148 0.4771 0
249.3931 88.4059 0
248.7586 122.1655 0
222.3641 137.2153 0
226.7035 223.5453 0
222.3150 94.7414 0
198.6520 27.0626 0
208.2174 8.8640 0
243.9925 128.5553 0
205.3918 237.2300 0
215.9338 3.7206 0
244.6747 24.3948 0
226.8884 162.9401 0
230.8273 249.2680 0
230.9075 238.9375 0
220.7554 76.9217 0
245.8177 74.0176 0
242.8788 229.3012 0
180.0035 16.1076 0
207.3721 56.9684 0
190.4756 189.9166 0
195.5667 82.1755 0
184.7729 225.6435 0
209.8179 21.0277 0
206.4876 103.1579 0
243.3364 115.3295 0
154.8895 218.2693 0
175.2564 232.6253 0
160.3128 220.8983 0
238.1729 173.3711 0
220.0988 36.8484 0
197.1635 105.6254 0
198.6154 49.9174 0
233.2949 101.1086 0
208.4995 34.0824 0
195.4106 130.0791 0
247.2310 142.0232 0
186.7051 118.8536 0
238.7361 35.3214 0
188.6585 31.0639 0
212.5607 190.6560 0
211.3364 157.2679 0
206.1234 181.9694 0
234.9683 150.7910 0
211.5925 64.8203 0
220.6398 55.8569 0
248.5656 51.4738 0
205.3080 165.9135 0
244.8109 147.2876 0
232.5116 69.0010 0
230.3940 202.1756 0
194.4516 110.0165 0
198.4413 193.8139 0
245.9304 37.0023 0
248.3350 66.1277 0
236.4017 74.3964 0
207.6140 174.2401 0
242.1883 140.0908 0
226.1534 63.9003 0
195.7887 119.2968 0
213.5294 74.4023 0
239.6301 180.9218 0
243.3299 54.9689 0
225.4090 203.5352 0
213.2190 167.4698 0
239.4401 192.7845 0
230.1236 231.5196 0
226.6786 173.3375 0
221.3266 222.8578 0
227.8621 33.8224 0
207.2154 196.5948 0
223.5691 22.6668 0
231.9325 93.7965 0
247.6441 196.1388 0
207.8206 190.7452 0
232.7094 28.9292 0
194.9373 241.3203 0
205.1242 110.6063 0
207.6326 222.8835 0
192.5724 194.6420 0
195.4146 36.4225 0
244.8500 109.0148 0
216.0101 157.6879 0
212.2044 110.1970 0
231.3081 52.5794 0
188.3468 19.6458 0
248.2249 9.3689 0
222.5210 165.4559 0
225.8790 42.0254 0
239.1017 25.3280 0
199.7217 11.9824 0
243.7604 120.7756 0
227.2473 187.6408 0
233.0573 217.0099 0
207.0979 217.2858 0
199.6076 214.9390 0
220.2545 118.6437 0
219.5498 197.0928 0
230.7482 118.0458 0
221.9913 3.0459 0
232.2954 188.8423 0
239.1439 49.1185 0
224.1701 237.4056 0
244.2854 59.8048 0
217.6198 65.1641 0
199.4225 17.0326 0
216.9630 221.9266 0
187.8508 214.8474 0
207.8838 81.7239 0
217.7151 104.8891 0
246.9906 220.8013 0
222.8369 104.4092 0
200.0679 39.8134 0
217.1859 30.2357 0
208.4774 72.6818 0
219.0632 189.4154 0
242.2865 13.8280 0
217.5210 174.5662 0
219.5430 210.4464 0
236.6519 197.3240 0
203.7321 80.6399 0
220.7208 85.3681 0
235.8964 12.2886 0
244.9870 42.1376 0
186.9429 127.9216 0
212.2352 58.8230 0
212.5074 245.2801 0
200.1430 34.9636 0
224.9576 116.5014 0
179.9786 231.4774 0
229.0950 192.5820 0
247.3019 103.8279 0
190.2153 242.3244 0
196.5455 167.7622 0
206.1897 28.7826 0
212.0542 50.6224 0
197.8933 226.5625 0
215.1705 240.3770 0
224.9222 142.1015 0
218.7859 231.8061 0
198.2400 162.8688 0
235.8328 88.0840 0
240.0687 216.0765 0
187.7498 84.7970 0
232.2507 122.9241 0
224.8582 151.5470 0
235.6275 130.7458 0
171.6800 161.3333 0
236.1965 59.2332 0
225.9984 86.1300 0
201.3013 229.7616 0
207.0057 243.5044 0
193.5495 221.3807 0
193.1765 23.3688 0
198.0969 69.0032 0
240.6939 41.3453 0
247.5190 162.0439 0
218.8273 146.0674 0
231.3595 134.4611 0
104.6133 5.7531 1
181.1657 51.7664 1
178.7861 102.4617 1
133.2226 48.3829 1
106.5993 131.4552 1
142.5153 0.8239 1
143.0041 224.9217 1
134.6338 156.5824 1
137.5969 101.7278 1
182.4560 193.9262 1
149.3611 110.9418 1
162.8259 208.3603 1
112.1086 78.4325 1
144.0983 65.4152 1
117.6959 33.1982 1
155.7010 239.3175 1
104.4834 12.0247 1
133.3694 167.2842 1
156.5032 191.8962 1
174.6546 132.8386 1
136.9709 82.2832 1
116.8883 52.4653 1
149.4760 57.6748 1
162.5804 138.4839 1
167.0339 113.7269 1
167.6103 181.9476 1
115.4835 159.6293 1
170.3985 196.6252 1
136.9044 225.5939 1
176.5050 8.0753 1
141.8777 211.9100 1
135.9197 148.0742 1
124.0254 116.8430 1
160.8901 54.9958 1
186.2809 73.4247 1
117.2270 108.7050 1
164.6005 235.0078 1
150.9787 203.6879 1
176.6752 167.8819 1
120.5250 79.1128 1
102.7506 204.3602 1
133.6515 217.8438 1
174.2485 157.6252 1
120.5096 19.6353 1
134.8540 34.7499 1
118.1038 154.5209 1
173.7038 30.4407 1
185.7439 61.1477 1
161.3233 63.1423 1
158.2632 76.2619 1
115.8859 38.6253 1
142.0234 32.5969 1
147.6482 172.3662 1
120.3722 149.0751 1
172.4698 136.4325 1
134.9275 248.4545 1
124.9725 90.1316 1
149.0916 160.6609 1
173.1293 204.7496 1
127.8184 144.5606 1
174.4848 18.5159 1
150.7775 92.3338 1
119.9730 69.3235 1
153.6670 31.6244 1
161.6630 121.3629 1
121.9200 168.5346 1
150.7483 240.4862 1
132.8658 131.6113 1
175.2191 77.3063 1
167.4933 128.1231 1
106.0643 110.7998 1
145.1022 204.0282 1
167.7859 40.9271 1
137.0387 165.7667 1
125.0797 222.5215 1
128.2200 3.5837 1
164.2175 49.7782 1
132.8110 194.7088 1
119.9450 200.0012 1
178.1720 67.1607 1
195.3461 53.6437 1
161.5681 199.5432 1
104.7509 36.3280 1
106.4381 247.4884 1
133.0931 18.8643 1
152.6333 182.6469 1
101.9302 190.3872 1
112.8817 103.7601 1
192.6437 149.0181 1
165.9682 73.9098 1
130.5420 116.7695 1
119.5131 94.8855 1
204.3649 207.7434 1
134.8132 173.1661 1
162.6016 155.3357 1
178.3956 0.4576 1
171.5621 183.3618 1
178.4029 172.8352 1
112.6405 222.9307 1
151.5992 246.1296 1
146.0631 92.5107 1
105.6570 90.5102 1
156.3674 0.9434 1
163.1937 82.7985 1
138.0420 234.9861 1
160.2780 36.6526 1
131.9090 59.0238 1
180.3842 85.9486 1
106.8993 218.0677 1
111.6163 146.7646 1
153.7139 14.2209 1
172.3257 191.9966 1
120.6896 159.6252 1
118.6127 104.5920 1
110.3016 215.1352 1
181.5790 66.2731 1
158.5931 90.4964 1
137.9180 71.0429 1
162.4912 177.9860 1
165.2837 173.9217 1
142.1723 94.6718 1
173.1887 104.2779 1
150.3346 72.9506 1
105.7276 74.7623 1
155.4145 51.4659 1
170.6578 170.6651 1
123.2784 196.5122 1
169.0951 1.6317 1
185.2115 5.1760 1
109.4034 53.7285 1
156.3991 100.3487 1
171.1714 240.5349 1
175.3277 35.7847 1
165.9543 14.8775 1
123.5685 53.2546 1
125.8260 185.7182 1
138.5783 204.5634 1
125.4200 206.6089 1
110.6843 231.1027 1
146.1547 230.2959 1
123.5026 136.6383 1
160.9410 146.1970 1
132.3602 93.7848 1
150.0730 180.9744 1
152.9075 82.9698 1
112.2311 128.8544 1
184.2269 176.1335 1
103.2425 236.9650 1
188.7352 5.0688 1
135.6946 239.4382 1
189.2503 60.8253 1
170.8301 147.7093 1
191.0213 53.3264 1
117.0211 208.9908 1
176.3396 214.1856 1
110.0307 241.5087 1
171.6452 227.8335 1
121.3672 36.6812 1
141.8385 196.7861 1
108.9890 156.2742 1
122.3539 65.8988 1
168.5352 223.6037 1
183.4406 111.5011 1
147.3689 145.1607 1
164.3492 243.7601 1
115.1306 176.4283 1
158.0308 11.8187 1
140.4422 80.6161 1
131.1421 179.8052 1
161.2518 29.6190 1
124.0845 177.6118 1
151.4200 6.6969 1
138.2894 21.6878 1
113.6397 86.5025 1
191.9424 71.9485 1
142.1714 113.6959 1
146.7837 184.6750 1
103.2395 225.3684 1
186.1804 92.0805 1
114.6671 25.6075 1
162.4177 165.5934 1
185.9061 44.7493 1
124.9084 25.9878 1
179.8965 197.3416 1
169.5949 143.3024 1
102.8183 137.1765 1
170.0869 111.3185 1
177.1716 118.5343 1
154.8295 150.7660 1
155.4866 115.4125 1
138.3432 138.7554 1
134.9312 109.6736 1
149.4018 43.9129 1
166.9940 213.4452 1
146.9329 135.3989 1
147.9098 122.2253 1
112.2603 184.7151 1
127.4261 227.0143 1
114.7994 62.2176 1
180.9332 144.5291 1
163.4968 24.4537 1
128.4406 201.6325 1
174.8596 45.6785 1
103.9557 146.8431 1
126.5983 129.2887 1
108.8960 193.3878 1
154.2096 230.4210 1
130.4930 235.9376 1
112.1813 204.4442 1
158.9327 130.5581 1
154.3642 128.1105 1
180.8235 23.2679 1
127.2625 106.0021 1
109.1119 45.2542 1
105.4267 121.5055 1
134.5815 67.9426 1
114.4113 118.1907 1
120.2223 242.1011 1
110.3761 169.7590 1
123.2465 5.2053 1
141.1110 40.0357 1
141.4936 87.4140 1
101.2831 55.1017 1
140.3895 109.5648 1
133.8417 12.2534 1
147.7283 133.5626 1
133.8924 123.8010 1
164.0143 2.9593 1
117.7841 3.8832 1
102.7179 75.1630 1
188.8264 166.9531 1
150.0858 195.4077 1
167.2609 102.3897 1
192.0086 144.5986 1
116.6165 188.1913 1
169.4556 85.1235 1
140.5112 50.7766 1
148.9077 30.9334 1
118.8665 217.7895 1
103.6473 22.9618 1
171.1522 60.7323 1
156.2822 168.4350 1
