229.0220 42.2035 0
210.5749 12.8495 0
226.0257 64.9096 0
243.6640 56.2215 0
234.5303 35.3599 0
188.9676 123.1754 0
197.5334 214.2319 0
188.4536 19.3112 0
214.2166 127.3839 0
215.9346 35.4690 0
191.7645 83.9239 0
242.9489 208.6801 0
205.9454 79.3184 0
218.8381 104.1520 0
227.1563 190.1111 0
233.8901 153.9469 0
180.6117 237.2969 0
232.5284 18.1447 0
237.9053 135.5130 0
207.6880 37.5624 0
203.8319 148.9293 0
214.5779 234.0317 0
197.8860 207.6033 0
193.4061 237.1663 0
219.8015 172.8996 0
244.8950 13.2965 0
241.0282 28.7128 0
185.2608 110.4826 0
202.7934 45.7932 0
210.0610 3.5162 0
197.0995 117.5883 0
186.3269 198.7271 0
219.0089 65.3373 0
131.4032 12.3340 0
216.0175 146.0144 0
243.3212 92.7353 0
205.7447 229.5541 0
205.1520 54.2115 0
227.7618 115.5018 0
243.6873 244.6960 0
248.9610 182.3328 0
219.1065 95.6718 0
237.1068 54.5893 0
220.2915 77.7127 0
202.4138 216.1967 0
226.1427 13.3894 0
180.6583 31.7795 0
215.2650 239.0021 0
185.4533 191.2902 0
238.5780 200.8506 0
197.8056 79.9942 0
205.1518 184.4323 0
234.6868 170.9218 0
100.4630 214.5418 0
228.8052 216.5303 0
234.5041 80.8179 0
183.6660 85.9536 0
210.7918 82.4723 0
222.4918 31.2324 0
221.0910 143.5827 0
240.3019 13.1821 0
240.7433 170.9316 0
172.5467 27.9138 0
225.3605 181.1109 0
229.0050 78.2777 0
187.0201 248.8927 0
249.5622 29.6624 0
236.3846 192.4215 0
233.4957 236.2934 0
236.5070 221.0546 0
227.9813 168.9863 0
232.0958 85.3958 0
247.5988 20.5910 0
218.6839 6.0944 0
204.4737 140.0633 0
222.6973 208.6261 0
191.9178 202.7508 0
234.3574 187.9415 0
246.5111 135.7591 0
243.8066 37.6596 0
189.0613 217.4188 0
210.4950 105.3755 0
243.3970 66.8910 0
203.7715 103.9470 0
223.5651 237.9919 0
201.8865 124.0994 0
230.1352 56.5119 0
233.9169 40.2205 0
221.9346 201.9047 0
211.7848 195.5335 0
220.7071 135.5540 0
196.1011 228.2796 0
214.0273 30.2758 0
217.2055 225.3886 0
185.5780 137.3694 0
201.6670 153.8053 0
248.2059 37.6652 0
231.0325 201.0599 0
188.4497 28.1665 0
223.6597 83.7695 0
234.0005 131.7679 0
231.6743 71.1681 0
183.7616 70.7867 0
214.0796 163.0196 0
226.2752 28.1031 0
183.6045 40.6276 0
245.4236 4.1479 0
178.4281 40.5972 0
212.6781 68.4489 0
190.0610 47.9989 0
237.8287 83.3151 0
205.2268 17.7041 0
243.1578 233.4487 0
213.4970 202.8678 0
198.6005 145.1491 0
250.0660 165.8709 0
185.6599 75.3737 0
227.8656 5.1067 0
209.6337 127.4333 0
199.0797 161.8670 0
179.5597 17.2485 0
192.7322 136.9655 0
198.2850 104.8373 0
222.9562 228.0285 0
215.7276 42.3352 0
199.8480 130.7978 0
195.0194 150.0166 0
204.0109 73.4081 0
217.6373 210.3855 0
184.4935 56.8225 0
242.4751 224.1536 0
210.0330 153.8743 0
248.0367 187.6894 0
187.6952 114.8978 0
233.3319 177.6052 0
217.0279 179.9789 0
188.3530 91.3637 0
244.2008 145.2034 0
226.6590 21.6871 0
179.3397 112.2910 0
224.8030 154.8559 0
186.1298 41.1973 0
184.4041 66.5803 0
244.8110 50.5112 0
223.4303 50.8319 0
186.7226 168.1668 0
187.4652 180.5310 0
229.1951 103.5227 0
215.9913 47.4987 0
199.1167 51.2726 0
214.9272 21.5578 0
233.5412 121.9721 0
235.9087 108.4249 0
229.7941 238.1734 0
229.4818 132.0183 0
213.5389 219.6900 0
241.7939 74.9766 0
246.1789 86.8770 0
214.3376 97.4835 0
193.5873 57.9174 0
221.8416 121.4616 0
247.2644 214.7735 0
240.8009 42.6978 0
244.9946 193.7959 0
205.1204 86.5368 0
183.8178 125.6438 0
220.6942 127.7153 0
192.5710 115.1368 0
190.9478 172.7054 0
247.3726 202.5343 0
245.6472 237.9290 0
182.6527 246.0711 0
246.6393 79.7628 0
235.1154 145.4731 0
203.1898 8.2829 0
214.6226 56.7460 0
245.9573 125.3134 0
191.4913 6.0262 0
230.4389 206.2384 0
176.4786 62.4017 0
195.4924 72.7487 0
238.0653 245.0255 0
225.7484 247.2171 0
209.7795 49.9960 0
249.9373 100.3878 0
208.5072 208.9959 0
208.0115 175.7111 0
190.1470 157.0866 0
216.3363 190.8760 0
224.8929 195.8292 0
195.4659 46.2273 0
210.6636 227.1757 0
240.8046 162.6898 0
204.8064 93.5969 0
196.8661 14.0753 0
206.2031 117.2425 0
237.0615 100.9470 0
233.3707 159.5366 0
204.3897 64.6497 0
197.1382 224.5881 0
198.3241 23.2456 0
244.1571 112.8932 0
246.4674 169.8187 0
194.4801 246.0621 0
204.2003 241.9952 0
201.5271 250.7511 0
228.1393 139.8290 0
219.5699 214.9396 0
239.2455 152.6210 0
249.5715 243.6942 0
207.0822 160.3861 0
230.4139 126.4916 0
199.4566 188.8645 0
218.5132 86.6957 0
196.3336 154.6220 0
179.2335 53.5859 0
185.5832 10.0113 0
199.1331 232.7470 0
203.2837 28.7301 0
236.7841 231.1390 0
217.8203 115.7081 0
228.4897 250.0941 0
250.5178 206.0324 0
232.1372 50.3108 0
190.4149 97.7805 0
245.5907 160.3085 0
224.5794 38.9085 0
226.2075 148.3302 0
209.2979 21.1546 0
225.0984 174.9699 0
198.8711 174.3503 0
206.8608 171.6517 0
243.5530 108.1437 0
204.7626 96.6576 0
192.0654 129.0149 0
250.2162 111.4473 0
195.9177 168.9962 0
235.5427 65.1274 0
222.9835 69.1316 0
223.5365 218.9155 0
244.7179 151.2451 0
206.8233 189.4255 0
182.2721 28.8117 0
250.0526 58.7923 0
195.4939 40.4639 0
249.6581 51.0270 0
196.3833 91.7222 0
212.6617 136.2670 0
194.3060 66.2373 0
211.2488 247.6983 0
243.8117 179.1242 0
196.5295 28.7147 0
204.2872 202.2182 0
238.3217 91.6642 0
250.5067 223.9162 0
220.6102 57.3505 0
241.0007 126.1464 0
239.7844 217.3968 0
220.8369 156.4050 0
214.5577 119.7560 0
231.8758 110.8371 0
194.8005 192.1368 0
200.6437 238.3632 0
203.1338 197.2653 0
236.8241 2.8929 0
234.2312 10.2867 0
201.7505 61.1199 0
227.1858 164.8864 0
159.1921 27.1680 1
150.3332 26.2666 1
169.0038 55.8354 1
160.9383 147.0173 1
133.0016 178.9411 1
114.1062 213.2816 1
131.5871 134.3689 1
124.8150 107.4554 1
115.7045 6.8501 1
105.9058 103.6355 1
138.4155 250.9949 1
111.2814 190.4327 1
120.1364 90.3477 1
121.5817 142.2201 1
151.6889 211.8493 1
128.4337 2.2955 1
127.3294 194.2627 1
126.6081 80.2682 1
145.4189 243.0356 1
115.4554 96.2502 1
120.8824 230.6922 1
166.8788 47.1914 1
126.6450 64.2891 1
162.5011 8.4248 1
167.8510 123.5294 1
114.2001 187.1816 1
160.9828 164.2253 1
148.2899 206.8573 1
140.6617 35.6216 1
164.6797 83.1599 1
174.8656 192.8212 1
142.2231 63.7130 1
167.0093 31.9798 1
113.8088 46.9379 1
160.3985 90.0691 1
122.0861 121.4632 1
143.3167 194.7046 1
128.7797 153.1828 1
157.8818 126.3091 1
132.3808 69.6575 1
110.5240 162.1185 1
177.1365 172.0577 1
137.1585 65.6957 1
104.9033 170.3810 1
144.4525 214.1801 1
125.0326 144.3831 1
146.7875 127.4712 1
110.4726 0.7626 1
109.9377 52.2042 1
123.5779 149.2171 1
103.2046 234.2175 1
100.1362 68.5638 1
143.1084 153.7187 1
159.3440 229.8894 1
164.7489 186.4511 1
132.7534 228.1949 1
168.4412 92.0160 1
116.5314 177.3276 1
150.4386 230.6424 1
138.2834 44.0789 1
170.3193 115.6003 1
163.5895 75.4711 1
103.7943 206.7612 1
152.9991 57.1382 1
120.1248 242.7942 1
173.9191 248.6441 1
140.6327 99.0505 1
171.8839 66.1999 1
118.1489 167.2187 1
138.8273 73.3589 1
174.3154 187.4212 1
151.4787 226.2570 1
104.7461 242.8243 1
186.5338 155.7719 1
137.7788 144.6280 1
134.9795 243.2610 1
140.5252 108.6755 1
153.9590 132.7508 1
157.5749 194.0780 1
164.3446 198.9458 1
158.2206 219.3238 1
129.0024 20.9193 1
149.2613 110.0013 1
137.6200 56.1168 1
122.6453 235.8914 1
173.3784 87.2157 1
148.5632 46.4241 1
144.9846 250.9415 1
176.5144 162.3609 1
103.2434 149.7319 1
147.7784 180.3704 1
106.9094 8.0817 1
128.1902 115.4172 1
113.0672 204.3263 1
171.5387 208.6533 1
134.3199 24.2611 1
137.5694 21.9072 1
182.0122 218.0468 1
178.2311 146.9643 1
165.5765 171.3930 1
106.6872 33.5095 1
128.1118 166.3835 1
179.8076 3.9352 1
123.4748 23.3400 1
136.3593 220.7859 1
152.7108 90.6793 1
144.9604 53.8375 1
168.1355 142.9856 1
123.3230 112.3592 1
155.6408 83.1619 1
156.3045 183.7420 1
166.5593 162.1283 1
161.3982 115.9750 1
154.0589 168.7498 1
167.3060 121.9649 1
185.7473 209.8150 1
122.8624 72.3050 1
140.5504 211.9178 1
134.0868 205.9610 1
117.3864 156.8141 1
162.1113 174.8565 1
131.9705 196.0515 1
169.2858 182.2293 1
153.7274 11.1932 1
108.6311 91.1921 1
177.9236 238.9442 1
175.2011 120.9208 1
131.3080 103.0860 1
103.7429 49.8928 1
170.8541 22.7340 1
114.8021 55.0253 1
132.2063 109.7904 1
169.1727 231.3002 1
138.6241 118.8167 1
113.6454 221.9405 1
154.3654 187.8742 1
164.0180 111.0630 1
155.1993 120.4008 1
141.0782 187.1516 1
171.1733 241.4847 1
170.7594 74.3315 1
107.9504 98.0041 1
162.2162 135.8622 1
141.7814 139.5958 1
117.2800 148.3024 1
104.3591 74.1623 1
101.5320 111.3224 1
169.5013 14.4054 1
133.1201 125.3042 1
106.3708 215.8191 1
113.7041 68.9020 1
103.0173 141.0498 1
158.6982 151.0070 1
133.8243 48.2538 1
166.7423 37.2552 1
173.8132 12.6971 1
149.1021 117.5990 1
112.4253 234.6698 1
111.9624 81.1073 1
130.1066 173.4157 1
178.1987 86.4485 1
107.1240 180.9060 1
159.8693 52.7788 1
126.1388 127.7782 1
116.8104 34.7644 1
108.5303 63.0332 1
142.0787 30.4417 1
148.3933 175.4022 1
144.4048 162.4680 1
154.8649 154.5376 1
111.4933 120.2945 1
134.9575 40.1672 1
138.2173 195.6547 1
177.9531 102.7361 1
157.4867 34.2718 1
163.1484 248.6552 1
124.7674 160.5566 1
169.5371 153.3934 1
131.4958 218.3123 1
125.2701 223.2723 1
121.8574 184.0699 1
118.2867 195.6060 1
129.5515 88.5660 1
106.1843 28.1787 1
139.7291 132.1362 1
128.5843 237.6793 1
122.2580 247.4873 1
139.7027 206.7025 1
162.9348 209.1461 1
165.2404 189.8572 1
154.4035 248.6743 1
157.8933 43.2617 1
145.1812 224.0444 1
175.6984 217.0245 1
113.2502 136.2821 1
102.7844 40.4031 1
134.9731 83.6882 1
141.9730 16.4614 1
164.1300 63.4820 1
134.4680 75.0775 1
134.2999 17.1717 1
164.8326 156.0521 1
155.5001 143.6263 1
114.6874 128.4313 1
176.6480 74.6717 1
161.7952 17.0876 1
125.7145 54.1314 1
179.3276 95.0207 1
157.3480 240.2415 1
157.3406 98.9941 1
148.9449 6.1418 1
170.8612 103.9025 1
147.4549 87.3921 1
145.1074 81.9440 1
121.9575 41.8997 1
110.8550 111.2949 1
159.2975 224.8467 1
181.2153 226.7523 1
168.2379 222.2513 1
175.8351 46.0865 1
172.4358 199.3715 1
175.5464 137.9255 1
146.3114 67.8604 1
150.4450 145.6544 1
123.0807 216.7992 1
146.1970 21.3769 1
129.3581 140.6960 1
146.7236 97.0601 1
154.8657 71.5005 1
121.9262 30.3020 1
146.8367 73.8018 1
137.6962 168.1454 1
170.4237 1.5326 1
105.7215 16.7618 1
116.9456 17.2933 1
162.0884 236.4193 1
121.9576 205.5526 1
