221.9671 51.2914 0
246.6056 191.4149 0
227.9629 100.0479 0
199.5294 219.6808 0
250.6296 221.7285 0
229.0863 207.6327 0
235.1826 92.6629 0
190.7575 29.3619 0
234.8587 56.6348 0
231.6082 203.0744 0
228.7417 237.8880 0
250.3424 53.9502 0
208.8197 233.4414 0
238.5237 118.2867 0
187.4335 19.9773 0
250.2133 237.5827 0
203.6978 144.0916 0
208.0360 65.5008 0
188.7456 123.2593 0
249.8012 190.6513 0
210.9958 27.0259 0
211.9060 144.4345 0
222.6368 149.2485 0
238.3085 104.6673 0
219.8065 139.5188 0
242.9730 203.6734 0
231.5175 61.7878 0
244.1131 209.1518 0
217.5048 93.8143 0
214.6966 63.1987 0
218.7208 23.9783 0
220.9131 97.6157 0
236.7785 113.2055 0
235.4567 153.9074 0
196.1261 211.0084 0
238.5847 40.6372 0
246.8744 114.8861 0
177.4347 227.6961 0
206.5391 126.8360 0
205.2959 12.9119 0
189.3091 14.4474 0
197.5570 89.0393 0
239.5300 248.5492 0
222.6875 212.3772 0
222.0038 164.0418 0
195.3090 119.7264 0
200.8419 101.8283 0
234.5073 172.3558 0
212.0120 183.9255 0
204.4289 20.7256 0
183.1991 234.4105 0
219.7092 19.1349 0
212.3535 95.6528 0
199.5045 32.6981 0
237.0592 147.3205 0
227.0110 145.5632 0
226.4347 132.8709 0
239.8820 165.8482 0
237.2542 66.5369 0
238.3686 75.0261 0
247.0333 127.6035 0
234.5490 16.2881 0
212.2144 178.8253 0
247.8702 149.9222 0
210.3283 106.2136 0
227.9112 25.9841 0
230.2719 189.4591 0
185.4550 54.9446 0
190.0442 93.2146 0
189.6262 111.3027 0
245.1611 46.0300 0
242.6152 177.7040 0
208.1331 2.8826 0
172.1312 66.8713 0
250.4135 249.8528 0
187.3641 137.4015 0
247.2496 240.9382 0
237.1765 213.0266 0
168.9980 225.1929 0
208.1490 118.3252 0
228.4861 217.2405 0
200.1676 150.9171 0
190.0294 43.3884 0
210.2696 87.1937 0
232.8518 128.0061 0
249.4542 27.6095 0
235.6570 244.3756 0
186.5647 100.9205 0
208.9032 147.8045 0
232.5088 223.4738 0
205.5087 208.3714 0
144.2427 195.8630 0
222.3818 10.2899 0
219.0313 185.9641 0
180.2643 108.8086 0
209.5058 167.2419 0
234.5368 180.5581 0
215.3095 30.0805 0
246.6735 2.7789 0
224.2330 88.5899 0
208.6329 135.9622 0
230.7685 149.8501 0
213.8721 227.0481 0
190.6954 81.6797 0
240.3197 52.4400 0
197.5691 47.7301 0
184.5550 27.2830 0
248.3409 167.2351 0
199.0012 3.9956 0
225.6137 14.0355 0
216.4781 1.5944 0
245.2047 24.6062 0
226.5917 161.6055 0
231.0318 241.8477 0
238.1958 226.0568 0
223.6410 79.4164 0
241.4369 186.1469 0
232.0611 88.9589 0
235.2883 234.6467 0
202.4559 43.3550 0
207.8627 60.5379 0
199.2177 188.5800 0
186.2347 69.8878 0
189.3033 242.0161 0
197.0040 25.8506 0
197.5920 113.7954 0
170.2897 233.8347 0
198.3539 245.5882 0
122.2265 238.7065 0
227.0695 156.5586 0
188.9242 65.5878 0
224.4177 126.3930 0
193.4595 56.4341 0
230.9298 95.6866 0
202.6774 52.1510 0
220.5051 124.5846 0
250.9819 231.2604 0
211.6413 127.6809 0
207.0021 35.0811 0
178.1244 31.6313 0
243.2736 36.5664 0
204.3907 200.2435 0
181.8403 128.1006 0
210.2468 195.3271 0
217.9877 152.2510 0
181.5381 71.7914 0
245.7343 88.7851 0
201.1571 70.5094 0
223.3431 60.4980 0
194.2267 184.0757 0
221.5023 154.5215 0
216.4015 107.0765 0
199.2610 228.9212 0
199.1121 131.5741 0
197.2059 197.5738 0
240.0596 47.8113 0
235.8350 83.3415 0
229.5860 79.1269 0
211.2712 173.1095 0
245.4270 137.0836 0
216.8407 70.5451 0
202.0021 172.6280 0
182.4745 94.4773 0
220.1333 189.8311 0
218.5088 77.9756 0
206.3217 221.7063 0
219.0412 196.3127 0
223.1740 200.1668 0
217.7802 233.2662 0
235.9840 197.3987 0
250.4308 202.5867 0
215.8664 85.1063 0
249.7041 85.0831 0
220.4752 36.1860 0
207.2270 242.6687 0
213.3318 37.8382 0
250.8015 104.1324 0
218.9774 173.3905 0
224.8154 30.8605 0
173.8152 223.5726 0
199.2873 125.4127 0
212.6855 12.6127 0
193.0288 238.8799 0
207.6901 44.3742 0
192.4782 171.0913 0
221.9603 119.7364 0
210.2654 48.9480 0
181.8738 39.1785 0
250.0520 16.8951 0
226.5380 178.6173 0
219.2118 46.1546 0
229.5340 39.1671 0
180.6432 241.6464 0
248.2176 161.4404 0
242.3193 100.3872 0
219.2008 204.2739 0
234.7447 167.1029 0
226.9487 229.0486 0
189.9390 234.2480 0
189.6224 229.4768 0
230.8661 121.2139 0
213.7162 215.0788 0
239.9157 7.1001 0
237.7057 191.7905 0
211.6008 72.9770 0
239.3680 217.5859 0
242.4445 66.8836 0
202.1462 87.0401 0
194.1627 2.3306 0
200.6441 18.7938 0
236.1161 24.9680 0
199.2414 237.2893 0
229.6641 71.0075 0
245.6436 110.7442 0
193.6946 35.2212 0
226.7889 43.4126 0
179.0447 52.7613 0
213.7956 202.3431 0
241.8315 18.6779 0
193.0422 191.3174 0
235.0419 71.1808 0
189.5338 221.2210 0
181.2400 61.9110 0
228.8644 114.4454 0
244.5070 9.2204 0
213.4347 58.5349 0
184.4333 118.7945 0
170.9676 58.0430 0
232.0851 9.0714 0
197.3225 60.1824 0
223.2860 105.5931 0
182.1545 227.4777 0
243.5457 77.8703 0
220.1793 219.8878 0
247.3929 97.3603 0
187.8399 250.9423 0
228.3867 173.7788 0
183.1660 46.1187 0
243.2903 57.7190 0
206.4571 80.2312 0
204.9696 231.3958 0
243.2647 232.1859 0
209.7459 152.8059 0
223.2963 249.0302 0
193.3236 145.1280 0
195.6212 100.2945 0
247.1259 224.4618 0
206.5822 113.9499 0
239.7922 140.9783 0
219.3217 132.7816 0
241.3920 128.3035 0
203.2471 182.0562 0
231.2608 53.1910 0
205.5270 105.0338 0
209.6440 247.0001 0
221.1375 2.8620 0
217.4747 240.2795 0
174.9775 22.1955 0
191.3284 76.1697 0
239.8148 160.1341 0
234.5793 29.9825 0
227.0298 183.9505 0
209.1252 156.9613 0
250.5545 171.6914 0
232.1939 138.1892 0
144.6738 1.5291 1
171.3372 241.4104 1
137.6459 49.5404 1
121.9473 41.3565 1
117.1655 183.1427 1
104.3913 145.6006 1
113.6640 107.4114 1
114.2368 83.7292 1
201.0028 160.9766 1
120.7388 59.1556 1
158.8458 35.0272 1
108.4770 70.9852 1
109.8311 227.1759 1
149.8158 179.4741 1
190.7746 141.1507 1
173.5778 100.6992 1
141.7279 71.6655 1
130.1511 11.7319 1
154.1878 114.0653 1
113.4782 139.3477 1
161.7264 195.4535 1
127.2703 207.2815 1
154.7469 159.5812 1
138.6450 212.5173 1
177.7375 1.1362 1
171.3995 181.8959 1
173.0544 160.1669 1
155.9705 134.7103 1
132.6364 39.5786 1
176.1712 86.6840 1
129.6126 85.0637 1
186.2843 211.0051 1
176.0629 189.5797 1
193.8017 179.5724 1
118.0546 216.2840 1
103.9606 196.3786 1
160.3544 101.4065 1
136.8009 237.5974 1
131.9463 27.5676 1
123.2525 182.9706 1
147.7834 12.3053 1
100.1579 248.9613 1
114.0672 193.0715 1
145.9268 37.6049 1
144.7132 26.1611 1
166.2650 73.1379 1
135.1865 108.5294 1
128.7775 125.4995 1
137.3950 126.4367 1
135.1187 174.7749 1
179.9976 159.0730 1
109.4891 42.4007 1
123.2764 226.9326 1
103.7047 106.6129 1
121.0322 73.9970 1
181.9387 189.9887 1
193.0461 200.4020 1
116.9799 242.1104 1
141.6868 191.4959 1
155.6606 58.3355 1
166.9460 117.2041 1
130.8519 16.8669 1
124.5905 123.4879 1
136.5237 58.1232 1
158.8579 88.4025 1
112.4850 222.0385 1
155.2615 218.8140 1
190.5341 153.6887 1
150.9411 31.2774 1
130.4116 116.1163 1
113.7334 42.9300 1
119.9041 202.5350 1
105.8646 64.6430 1
172.8197 129.9322 1
140.2394 33.5538 1
107.3875 237.3557 1
179.5731 167.9228 1
169.5059 201.4828 1
139.5486 62.6314 1
154.5094 67.1688 1
103.0686 20.3708 1
174.3899 155.4514 1
143.1178 8.8873 1
106.3718 25.3204 1
173.8728 137.5631 1
102.9527 155.5223 1
115.8379 155.8172 1
147.3173 206.7898 1
109.7203 120.0063 1
161.0821 182.6232 1
139.0298 80.6306 1
137.0665 97.9301 1
184.4339 184.6695 1
141.0798 166.7418 1
133.6718 168.0173 1
164.1522 95.0623 1
152.4628 40.6051 1
126.0864 228.7804 1
125.9693 195.3378 1
173.3941 176.1442 1
153.8644 2.9567 1
113.1227 99.5819 1
168.9060 107.1430 1
162.7125 113.1836 1
124.9288 10.7784 1
165.7806 43.8244 1
124.9264 157.2412 1
177.7348 104.3247 1
118.3195 35.0080 1
125.7658 144.2782 1
161.5432 17.7537 1
186.8423 202.1193 1
157.0353 146.2012 1
112.6124 13.2050 1
122.6324 48.0667 1
159.1127 75.3894 1
105.3921 35.3009 1
150.4824 193.8387 1
106.0435 218.8445 1
165.6039 55.7602 1
120.2909 114.7163 1
148.5667 77.8000 1
147.0832 64.2548 1
118.1795 3.7194 1
154.5971 92.6936 1
168.5288 190.7293 1
129.6374 219.3268 1
161.8437 9.8128 1
138.7343 135.4775 1
166.3142 170.8568 1
180.3633 14.9308 1
136.8460 16.0995 1
124.3162 23.8762 1
119.4687 189.8262 1
178.3164 176.3126 1
146.2287 222.8219 1
123.4246 215.0971 1
144.6338 214.0695 1
109.5995 157.4757 1
150.2569 159.2161 1
146.5664 58.9307 1
107.8374 133.4099 1
150.3154 87.3242 1
105.8017 111.6843 1
140.3085 217.7948 1
159.0172 187.9288 1
148.2240 232.5542 1
141.1157 45.1355 1
178.4296 134.4552 1
156.6733 153.8466 1
137.7106 84.8809 1
134.4966 202.9375 1
178.1743 208.8353 1
130.4133 1.6290 1
109.1371 168.9693 1
160.4788 228.3346 1
157.0381 6.0777 1
101.2137 161.1600 1
127.1539 172.8789 1
131.4650 138.6588 1
113.8116 151.2402 1
173.9787 124.6398 1
192.5131 161.7964 1
172.5637 207.8248 1
129.1753 236.7414 1
126.8559 245.7280 1
116.5383 96.7058 1
116.9354 125.4540 1
131.3468 158.5011 1
159.0022 25.2982 1
164.1651 207.1466 1
151.7432 226.1870 1
102.7592 60.2425 1
168.0855 8.7255 1
129.5128 47.1847 1
178.1328 79.5015 1
144.0246 103.7399 1
134.0168 154.1602 1
102.7682 236.1140 1
157.9272 80.4422 1
115.0480 30.7554 1
122.4119 161.1506 1
149.4120 26.7978 1
182.6150 205.1193 1
183.0051 145.3611 1
105.1816 4.8373 1
132.2900 149.1868 1
152.7747 109.1990 1
175.1271 115.5866 1
138.6659 104.5982 1
106.6007 85.8277 1
170.0272 120.2285 1
149.1290 125.6300 1
167.6420 83.0076 1
162.1461 244.6893 1
163.7154 142.4347 1
156.5476 174.2900 1
108.0013 209.6924 1
107.1709 48.0861 1
104.0609 185.5563 1
112.9889 55.7572 1
173.5133 164.8618 1
114.7673 23.1362 1
156.3747 200.8834 1
163.0504 7.6772 1
164.7968 104.8448 1
104.8997 71.3024 1
126.7801 181.6641 1
154.7263 236.7638 1
108.9068 0.2431 1
163.7811 218.7702 1
143.1170 118.3699 1
147.8346 49.2202 1
125.3911 86.3737 1
171.3814 17.1377 1
123.7658 152.3124 1
139.9511 25.6405 1
173.9562 35.8946 1
141.9965 132.3938 1
163.7658 159.0689 1
127.2485 2.2549 1
117.7805 169.3910 1
127.8476 66.7668 1
152.2583 5.2061 1
130.2681 93.4669 1
151.7311 141.4338 1
103.3854 96.4545 1
168.4424 247.5221 1
173.9010 144.8286 1
160.4769 122.4482 1
121.2910 104.1444 1
140.7305 150.4719 1
167.8860 215.3808 1
118.6548 66.4391 1
131.6200 52.3316 1
101.9366 202.0771 1
112.4994 199.1244 1
167.4372 30.4423 1
131.2334 188.4791 1
