247.7626 6.0062 0
250.0880 163.5835 0
234.4527 78.9081 0
214.1725 168.2297 0
196.2504 166.6760 0
229.5143 32.4726 0
226.9514 28.0283 0
229.5674 155.0324 0
226.7970 173.4012 0
218.3940 173.6574 0
223.9464 123.5348 0
245.8962 187.2932 0
200.5163 140.3974 0
243.5196 71.3225 0
217.7269 3.5424 0
178.7160 107.5859 0
217.0310 154.8143 0
241.3376 100.2536 0
181.2854 126.5125 0
199.8460 72.9679 0
234.9479 43.3770 0
218.2895 86.4426 0
245.1474 51.4985 0
222.3926 111.6416 0
197.4641 179.6952 0
220.5283 106.6908 0
190.2995 174.7847 0
238.6651 71.5949 0
223.2688 181.5373 0
239.5027 217.1706 0
236.5476 60.7568 0
212.0651 212.9386 0
207.9178 163.8476 0
209.9548 32.6709 0
235.5270 104.8398 0
223.0329 36.5372 0
209.5854 222.8018 0
228.8733 226.0648 0
190.7220 85.1451 0
240.1239 248.5249 0
200.8462 148.5115 0
201.1075 120.8302 0
244.3572 118.5950 0
237.6800 126.1251 0
211.1720 141.7599 0
247.6402 61.6561 0
207.5442 228.0016 0
209.0883 87.7579 0
214.2826 124.9420 0
245.7588 131.6682 0
233.4372 191.2445 0
226.7458 59.5717 0
185.4778 128.4069 0
195.0346 222.6914 0
218.5320 78.4728 0
199.8238 171.5697 0
199.7312 104.2212 0
247.8928 217.3504 0
215.1402 108.9544 0
201.4381 82.3281 0
193.0626 77.0577 0
185.4525 116.9215 0
209.3904 184.6947 0
173.6876 162.5588 0
247.4345 179.1570 0
190.6716 143.1096 0
196.6513 95.3621 0
236.5434 150.9434 0
215.9301 246.9033 0
230.1960 76.5298 0
209.0781 101.5957 0
192.9187 112.2473 0
231.0582 118.0912 0
214.0682 199.6229 0
221.2286 41.4214 0
245.3329 126.9966 0
225.3519 242.4701 0
244.0727 209.0603 0
247.8225 115.0736 0
202.3387 1.6047 0
240.7433 181.5829 0
192.3617 121.9976 0
230.5480 139.1761 0
204.0502 76.6608 0
231.2763 175.8077 0
241.3662 227.7534 0
231.4418 41.1083 0
238.3522 139.3696 0
206.1153 35.4684 0
231.3724 210.7683 0
202.3842 220.8504 0
211.4421 58.0634 0
221.7141 156.5104 0
233.1592 186.1364 0
219.0846 216.7336 0
215.4007 24.0234 0
198.0435 90.3868 0
245.3797 250.4920 0
239.1508 7.6709 0
210.6512 74.0227 0
244.3761 104.7316 0
246.6342 92.3916 0
231.4621 53.9499 0
210.6128 239.9565 0
213.5287 116.9801 0
201.7590 113.4638 0
249.4711 153.4768 0
192.8068 130.0853 0
237.4893 24.4397 0
246.7092 87.3301 0
241.1367 40.1132 0
213.7809 232.5487 0
246.9602 142.1374 0
212.7036 163.0099 0
226.7331 70.4400 0
226.0107 162.5053 0
207.0165 61.1933 0
202.5619 192.5630 0
244.1016 78.8014 0
189.2376 164.2545 0
227.6324 125.4038 0
247.0746 28.4100 0
245.8835 146.7406 0
208.8008 42.8579 0
236.1564 112.9267 0
215.2154 32.2924 0
231.8278 206.0953 0
231.2617 145.9195 0
212.5190 176.4191 0
200.1752 229.8840 0
238.1441 158.9129 0
241.0095 49.4893 0
207.5328 192.2194 0
235.6314 219.4165 0
236.3334 118.4605 0
249.2145 105.3194 0
212.7899 147.1866 0
190.7072 169.4664 0
203.9772 96.0883 0
249.7799 239.0894 0
219.4303 224.2394 0
244.9447 18.3167 0
229.3112 234.1449 0
195.0788 104.5385 0
210.7608 48.3908 0
219.8116 238.9462 0
229.9151 106.2378 0
228.8528 242.5372 0
227.7046 221.4205 0
197.3166 191.1167 0
235.4609 87.6917 0
245.8967 160.8656 0
218.6753 138.4390 0
195.0592 242.1719 0
218.6984 164.7389 0
236.3044 65.7494 0
228.2444 185.2732 0
222.1256 93.4704 0
243.9378 201.2596 0
218.5023 129.4645 0
221.8456 50.8210 0
238.3017 35.3095 0
201.7517 50.4511 0
236.7852 198.3164 0
214.3488 182.5206 0
234.9206 10.4269 0
212.3631 14.6738 0
226.3115 84.7241 0
246.5774 38.8661 0
227.9390 18.6863 0
235.9391 231.4062 0
221.9597 16.1311 0
202.1877 183.7635 0
200.3409 130.8082 0
201.8342 153.1936 0
202.0688 18.4272 0
217.2708 91.4514 0
226.1725 4.8399 0
198.3180 64.5787 0
207.3337 234.6573 0
236.0618 19.5512 0
233.3371 1.0219 0
219.9630 68.7881 0
203.3748 246.3046 0
248.7895 171.2733 0
239.3063 84.5470 0
214.8359 191.4114 0
198.6754 162.0057 0
229.8617 10.8598 0
236.2376 53.3674 0
227.2906 167.5683 0
241.7502 191.3720 0
211.3771 153.6520 0
215.7352 96.8612 0
211.3229 65.3573 0
226.2005 64.9929 0
221.1829 142.3690 0
222.5515 133.5751 0
218.6299 145.8948 0
235.0199 30.9742 0
204.0398 11.3949 0
247.4479 227.4235 0
224.6431 191.6702 0
239.6286 167.7832 0
222.2708 229.9124 0
213.1516 5.1721 0
198.0357 121.5186 0
240.1613 238.0440 0
231.5628 128.8032 0
204.9553 109.0284 0
226.7816 146.8374 0
168.0529 244.9525 1
158.8095 48.5922 1
121.0307 147.9849 1
125.9234 228.4972 1
109.2130 173.3229 1
143.2991 8.4232 1
114.3191 161.2042 1
170.1337 146.2319 1
176.2818 86.0343 1
152.3090 225.4879 1
195.5468 12.0379 1
119.7546 58.0950 1
143.8078 66.7110 1
133.3496 59.8358 1
170.8430 111.7198 1
101.2717 213.6711 1
169.6635 139.2190 1
128.0860 101.8755 1
129.4397 223.6504 1
153.7646 115.6181 1
142.7708 72.7807 1
114.5685 90.0046 1
164.1989 190.8921 1
191.5601 249.0311 1
118.8889 205.5803 1
143.9738 115.6014 1
145.5458 186.7228 1
127.6659 200.1360 1
185.5009 186.0891 1
191.0955 214.0033 1
194.0780 198.2262 1
121.4542 135.4745 1
128.8114 8.5891 1
151.1503 156.5201 1
129.1487 148.8100 1
101.6234 80.4742 1
139.3256 88.3108 1
177.8350 38.8503 1
174.6549 73.0752 1
109.1367 239.1940 1
190.2424 189.8266 1
111.5325 247.7966 1
101.6968 194.2382 1
155.1665 86.5921 1
177.2542 49.9914 1
111.3364 13.9854 1
128.9431 187.4585 1
163.0158 19.5594 1
143.1672 167.7895 1
162.8785 114.4595 1
182.0361 80.0058 1
156.5919 78.8757 1
136.1790 97.3203 1
176.0249 15.1591 1
108.1848 154.5189 1
135.7887 34.1519 1
167.4078 157.5116 1
131.7377 141.6711 1
109.9383 22.0653 1
105.0579 110.0432 1
141.8084 222.3594 1
155.6778 29.7434 1
146.4128 26.3826 1
178.2849 202.2300 1
222.7910 201.5461 1
152.5730 10.2250 1
155.9338 208.9773 1
141.4842 182.2252 1
180.4880 91.4673 1
136.2111 203.9306 1
134.6810 27.2640 1
157.7347 164.8950 1
175.6203 103.1530 1
185.2992 100.0002 1
136.5564 172.1947 1
157.1327 58.7190 1
130.7369 170.3864 1
201.0473 238.4056 1
102.0335 130.8066 1
108.8333 106.7066 1
120.8708 196.2144 1
182.7511 214.1523 1
102.0985 148.3405 1
160.4319 146.2786 1
195.3052 35.8478 1
183.9889 249.4477 1
101.6804 206.1349 1
128.5477 124.8510 1
167.1333 212.1602 1
149.5441 46.9636 1
189.3303 226.6707 1
189.5677 70.2928 1
160.5386 137.3003 1
183.1461 204.4404 1
101.4012 234.2473 1
106.8417 186.9872 1
162.0201 3.8365 1
127.2267 66.0088 1
104.9784 16.5155 1
114.4320 151.6961 1
165.1896 82.3349 1
109.9986 40.4318 1
184.5589 31.1474 1
176.4779 81.7058 1
148.7486 98.8881 1
134.9269 12.6898 1
157.0090 200.4335 1
114.8492 75.6672 1
147.0395 81.4102 1
125.1548 106.6231 1
169.2047 98.4776 1
180.3340 240.2487 1
119.0783 1.7855 1
158.2545 71.2779 1
128.5282 88.4154 1
162.9234 204.5470 1
195.3129 6.8939 1
107.2715 94.1575 1
178.3729 27.3200 1
160.7232 126.1996 1
136.8972 153.5074 1
104.1137 88.4801 1
127.0121 4.5090 1
103.5684 63.9128 1
122.1657 182.7511 1
139.7339 106.4482 1
163.1696 215.3076 1
110.0643 81.7867 1
102.9156 161.2681 1
151.4618 199.0166 1
139.6246 212.0235 1
168.5070 37.1737 1
132.0638 116.0485 1
106.0194 245.1952 1
113.6099 193.0707 1
143.1588 11.9078 1
185.7191 140.5892 1
131.9344 162.1258 1
180.3878 66.4344 1
140.0950 228.0585 1
191.3097 58.8591 1
159.7215 231.4679 1
160.4272 109.0443 1
172.7755 45.5555 1
135.5189 0.6424 1
169.2116 80.5668 1
174.9215 174.6525 1
165.0548 27.3545 1
100.1182 204.4913 1
158.6643 239.1296 1
119.9962 223.9638 1
115.3879 209.8927 1
129.3260 245.8768 1
158.1644 199.3791 1
144.6539 246.4825 1
205.1478 25.3647 1
188.6086 9.6977 1
148.8313 169.0173 1
158.7030 117.8936 1
136.0463 124.2634 1
138.8051 195.5366 1
170.4225 225.7349 1
182.2138 174.7597 1
179.7798 243.9114 1
154.1954 178.0941 1
109.5911 218.7107 1
135.4270 52.1210 1
164.6091 46.7325 1
160.9309 167.2245 1
100.1348 6.5263 1
143.4679 108.6993 1
175.2765 192.8697 1
114.1173 169.0408 1
174.6692 234.5847 1
119.7640 83.2560 1
127.4962 70.8995 1
123.2713 131.2235 1
107.2527 73.2628 1
189.2773 20.2283 1
180.4952 185.6598 1
116.5383 44.3412 1
114.6413 68.8068 1
104.6880 39.4689 1
161.7310 174.1124 1
161.0486 182.5326 1
137.5925 141.8526 1
142.3005 159.8907 1
140.1625 117.2704 1
137.8199 72.6664 1
149.2827 218.6276 1
139.0530 135.2288 1
105.5817 125.7907 1
179.3793 135.0357 1
126.6057 210.1964 1
163.9111 243.0222 1
118.5583 122.8658 1
189.7636 202.6003 1
197.7989 59.5685 1
116.5823 12.6501 1
153.7390 179.8837 1
120.5152 94.6341 1
123.1784 21.7275 1
161.4988 220.4887 1
154.8530 22.1890 1
150.9785 249.7050 1
188.3704 193.3986 1
119.6452 167.6340 1
157.3199 226.1882 1
108.5371 206.3645 1
119.2551 188.7211 1
130.1455 239.4802 1
170.2001 194.3950 1
124.4693 113.9363 1
152.2612 51.4429 1
109.5179 5.5187 1
168.4209 122.0438 1
156.9069 173.4158 1
106.5806 115.6186 1
118.4178 157.5796 1
110.9097 127.2783 1
181.7932 155.0461 1
136.9889 79.0911 1
171.4294 129.4391 1
202.2130 212.6600 1
179.0291 140.5664 1
188.7543 239.1324 1
121.5098 12.9666 1
150.0934 147.7525 1
136.0903 186.9333 1
104.6692 51.7209 1
146.9335 201.2052 1
106.5026 147.7226 1
150.9367 124.3074 1
127.7064 20.9120 1
104.8631 28.1858 1
134.2469 222.8098 1
139.8623 55.3801 1
112.5316 229.7405 1
154.5296 135.7657 1
100.2335 181.7624 1
189.9362 157.6184 1
114.4019 179.3817 1
175.1797 33.8942 1
136.1704 46.5076 1
180.2583 119.6933 1
170.9195 181.4127 1
147.5382 139.3596 1
201.5597 42.2374 1
173.5096 19.8043 1
109.9199 60.8991 1
123.6829 47.8708 1
132.3418 80.4281 1
114.2606 101.1852 1
119.5305 174.8969 1
205.2237 205.8528 1
156.3687 41.3746 1
171.5875 247.4992 1
185.8374 67.8644 1
115.5950 51.2738 1
171.2679 166.7477 1
116.5290 112.7488 1
176.0239 219.2779 1
159.4357 100.4209 1
108.9966 139.4186 1
118.4211 32.2870 1
105.1022 181.5524 1
168.0265 199.1925 1
158.9519 91.0611 1
170.9550 56.5730 1
175.9744 210.8833 1
131.8480 233.6664 1
193.4781 45.6271 1
196.3834 28.4816 1
148.8712 233.4877 1
176.8881 5.6002 1
144.3551 36.3836 1
170.5457 153.1640 1
