230.3661 50.2061 0
232.8382 82.1757 0
185.5114 233.3387 0
239.0009 40.2362 0
247.8335 34.4377 0
245.6440 14.7242 0
203.6246 108.7997 0
167.9523 215.3531 0
167.1603 20.9275 0
212.8599 112.7923 0
250.4259 104.0205 0
188.8307 247.7669 0
239.5579 176.7772 0
183.2877 56.1432 0
249.9505 116.5931 0
220.1161 206.1575 0
177.9666 64.0286 0
209.9699 78.8992 0
206.9356 118.7136 0
207.0430 91.9236 0
218.5860 184.5996 0
173.7250 225.2953 0
240.0402 248.8134 0
235.9770 77.1438 0
200.0171 246.1827 0
230.1570 92.4218 0
209.4706 233.0470 0
186.9081 125.7824 0
247.7675 152.0572 0
191.6196 180.1788 0
198.4963 168.1510 0
200.9223 230.5789 0
215.7022 201.3481 0
246.1115 5.5402 0
248.1684 77.6977 0
237.8487 207.2496 0
198.8812 65.1164 0
182.7169 24.2911 0
232.3786 196.2775 0
206.6079 217.6376 0
215.6443 138.5203 0
245.3300 143.9254 0
248.6611 176.0014 0
244.7030 27.2940 0
197.8264 143.7533 0
247.6980 187.1208 0
210.9498 241.4334 0
100.7564 18.7916 0
219.8281 130.0954 0
249.8153 53.9422 0
165.8805 11.1468 0
211.3474 250.1341 0
207.4221 103.1220 0
250.6881 200.5441 0
227.4747 175.3826 0
244.3879 72.7888 0
242.0072 168.0228 0
243.0294 51.2401 0
204.8407 72.8397 0
176.9703 156.0932 0
227.9145 20.9945 0
180.1267 249.1842 0
183.7791 172.2039 0
183.7853 137.9454 0
184.9057 220.1894 0
246.5930 161.0608 0
181.2866 48.3381 0
190.5232 133.6658 0
212.2708 126.7104 0
193.6830 229.7625 0
230.9317 56.1486 0
194.6684 97.8949 0
228.7782 69.7858 0
249.0350 249.1038 0
232.5004 99.5631 0
233.4977 183.4045 0
216.2345 171.9007 0
209.7951 19.4004 0
213.6621 162.0197 0
223.4395 60.7295 0
188.9308 236.6859 0
211.4908 131.9445 0
191.2934 201.7368 0
198.9533 218.4732 0
218.4194 121.6387 0
223.8899 34.7242 0
234.5108 230.6724 0
198.5068 207.6012 0
217.6251 105.1693 0
170.3171 194.9292 0
184.5921 208.8597 0
184.9860 192.3036 0
241.9704 101.4451 0
243.1987 133.2253 0
177.9825 196.4761 0
209.5243 61.1149 0
244.8299 59.5338 0
179.4542 40.1840 0
210.3888 204.9141 0
226.5281 189.3019 0
173.8922 14.9280 0
172.1184 140.2543 0
217.2619 38.6216 0
238.0620 21.2137 0
189.7844 172.0032 0
244.8517 120.6213 0
171.0009 219.4565 0
211.3012 107.8409 0
182.4389 10.7975 0
238.1427 241.8157 0
207.8017 224.2280 0
245.1409 250.3298 0
174.3864 70.1889 0
192.9148 122.6739 0
238.1523 157.4697 0
171.1784 234.0762 0
240.6197 109.4405 0
224.8527 179.8581 0
217.9003 53.8860 0
237.3901 72.0883 0
216.3361 68.6763 0
193.4195 40.6200 0
216.2800 147.4259 0
243.9090 234.1682 0
242.7088 194.6718 0
239.1572 7.3279 0
218.1776 23.1095 0
228.6440 209.4967 0
193.5636 49.0196 0
218.1746 47.9336 0
192.8393 4.6748 0
239.3159 140.5900 0
175.8198 19.9729 0
182.1256 184.3256 0
197.1011 82.6630 0
236.3355 191.9411 0
250.3381 96.0464 0
183.1926 70.4043 0
232.0128 249.6457 0
186.3704 64.6493 0
197.7093 121.1185 0
224.7137 6.5495 0
225.4117 106.8162 0
200.4782 112.0169 0
211.6438 210.8570 0
229.4816 35.8976 0
190.4845 159.4324 0
188.4810 94.4398 0
201.5394 35.9607 0
199.0017 223.2437 0
186.4870 49.6921 0
235.3518 211.5509 0
245.4698 202.3954 0
223.3461 143.0137 0
207.1040 190.3451 0
208.6160 69.1014 0
237.5548 114.2763 0
214.1637 156.9529 0
208.2231 144.5027 0
211.0878 54.8724 0
225.5257 135.3713 0
239.9360 230.4879 0
208.3599 155.5385 0
249.5012 16.3630 0
239.8462 162.4614 0
223.4600 74.0402 0
185.6876 2.0471 0
221.9815 228.0881 0
226.5041 43.6218 0
176.1623 148.1507 0
184.0211 104.9260 0
208.8381 168.6215 0
212.1931 86.2513 0
220.8324 14.6954 0
218.2506 5.5755 0
232.4450 16.0511 0
217.4691 87.8310 0
243.9968 64.4915 0
195.1933 238.4534 0
226.5112 87.6983 0
173.3535 186.3444 0
177.1129 34.9298 0
222.3956 23.1493 0
202.7585 80.9368 0
230.4418 217.8756 0
247.8972 44.9217 0
203.0820 187.8118 0
197.2815 11.2897 0
179.5180 96.3753 0
228.0695 125.9311 0
199.9449 99.7504 0
238.4385 223.2346 0
194.7501 113.7514 0
212.9315 195.9588 0
244.1076 125.0572 0
239.9572 217.0452 0
209.7661 27.7418 0
229.8290 135.8294 0
245.7290 210.2745 0
174.6676 8.6271 0
213.5290 11.3183 0
250.6986 134.9345 0
177.8734 2.5572 0
192.6609 190.3055 0
189.8647 28.6629 0
196.0022 58.0056 0
226.8902 235.1377 0
248.2485 225.7543 0
221.7201 189.3919 0
199.6313 20.1690 0
235.4296 153.5951 0
227.9604 246.4248 0
215.6116 63.7327 0
203.7232 143.3805 0
190.7029 104.8980 0
203.0692 129.2826 0
192.4114 137.1318 0
202.2997 197.8507 0
197.7355 233.6087 0
182.0883 205.2868 0
233.1250 166.1811 0
248.5423 127.1299 0
215.3416 76.0522 0
179.2928 239.2888 0
193.2901 53.4454 0
198.6181 92.4181 0
236.3307 57.2189 0
218.1981 163.5533 0
201.0595 49.7020 0
221.4559 245.8937 0
204.1937 239.0165 0
223.6436 197.4698 0
235.6377 66.7120 0
226.1201 160.4124 0
182.2921 228.8013 0
185.4721 162.8915 0
172.2873 244.1815 0
238.8552 94.5366 0
177.7477 215.1835 0
206.0582 161.1998 0
216.6347 94.8484 0
182.0206 154.1739 0
243.3234 85.6281 0
182.2552 113.9637 0
202.3810 30.3741 0
171.2094 28.1861 0
198.4642 131.6574 0
225.7129 14.6912 0
247.3412 108.9492 0
215.8009 219.1631 0
221.2584 83.0210 0
220.6272 220.2438 0
187.7618 213.8580 0
202.2226 55.3518 0
242.9814 180.0864 0
241.4388 17.3850 0
223.6943 111.4192 0
229.0641 6.7414 0
208.0878 174.3704 0
194.9531 210.9538 0
199.2775 172.7192 0
240.6593 148.8796 0
244.7622 240.3540 0
191.6942 90.0172 0
236.7447 120.5060 0
181.5436 145.5105 0
235.0652 32.7201 0
204.2746 41.8844 0
229.7072 203.8510 0
221.5743 171.2360 0
189.2044 146.5342 0
231.3179 148.2647 0
237.3816 128.3842 0
203.4468 8.5065 0
191.0993 13.2351 0
223.1437 30.7344 0
231.4556 118.5180 0
204.7947 3.3589 0
166.6476 249.8021 0
215.3017 179.0926 0
249.6294 91.1740 0
215.4196 245.4370 0
196.6280 182.0966 0
221.9337 51.5179 0
248.7754 217.4175 0
230.8704 28.7707 0
224.4392 97.8217 0
198.4380 190.0086 0
198.7733 147.7788 0
193.2336 70.4418 0
210.9198 94.6415 0
187.1074 116.2345 0
170.8338 200.4942 0
198.3877 154.4158 0
231.0078 226.6881 0
236.9859 3.2949 0
196.5053 23.7868 0
222.9088 156.5074 0
133.7237 104.7025 1
123.0127 88.0934 1
167.6454 83.9152 1
143.9514 163.6548 1
117.7072 144.9622 1
122.3503 7.6378 1
107.0169 222.5541 1
104.1309 68.6210 1
175.8774 161.1562 1
158.5980 207.0895 1
129.9557 133.0208 1
150.5714 99.9669 1
151.7013 43.0562 1
166.6907 143.6787 1
139.2735 98.7277 1
135.4530 210.8038 1
132.2044 121.6591 1
110.9996 199.8975 1
131.2294 179.7784 1
167.7293 151.6015 1
148.7731 212.6651 1
170.5308 41.4047 1
102.4959 126.3732 1
128.8760 186.8663 1
136.5504 7.2294 1
106.2842 166.2688 1
149.1289 86.8773 1
146.7887 206.3265 1
125.4357 120.3310 1
151.6762 123.2285 1
143.2298 123.4814 1
160.8228 110.8945 1
121.9143 132.0845 1
118.1113 202.0725 1
118.9706 242.5358 1
110.8651 0.8117 1
133.6478 144.4168 1
167.1748 131.3106 1
160.3613 119.5194 1
125.2378 210.9003 1
109.9956 177.3759 1
116.0812 190.5170 1
107.2150 119.6276 1
177.9428 76.4903 1
153.0149 221.4495 1
116.5720 34.0641 1
150.3391 110.3457 1
148.7215 215.4050 1
144.1930 197.2501 1
133.3496 80.4490 1
104.0648 35.8915 1
110.4755 230.5567 1
141.0834 29.3461 1
150.8010 35.8540 1
129.0894 153.0539 1
136.9830 17.0718 1
174.3157 104.5274 1
110.4737 95.2079 1
125.9832 144.5214 1
118.6463 169.4568 1
162.8153 138.9508 1
144.0585 4.6461 1
165.6264 119.6802 1
137.6738 249.8167 1
100.0563 49.4560 1
127.1954 74.3408 1
184.2665 88.8258 1
108.7198 22.9396 1
126.8036 239.8815 1
154.1559 4.4216 1
154.6017 246.7441 1
133.7597 68.7467 1
123.9551 114.5712 1
145.5608 52.2577 1
170.5494 66.5178 1
124.8053 39.7755 1
126.6006 95.0769 1
143.0810 133.9237 1
105.0643 143.7591 1
171.9620 209.0456 1
111.0974 30.6029 1
140.6233 60.6018 1
152.3750 158.8641 1
180.2085 164.3670 1
118.7237 15.9960 1
176.8252 128.2166 1
122.0664 68.3883 1
159.3853 48.9488 1
160.2904 239.5222 1
131.6533 50.0866 1
148.4248 66.1566 1
112.4677 151.5342 1
163.8246 181.6111 1
114.1511 109.2366 1
158.6111 188.5805 1
123.2910 163.6076 1
161.8588 92.2649 1
142.8803 106.8456 1
148.9326 187.4818 1
157.9955 169.3048 1
132.2235 163.6252 1
113.4750 137.5220 1
149.5317 134.0591 1
145.8219 142.1681 1
162.1280 106.1309 1
118.6679 57.1171 1
108.4959 135.5618 1
111.0208 246.6803 1
139.3522 124.6385 1
139.3650 67.1185 1
105.8687 14.4537 1
171.9369 51.7038 1
138.1180 78.1209 1
145.0104 118.4319 1
143.3997 79.4836 1
160.3330 221.5009 1
132.4128 4.2419 1
104.2125 106.6600 1
116.9426 24.9818 1
174.4449 119.7414 1
153.7744 71.7114 1
168.8609 164.9159 1
139.4992 240.1785 1
154.0390 57.1832 1
149.2928 149.8266 1
170.8253 58.5134 1
154.2020 140.9024 1
137.5898 31.0997 1
153.2878 180.0530 1
104.8117 149.4629 1
104.3658 6.5716 1
105.8118 159.0468 1
106.5167 44.4156 1
161.5257 175.4164 1
166.9118 100.5802 1
133.3122 21.8933 1
134.7147 41.1994 1
129.3291 14.2406 1
188.1486 77.8789 1
168.8084 187.3919 1
138.3817 141.4662 1
136.2409 48.4776 1
183.5255 34.7351 1
124.9138 173.1985 1
115.0209 8.4798 1
159.3140 195.4013 1
100.3612 92.4113 1
176.5424 138.5155 1
118.4135 180.7621 1
164.4178 72.9114 1
127.3886 247.9613 1
124.7066 229.4634 1
132.3102 57.8324 1
134.2930 220.0765 1
100.2753 214.3306 1
160.6897 160.2319 1
128.8071 206.9323 1
142.0360 148.5347 1
105.1737 191.4026 1
179.4293 86.2846 1
123.4725 194.7617 1
102.3109 76.8220 1
116.0643 232.2647 1
156.7173 220.7730 1
112.1306 221.5814 1
107.9843 86.5495 1
121.5457 103.9045 1
144.9821 247.2198 1
133.2452 35.3443 1
104.3215 205.9429 1
109.6356 213.9351 1
148.5250 26.1718 1
134.4349 228.7621 1
168.8944 225.2799 1
130.0823 198.0681 1
158.3692 29.5983 1
172.2539 109.7942 1
147.4902 241.3236 1
140.2045 175.9936 1
116.1297 65.5746 1
144.5966 38.3761 1
157.6405 16.9835 1
135.5368 22.7795 1
106.3056 59.9241 1
177.8705 115.6331 1
157.4390 127.8250 1
116.1528 128.6339 1
113.3591 78.9661 1
107.6389 125.7595 1
146.2963 15.7328 1
108.3454 71.4748 1
101.7549 113.0491 1
116.5093 159.2447 1
164.8849 79.6073 1
164.3835 34.9632 1
154.0312 80.3672 1
162.0546 61.2650 1
124.5525 77.6499 1
132.1504 89.1056 1
141.5262 183.4706 1
102.7848 196.0776 1
148.8533 197.5993 1
140.5722 226.4971 1
160.4300 199.9123 1
140.0897 94.5288 1
144.6656 170.2157 1
146.2144 74.7449 1
118.4056 44.7816 1
135.5033 193.2906 1
170.6873 91.1593 1
117.3900 95.3041 1
111.0589 48.8194 1
162.4847 21.8419 1
104.1998 237.8883 1
154.4882 236.4816 1
142.4264 231.1109 1
158.6022 231.2255 1
