203.7699 51.5144 0
243.4439 224.4761 0
229.2040 85.9467 0
193.1591 186.1675 0
232.4245 3.9530 0
211.0111 188.6701 0
246.9029 82.2481 0
239.6873 117.7031 0
190.4026 8.6259 0
236.5084 55.9715 0
239.2391 194.8597 0
213.2264 248.0486 0
214.5646 213.4575 0
202.0696 126.1204 0
174.8849 215.7456 0
227.2729 0.9059 0
202.9418 138.0652 0
205.8600 63.7450 0
193.8337 114.7071 0
190.2468 3.7676 0
232.8255 160.4320 0
244.4579 165.1160 0
212.6314 135.5441 0
244.7549 144.9480 0
226.3354 28.6141 0
247.8640 203.9281 0
245.3644 181.5216 0
233.6288 82.5630 0
217.6318 64.4051 0
227.9561 11.3142 0
196.6245 247.4819 0
236.6026 98.0435 0
244.8822 137.6581 0
202.6480 188.3435 0
247.1017 14.6296 0
192.2247 240.0383 0
191.6139 136.6634 0
174.6312 228.5394 0
182.7928 222.6584 0
196.2212 84.3434 0
204.3282 0.9347 0
228.3918 201.4122 0
197.6958 108.6845 0
239.8796 232.1570 0
195.8567 95.0306 0
229.7938 165.7923 0
200.8278 195.2920 0
213.5948 3.9204 0
186.5672 192.1556 0
181.9829 210.8801 0
245.9593 110.7678 0
234.9187 229.3443 0
181.7931 9.4502 0
225.0682 135.8465 0
246.9252 195.0945 0
231.9830 95.2130 0
236.3313 23.4542 0
241.8993 62.3858 0
220.5712 20.8641 0
212.8324 148.6644 0
235.8266 136.9888 0
249.4859 22.4330 0
230.8330 177.3041 0
198.6642 49.3318 0
242.8636 187.2774 0
201.3145 89.3307 0
235.0848 37.2190 0
202.4396 106.3979 0
221.5987 35.2330 0
175.9283 238.5896 0
180.1739 73.6106 0
216.3141 243.5170 0
185.8632 52.8637 0
241.9085 80.3488 0
243.5552 214.5930 0
192.2645 212.8852 0
211.2183 110.7836 0
204.6385 118.0593 0
229.2781 244.7734 0
219.3102 127.8111 0
176.8902 43.6213 0
219.6842 97.3840 0
247.6263 154.2918 0
183.4629 229.4416 0
181.1542 82.8877 0
244.4774 235.3515 0
211.1672 127.6250 0
234.7823 212.3447 0
229.5773 185.3658 0
192.6737 197.7135 0
236.9382 15.5432 0
209.4196 177.4527 0
190.1160 85.7359 0
218.2738 156.6874 0
201.9719 41.9193 0
246.2706 8.9249 0
245.3918 104.0151 0
204.5114 122.5498 0
207.3880 247.1331 0
218.2380 106.7184 0
231.5430 41.8569 0
195.9510 13.4937 0
187.0189 15.5785 0
243.3030 198.0678 0
191.9872 245.7466 0
200.3017 240.6650 0
221.9179 48.9206 0
225.9521 153.5074 0
223.2088 11.1611 0
208.9263 7.1268 0
203.6288 76.4418 0
227.8760 76.0069 0
231.2478 235.8623 0
191.6266 40.8100 0
187.4361 68.5686 0
195.9392 208.7647 0
179.1587 60.1637 0
173.3403 196.5679 0
204.2470 15.9998 0
189.7058 95.2481 0
243.3984 120.3054 0
180.7859 191.7928 0
189.5013 180.3427 0
172.6778 187.6496 0
230.7159 172.4559 0
215.5963 53.6147 0
212.0527 105.1866 0
248.3703 186.3638 0
250.2552 219.3401 0
191.4619 31.4263 0
226.8547 121.8015 0
201.0461 19.5535 0
196.2677 133.0256 0
250.5482 239.5901 0
193.6333 127.8569 0
217.5140 45.8802 0
175.1967 51.9965 0
236.7968 30.1577 0
203.2139 178.7856 0
214.1673 169.3051 0
208.0593 160.4233 0
238.9823 157.7393 0
207.8465 69.1416 0
244.1470 39.3272 0
199.5671 69.1749 0
230.0816 51.1356 0
221.5194 144.2730 0
223.1289 63.2870 0
218.5472 202.0147 0
186.5202 82.6337 0
195.7181 174.8934 0
225.1405 39.9547 0
246.1452 68.7433 0
225.4683 85.2400 0
238.1721 225.1652 0
214.9979 141.0092 0
212.3269 67.9224 0
189.9745 123.3017 0
199.1183 79.9302 0
242.3556 177.7199 0
242.8696 49.8328 0
224.4273 209.2558 0
201.7500 147.7016 0
233.9865 195.6404 0
203.7175 232.4787 0
225.4727 170.1887 0
226.1451 222.5893 0
243.8816 84.8605 0
213.1857 21.3940 0
213.7575 197.2955 0
198.5580 9.3159 0
226.8796 109.0148 0
233.3158 204.5594 0
197.9175 186.3180 0
239.1476 246.6377 0
210.4558 41.8304 0
196.3893 201.1027 0
195.0427 123.2163 0
203.5668 204.4131 0
180.0918 184.8329 0
201.7642 28.0800 0
237.2591 106.1074 0
212.3171 164.2447 0
222.3422 123.3239 0
211.9419 77.8708 0
241.4418 1.9984 0
191.2804 54.1862 0
221.6831 163.1082 0
207.2666 32.6755 0
230.3546 31.9585 0
195.1457 20.9679 0
223.6682 184.8921 0
232.1860 221.6979 0
208.6121 224.1011 0
218.1717 222.6213 0
230.9399 116.9272 0
209.4200 197.3382 0
238.8918 128.0111 0
217.5169 12.7436 0
217.1048 191.9269 0
219.2240 72.6746 0
199.0950 232.7122 0
245.0999 56.8842 0
219.5062 79.8795 0
183.2341 3.2223 0
224.1918 213.3883 0
173.9390 206.2848 0
189.5757 76.4134 0
216.0219 115.0626 0
243.8557 244.2567 0
210.8243 93.0788 0
188.5801 44.4068 0
211.7074 13.4949 0
177.1670 80.4624 0
219.9441 133.9127 0
216.1414 28.3854 0
220.6797 149.3367 0
248.6349 56.9961 0
206.7119 208.4966 0
229.2710 192.3753 0
188.2545 63.1295 0
212.6424 84.6760 0
237.2355 8.8027 0
223.1519 57.1236 0
198.0183 116.9049 0
167.8723 78.1591 0
211.6034 217.9229 0
212.0189 57.8485 0
233.5152 130.4218 0
166.9938 199.9124 0
217.6981 178.2690 0
234.9030 111.0055 0
239.9186 89.0782 0
208.2783 239.1002 0
208.8562 145.7182 0
184.3963 36.3424 0
247.3632 30.0175 0
199.4201 58.6052 0
198.5257 220.7177 0
213.3084 235.7468 0
248.6697 146.1668 0
211.9016 208.5662 0
230.7831 148.2781 0
224.0012 99.0794 0
221.6560 237.0726 0
198.6680 74.7906 0
236.5274 141.6737 0
246.5119 228.1193 0
203.6935 144.4337 0
240.5779 70.2126 0
224.4478 104.5217 0
190.4341 224.9043 0
180.7873 238.7333 0
241.7520 23.3520 0
220.1058 230.8945 0
241.7312 208.8690 0
188.9519 27.0911 0
198.9462 61.5152 0
235.0746 185.8936 0
230.6367 64.0763 0
237.8669 167.6378 0
238.8238 147.9879 0
242.5923 131.7582 0
116.5012 233.1219 1
162.5072 41.4556 1
176.7351 109.4664 1
128.1228 250.2872 1
108.7753 153.7631 1
176.0905 245.6476 1
164.5468 230.6017 1
110.9876 238.6053 1
176.2830 142.0675 1
147.8936 214.3771 1
171.2860 92.4609 1
169.1084 228.8490 1
113.1337 92.8834 1
112.6628 36.2571 1
168.2362 6.8190 1
140.4111 215.4151 1
119.2285 134.0408 1
120.1517 169.6331 1
138.5719 196.6117 1
176.6467 114.9780 1
108.5841 66.9631 1
114.5188 63.5522 1
100.3095 199.2504 1
138.4053 184.6400 1
146.9849 141.5793 1
169.0133 123.5338 1
153.7331 176.6944 1
205.0128 170.0334 1
173.6025 247.6648 1
173.8135 17.3646 1
163.8905 241.4709 1
116.7351 109.2815 1
126.8108 92.5876 1
177.1368 29.1031 1
129.3248 110.4484 1
139.6563 19.4051 1
163.0916 210.9193 1
175.7272 130.0976 1
145.1935 56.7714 1
114.5415 194.1569 1
189.6652 163.0481 1
123.4083 241.8809 1
129.3953 236.6558 1
105.6425 209.8782 1
131.5381 40.9160 1
140.4281 38.8519 1
103.1986 55.5732 1
102.4361 97.5452 1
106.6901 193.1946 1
178.4597 122.3641 1
103.3830 29.6185 1
155.2870 154.8299 1
130.7201 131.4715 1
167.6112 146.9734 1
139.1291 210.2477 1
104.6363 144.2177 1
135.5128 65.8707 1
139.9247 126.8691 1
190.0815 169.8093 1
106.3916 111.1089 1
143.8893 26.3662 1
141.6278 79.3004 1
129.6743 5.3737 1
155.3165 135.7935 1
117.4153 174.2458 1
137.0962 246.9983 1
121.2282 111.6206 1
149.7981 71.2649 1
147.7327 146.9622 1
120.7980 80.8378 1
155.9235 204.2380 1
124.0579 48.3924 1
188.8376 142.1747 1
133.8791 197.0659 1
115.6638 9.9185 1
126.5680 13.5227 1
122.1347 192.2815 1
112.3268 186.5783 1
170.8733 68.8696 1
125.1294 39.6192 1
102.9869 160.1086 1
159.0968 197.1761 1
133.2572 9.4883 1
110.5381 24.5171 1
117.1384 50.6887 1
139.6729 66.6458 1
167.8922 133.0021 1
126.1566 182.5607 1
122.7409 104.3446 1
179.5735 156.0989 1
162.5799 75.0271 1
149.7444 128.7777 1
105.8646 100.8500 1
187.5099 173.8992 1
150.2059 193.6178 1
100.8646 127.9535 1
144.7604 110.8100 1
157.5278 21.4683 1
110.4388 140.1681 1
133.7182 143.7441 1
170.4924 169.4707 1
126.4419 195.0050 1
156.5121 235.6416 1
100.0542 89.2755 1
169.2957 57.3343 1
155.8036 81.7596 1
166.4982 249.5404 1
150.0263 95.3985 1
147.0577 225.1360 1
171.4848 29.3124 1
127.5506 73.2901 1
129.0035 210.6126 1
137.5690 96.6118 1
125.2720 212.1996 1
132.5302 121.0632 1
149.9671 50.9990 1
118.9999 182.6773 1
161.6480 162.8173 1
179.2075 98.7629 1
136.8609 206.5051 1
161.2560 101.2864 1
178.3235 90.6066 1
147.7595 63.6807 1
177.1893 176.1591 1
178.6396 118.2242 1
111.8470 83.6325 1
189.8492 99.9658 1
158.3758 88.7639 1
103.9873 60.5409 1
105.3345 221.7470 1
172.3120 38.3816 1
183.9817 157.1527 1
167.2381 187.8978 1
156.8573 1.7547 1
147.1437 242.5610 1
101.6196 66.9020 1
152.2512 101.4074 1
146.2955 233.2891 1
154.4106 8.5170 1
162.2530 12.5292 1
102.5815 39.0374 1
123.3549 125.1225 1
126.5252 175.3867 1
129.8563 228.9294 1
140.7794 175.5461 1
103.5403 213.7537 1
135.7426 233.5403 1
131.3417 158.1022 1
137.0743 165.8340 1
157.4479 54.5514 1
145.7805 204.5561 1
141.1664 121.0532 1
143.6543 129.0181 1
154.9888 185.7576 1
109.4867 42.6973 1
104.5601 241.1198 1
168.0134 218.7503 1
148.7917 249.2664 1
161.9356 35.7142 1
196.6661 149.4141 1
133.7588 84.4779 1
115.5214 223.6981 1
166.4374 176.6983 1
159.6619 178.0625 1
133.3155 177.3668 1
121.9173 4.5553 1
156.9273 224.3248 1
188.5251 104.8215 1
143.9424 114.3655 1
140.5532 30.6520 1
106.8740 174.8226 1
133.1711 48.7075 1
104.3235 135.5029 1
179.8502 22.1270 1
118.2501 154.0806 1
161.6108 60.2330 1
115.2216 246.8146 1
164.8234 48.3572 1
179.5789 65.4151 1
142.8071 90.7038 1
142.2758 163.4514 1
170.9201 98.8478 1
101.3949 236.1864 1
158.8092 112.1675 1
166.5041 43.6895 1
108.0463 49.8367 1
143.4182 152.9933 1
101.1723 76.3030 1
167.1010 115.8396 1
198.8144 166.6964 1
110.1747 128.2233 1
109.5607 201.5175 1
168.0598 83.1197 1
129.8080 167.8166 1
126.7973 58.7307 1
162.1200 152.1454 1
112.6165 119.8547 1
159.8934 129.8037 1
114.0377 207.9467 1
153.8670 105.7590 1
125.0460 85.1486 1
103.5311 11.2140 1
108.9339 72.7721 1
173.1718 153.7663 1
148.7427 26.9759 1
131.6349 190.8375 1
101.7049 0.5468 1
156.0007 44.5878 1
136.0281 71.8473 1
101.5353 190.1378 1
122.7749 137.2106 1
151.1740 198.7258 1
117.4756 18.2650 1
118.1841 203.9218 1
160.7916 141.8083 1
146.9826 157.1181 1
127.7736 26.3866 1
186.1807 132.2752 1
107.3317 229.8739 1
117.1900 98.5822 1
151.2445 64.4423 1
136.4248 223.1226 1
153.1940 167.2470 1
118.0676 219.1946 1
134.1956 0.6031 1
119.8470 41.6841 1
127.2173 64.2262 1
135.7543 113.9598 1
145.3374 220.9586 1
123.0943 89.8384 1
121.5639 143.5118 1
178.0207 1.5417 1
165.0728 136.5416 1
154.6848 214.1002 1
134.9441 154.6500 1
185.6994 146.8255 1
116.5057 161.5687 1
165.4669 88.1981 1
116.1861 32.0695 1
137.8814 7.5649 1
123.2779 232.4988 1
148.7645 3.6279 1
147.4920 186.8179 1
