221.2798 63.6257 0
217.7601 70.4049 0
201.8004 245.6063 0
232.5115 37.2516 0
249.3832 32.7092 0
245.5822 239.0344 0
226.1208 81.1379 0
184.0583 215.1347 0
210.1387 44.1021 0
227.4315 98.3927 0
240.2938 102.4965 0
208.5970 7.1520 0
186.7842 38.6532 0
235.5392 147.8633 0
198.9586 62.0936 0
183.1171 45.7630 0
210.4061 109.8593 0
194.3937 64.1406 0
242.4677 141.7659 0
207.2732 187.5151 0
232.5442 216.7196 0
211.9656 74.0331 0
226.6384 8.7041 0
217.9848 237.7153 0
200.1901 87.2761 0
215.8896 138.4133 0
202.8407 170.6327 0
248.2454 85.2453 0
188.1986 117.5973 0
196.2434 207.6478 0
239.8311 154.1756 0
234.3177 236.4140 0
192.4083 76.6265 0
193.2277 83.2402 0
174.3447 47.1122 0
247.3308 225.7733 0
211.0091 218.2146 0
243.1823 122.2145 0
188.8792 131.2585 0
200.9419 218.4708 0
185.8345 63.5164 0
239.7446 112.5014 0
239.8745 42.0560 0
188.0406 25.2894 0
219.8071 215.1104 0
227.5205 116.8235 0
239.9667 164.4375 0
248.4992 56.6536 0
241.0853 30.4348 0
197.2680 45.9403 0
194.9197 131.0743 0
238.4572 8.5572 0
206.5011 19.1899 0
227.9884 144.4614 0
182.2703 111.4657 0
197.0041 215.3733 0
182.7647 75.5886 0
204.4831 100.9343 0
245.2846 110.9827 0
198.9100 227.7287 0
222.0254 54.0812 0
225.8425 102.8417 0
192.7111 17.3120 0
242.2986 218.8384 0
249.5126 66.3455 0
235.7369 134.0030 0
221.6825 42.2632 0
203.0121 114.5051 0
198.6901 52.5607 0
223.0810 249.1528 0
179.2767 139.8725 0
197.5979 175.2519 0
191.3330 202.5814 0
234.2045 95.3959 0
224.0067 48.5000 0
213.8413 199.5714 0
227.0249 199.0248 0
199.5112 70.9778 0
206.6388 192.4919 0
182.2050 226.2963 0
239.5945 204.0124 0
186.4545 189.7870 0
199.8552 187.9631 0
207.7511 25.8550 0
240.4469 56.3948 0
182.8488 70.4463 0
224.2036 188.9972 0
245.0356 147.3266 0
190.0764 244.2844 0
185.2828 109.2584 0
228.7430 25.8860 0
240.0229 232.2191 0
191.4253 121.7040 0
250.3522 109.3021 0
193.2014 218.1236 0
182.6200 122.6113 0
218.5739 9.9840 0
233.9244 198.0778 0
226.5263 161.1609 0
189.6851 92.0722 0
185.8670 134.0527 0
189.0040 0.0228 0
236.8961 125.4125 0
250.0142 159.3177 0
232.2104 42.4495 0
229.9800 64.7041 0
203.6296 57.1493 0
220.0135 5.3134 0
233.9211 141.8032 0
235.4978 212.5510 0
234.9841 50.6632 0
219.9446 204.4095 0
221.3488 20.5721 0
236.9942 172.9683 0
192.3109 46.7332 0
239.9221 25.5001 0
231.1551 232.6384 0
250.1260 186.0980 0
231.0930 119.0070 0
204.1586 236.4390 0
194.7046 162.1003 0
207.5265 83.0097 0
244.0148 212.6177 0
189.2512 36.3263 0
239.5858 226.8564 0
178.7649 99.0879 0
239.7570 83.5606 0
208.8180 204.5674 0
237.5842 88.3358 0
231.1596 71.9655 0
238.6795 180.9374 0
210.1315 169.7231 0
215.4586 89.8767 0
207.5559 36.5851 0
204.1088 201.2816 0
173.8480 27.8218 0
244.4954 190.6385 0
229.2541 126.8778 0
181.5085 160.5531 0
207.3398 76.6854 0
248.8980 96.2655 0
222.7893 119.9744 0
189.7381 113.1369 0
208.5208 67.7243 0
221.4629 134.4489 0
224.8733 174.9144 0
200.9340 119.5791 0
170.0350 77.4012 0
208.2826 1.0546 0
201.0636 209.1708 0
249.5920 24.3908 0
205.7643 177.6703 0
178.1189 57.0751 0
213.4677 98.4135 0
180.3033 90.8923 0
228.2107 249.7667 0
215.8125 233.0826 0
235.8650 245.3333 0
207.3659 92.6269 0
204.5912 64.8479 0
205.1355 228.1682 0
226.4931 70.8197 0
220.1530 183.7331 0
239.9110 14.4814 0
200.5732 30.9556 0
231.1994 12.5316 0
187.9539 87.6666 0
215.9703 175.8258 0
219.3535 170.7345 0
246.2352 2.2897 0
187.0636 100.9124 0
214.2968 126.6372 0
239.9097 75.8518 0
244.7078 202.8094 0
174.1156 108.9047 0
218.0734 155.3119 0
244.0942 99.4122 0
236.7108 161.0628 0
235.4262 20.4955 0
176.7444 245.4914 0
227.3104 240.9860 0
177.8035 32.8475 0
209.5853 180.7948 0
224.9174 56.5911 0
187.2125 48.6433 0
180.0194 37.8210 0
235.7957 194.0730 0
232.6944 208.1640 0
241.3169 130.0923 0
208.6584 32.3040 0
228.9777 140.2997 0
242.4032 172.3680 0
214.2807 47.2812 0
188.4674 170.0923 0
215.5104 83.9685 0
173.0898 98.3639 0
203.4781 145.2654 0
197.8609 191.8167 0
189.5540 229.7276 0
211.6304 212.4455 0
224.4614 88.4678 0
167.8484 23.6991 0
194.0607 54.0338 0
217.5472 56.3122 0
199.0116 75.1002 0
210.4527 149.7749 0
190.2025 29.9271 0
187.5049 211.2341 0
215.6094 246.9599 0
226.8817 153.3606 0
197.5921 33.7651 0
198.4683 145.7144 0
219.4145 224.4746 0
208.6112 139.3014 0
183.6726 5.1128 0
209.8906 226.4062 0
232.4600 88.2727 0
174.6080 92.0421 0
196.0443 102.5225 0
240.8709 68.7139 0
198.5860 94.4157 0
200.8259 20.7108 0
192.2822 10.3555 0
193.7913 107.6453 0
222.5012 220.1189 0
236.6906 106.4445 0
221.3682 162.6423 0
212.5824 63.3048 0
229.2760 177.6695 0
180.6562 173.2562 0
240.6528 246.6353 0
209.1196 58.2439 0
241.9218 0.0732 0
224.4651 108.7366 0
232.4791 228.6996 0
209.4044 120.1453 0
192.2874 193.9073 0
247.6553 16.9178 0
212.4009 158.4955 0
189.7186 57.0399 0
249.8285 132.2291 0
232.1903 109.0448 0
244.0796 47.6368 0
185.0823 127.0410 0
236.6378 63.2559 0
230.5973 21.0778 0
126.6968 27.9113 0
194.5726 138.1459 0
247.1205 119.2568 0
217.3782 144.6549 0
213.9756 27.0562 0
199.4675 5.6262 0
222.0392 30.9877 0
204.4073 106.1425 0
225.9535 231.9845 0
194.4385 234.7810 0
216.8048 149.8454 0
240.0635 185.7088 0
204.4106 158.2957 0
216.4404 43.6633 0
250.1638 195.1490 0
248.8205 77.5567 0
211.0133 195.3523 0
205.8802 128.0353 0
172.9621 67.3076 0
230.0183 83.3048 0
183.7846 97.9481 0
174.9789 231.9491 0
218.2378 113.3687 0
227.0872 168.7917 0
221.9197 229.2478 0
201.3089 10.7464 0
247.7720 138.3571 0
134.9468 105.5553 1
146.7133 147.3619 1
164.5347 10.7063 1
124.4325 210.6584 1
145.8735 141.1106 1
160.0740 41.5278 1
120.4605 169.6568 1
110.6349 246.1757 1
103.9786 188.6102 1
181.9335 165.4930 1
146.2573 229.1837 1
116.3861 51.6750 1
103.3041 132.4273 1
134.0546 204.2281 1
157.3719 246.1855 1
124.3633 199.0999 1
121.4940 1.2007 1
130.3807 221.4148 1
167.3361 228.7280 1
107.9020 199.4763 1
158.3107 142.0123 1
137.0198 33.0626 1
168.3860 206.3212 1
117.3919 71.2733 1
168.4725 210.9633 1
112.8166 230.3110 1
177.8181 119.9797 1
169.7429 112.8730 1
151.8526 117.3177 1
172.4941 136.0618 1
120.0846 98.1132 1
109.5775 26.0135 1
132.8489 76.7568 1
111.9851 58.2793 1
132.6875 209.1136 1
141.4109 164.1135 1
153.7926 181.1013 1
139.4806 147.4934 1
121.0768 63.7375 1
114.3207 171.9202 1
103.8366 62.9361 1
104.3360 90.2193 1
102.7058 108.5982 1
149.9680 78.1615 1
109.8468 218.8923 1
153.3159 192.6052 1
171.9288 194.6423 1
131.6529 133.4878 1
140.8346 123.8570 1
156.1511 134.3431 1
105.3540 241.2962 1
155.3846 10.8176 1
176.2460 154.6947 1
146.0175 18.4151 1
177.2335 23.1669 1
149.3250 89.7019 1
151.1503 69.0480 1
118.7230 130.4827 1
106.0074 120.9350 1
128.8681 32.3691 1
134.3743 184.3979 1
105.3156 153.9341 1
134.5145 172.1493 1
118.7580 145.3895 1
160.2261 219.5309 1
126.3256 74.9609 1
136.7807 243.0482 1
110.4052 101.7007 1
121.7584 118.0554 1
139.7264 24.5118 1
182.9289 21.2531 1
138.0832 226.8477 1
152.2903 162.6991 1
171.6102 54.7347 1
165.2924 83.9778 1
132.7357 39.0309 1
175.0703 188.1412 1
104.3187 37.4364 1
108.3276 108.8958 1
141.5896 84.3575 1
116.5987 137.3652 1
141.2599 34.7887 1
106.0173 135.4380 1
171.1389 19.9271 1
156.4716 148.9649 1
127.9854 235.8850 1
178.7307 240.9322 1
169.2130 36.7465 1
141.0797 207.3157 1
130.6248 195.4789 1
150.7493 43.2480 1
158.9270 107.5433 1
128.0929 101.7474 1
176.2207 72.2919 1
177.8494 201.6201 1
162.7355 56.2089 1
115.3600 36.3244 1
136.0305 118.8658 1
157.7318 157.2877 1
139.5273 114.2256 1
137.2449 232.1194 1
123.4221 143.7670 1
124.5502 188.2473 1
113.7292 109.4982 1
146.8608 195.7308 1
188.6354 150.8681 1
102.7673 77.2694 1
189.9438 181.1487 1
170.2444 168.0971 1
124.7745 105.4141 1
169.9031 181.4660 1
141.1447 148.9868 1
130.9683 126.7052 1
167.5925 153.5947 1
107.6738 181.8703 1
149.0379 51.7833 1
121.4388 159.0363 1
161.4932 82.3106 1
152.3213 223.1598 1
158.8297 228.1725 1
156.6948 99.7018 1
122.7912 12.7103 1
160.7066 149.8084 1
122.9875 178.3664 1
121.8222 45.4041 1
119.3583 77.2263 1
120.0031 86.8391 1
129.6680 86.1212 1
106.3826 231.3656 1
200.1228 164.8958 1
103.9538 21.4762 1
156.0963 22.2495 1
130.5772 116.8830 1
135.9279 199.0733 1
166.3789 169.0722 1
123.6293 247.9376 1
166.4268 241.5991 1
170.5630 72.6944 1
163.1046 195.8327 1
141.6667 98.8294 1
112.6369 189.3365 1
168.0285 122.0518 1
161.6337 161.0426 1
160.9026 61.3649 1
148.4715 109.8922 1
132.0191 233.3195 1
147.6436 4.7135 1
140.8580 6.4797 1
110.5806 113.5971 1
141.5442 194.6462 1
148.9154 128.1160 1
126.1804 50.8914 1
157.0806 44.7636 1
183.8092 12.9879 1
135.1707 52.0328 1
163.3728 248.3302 1
120.7827 230.0720 1
104.7659 206.1062 1
161.1670 127.4408 1
140.1321 171.2011 1
150.8096 103.0258 1
106.2754 70.7982 1
172.8912 222.8636 1
140.1092 76.0675 1
174.4821 213.0753 1
147.7752 186.4122 1
118.1043 27.5758 1
110.7857 64.8924 1
107.3237 168.3870 1
157.2563 209.4475 1
161.3734 187.0068 1
133.3730 94.0622 1
164.2804 110.5168 1
153.4837 237.5142 1
112.2250 92.5520 1
132.1589 43.5825 1
115.7778 3.0941 1
159.2541 137.5873 1
103.9922 100.9284 1
173.0117 6.9078 1
113.2599 133.9150 1
157.6069 65.4139 1
114.7479 13.8752 1
149.7153 200.4980 1
125.2513 22.4104 1
138.4092 215.0876 1
146.9754 176.2942 1
161.7625 72.8339 1
149.4348 172.4761 1
152.4405 26.9006 1
161.1983 176.5744 1
117.9083 222.9895 1
133.4252 16.4063 1
158.0463 200.7907 1
140.2226 46.7972 1
136.4313 140.0141 1
133.6276 2.7071 1
165.7734 102.8648 1
118.5989 240.8550 1
157.1614 94.4453 1
129.8009 68.0704 1
151.8629 58.3507 1
144.9545 238.8745 1
108.9020 177.5712 1
103.1562 249.4481 1
104.2512 5.7923 1
104.3235 14.1484 1
114.0540 157.4724 1
152.9922 2.4688 1
120.2391 184.3130 1
101.9654 225.4326 1
132.3998 159.2310 1
178.9636 147.1628 1
168.1077 143.7830 1
129.9263 59.8359 1
173.2294 177.0328 1
148.4121 156.6005 1
166.5295 49.0017 1
156.8935 79.2158 1
109.5284 149.3934 1
166.0466 6.8190 1
127.2197 6.8698 1
120.2199 212.2227 1
125.6600 217.5255 1
111.1055 44.5547 1
161.0249 235.3518 1
146.4095 42.3039 1
167.3618 250.4880 1
109.8233 83.6692 1
