221.1586 63.4971 0
224.6907 79.6156 0
203.4840 10.8653 0
241.7869 23.7249 0
235.0148 91.4745 0
188.8633 205.5197 0
224.9908 58.8071 0
231.5505 111.2329 0
215.1717 4.4636 0
179.5627 71.6892 0
232.9414 151.8512 0
214.7974 73.9377 0
193.9973 58.1435 0
240.6904 114.8450 0
205.1840 76.4092 0
243.2861 127.4020 0
196.6266 190.2364 0
236.1918 211.2821 0
211.0758 81.4863 0
229.0255 240.9064 0
218.2411 247.6896 0
213.0314 87.5340 0
218.3842 129.0972 0
193.4895 180.7553 0
249.4625 79.0261 0
179.4853 148.3115 0
205.1882 195.6879 0
227.3915 155.0466 0
227.3549 232.7316 0
181.8420 85.6797 0
239.7358 180.1373 0
178.0468 95.8166 0
180.7752 81.0318 0
231.4047 230.7393 0
210.2685 213.1454 0
198.2845 116.7864 0
241.9115 171.1818 0
202.2157 215.1669 0
163.5667 75.9065 0
240.7536 8.3301 0
234.5005 33.9338 0
190.7115 40.6545 0
211.6889 217.6088 0
220.6878 120.8770 0
226.2963 167.6703 0
249.0056 44.9151 0
230.3521 30.4158 0
196.5972 50.3736 0
203.5484 115.5291 0
229.5872 6.3392 0
194.9814 37.8483 0
216.8303 139.6720 0
188.3480 132.7599 0
189.6692 215.4060 0
180.0439 103.5685 0
226.5165 103.9199 0
248.9198 213.2246 0
192.2980 224.2798 0
214.1218 57.1607 0
235.3245 107.1928 0
193.7882 27.9570 0
236.0933 228.5773 0
234.4049 67.6449 0
235.9705 145.4160 0
235.9125 129.7908 0
238.5024 46.5001 0
225.8360 93.9708 0
184.6538 55.6881 0
223.3679 5.7784 0
193.0110 134.7372 0
184.1242 156.2362 0
196.5741 199.5013 0
249.1931 227.1391 0
221.6641 45.2276 0
222.8194 183.5887 0
225.6154 197.1871 0
203.0160 72.1593 0
210.0146 196.3536 0
197.0934 236.5981 0
237.2655 187.7336 0
189.7236 183.8945 0
249.6785 59.8115 0
249.3158 4.8946 0
192.6781 191.9835 0
205.2917 36.3068 0
238.7033 51.5542 0
171.2186 104.7416 0
212.0974 170.9982 0
244.1108 18.6769 0
194.5132 19.5708 0
194.4507 111.2313 0
226.1568 38.3168 0
233.9670 238.9136 0
216.6014 99.4182 0
199.8236 206.9473 0
177.3780 119.1751 0
199.7136 19.7949 0
234.7707 202.2271 0
228.0593 146.3682 0
191.6068 100.8533 0
195.5696 130.5469 0
245.7248 143.7909 0
199.7824 25.5371 0
243.3377 151.4448 0
226.2300 50.1191 0
229.1739 60.9323 0
206.7156 63.8956 0
218.1372 16.5593 0
242.8306 135.7995 0
249.2520 32.6079 0
233.3639 197.4205 0
229.9231 51.6389 0
216.7930 202.0029 0
207.8991 26.0413 0
231.5358 169.8005 0
187.7980 67.9239 0
220.0554 28.8750 0
233.4971 220.2684 0
246.6449 41.7710 0
239.3429 166.0984 0
250.1526 175.9257 0
202.0207 244.5778 0
186.3648 147.2460 0
231.7000 75.7557 0
242.7976 206.0539 0
245.7258 60.8710 0
185.8487 47.6857 0
245.4785 234.7614 0
178.2437 133.2889 0
241.2600 79.6935 0
219.6599 186.9147 0
242.8933 87.4367 0
229.8021 84.3712 0
226.8551 177.1154 0
201.6884 164.7581 0
204.5353 49.7789 0
209.4837 203.3264 0
175.5662 79.0551 0
228.3243 189.1230 0
219.7747 116.0395 0
200.8210 150.9758 0
202.2946 83.8761 0
223.6299 135.3916 0
206.5336 106.5157 0
219.0758 81.9508 0
227.8335 117.2313 0
215.3153 147.2253 0
192.9809 123.2832 0
182.0699 111.1188 0
210.3069 249.4174 0
217.8838 220.8081 0
245.9183 68.0186 0
209.6997 184.1959 0
182.3238 73.0115 0
238.7209 237.5764 0
222.7946 107.1178 0
168.4167 110.2957 0
222.7337 10.9223 0
209.2101 243.8642 0
211.0324 238.8166 0
234.3301 96.4030 0
187.7361 90.6246 0
192.8499 5.6461 0
229.2327 89.8491 0
213.4642 178.7920 0
231.1725 14.3209 0
194.7727 46.3121 0
240.8915 15.5592 0
241.4711 191.1880 0
186.3397 117.2632 0
201.8582 170.2876 0
204.4185 184.8673 0
243.9782 244.1322 0
204.1448 97.1928 0
227.5143 130.2399 0
240.0615 83.2074 0
248.2734 185.6725 0
249.9099 19.7089 0
184.7107 123.8921 0
205.8830 149.6970 0
223.7376 149.2206 0
229.9990 21.3268 0
189.8392 0.8291 0
214.5571 231.0823 0
168.0992 72.8044 0
206.5490 160.5966 0
234.6937 60.1820 0
195.3472 68.1982 0
177.9623 66.6597 0
222.1050 195.5406 0
230.2353 203.9907 0
237.8233 119.1189 0
208.6431 20.2069 0
235.7268 140.0779 0
244.1347 163.2129 0
202.8531 62.1775 0
198.6056 175.2012 0
246.1920 101.3720 0
169.1193 136.3117 0
186.1117 138.8216 0
240.3419 215.4612 0
181.3362 189.2932 0
248.5187 217.9519 0
198.4054 227.2192 0
222.7580 206.5768 0
238.4403 103.1650 0
177.1658 57.0039 0
194.2170 84.0011 0
225.8735 69.3942 0
183.3980 98.6839 0
200.2577 144.1671 0
171.2262 60.1741 0
201.2482 202.6700 0
249.4640 242.0741 0
221.0709 237.6621 0
229.7919 159.8100 0
205.6722 44.9159 0
192.8769 162.9374 0
198.8129 2.2903 0
202.4295 123.4804 0
177.9192 46.8455 0
247.7085 55.1201 0
224.3637 223.5883 0
171.7880 117.7892 0
210.7750 96.3690 0
230.4317 70.7833 0
189.2105 109.6822 0
200.7652 15.0056 0
184.1783 28.2834 0
199.0366 93.1536 0
225.8668 215.8542 0
216.8185 154.4517 0
214.7398 66.6549 0
220.6123 170.3857 0
189.1511 153.9254 0
227.4400 247.0308 0
197.9083 54.8466 0
223.7332 0.4559 0
233.1264 119.9224 0
230.7269 215.5273 0
211.6158 113.2114 0
180.1083 210.2481 0
244.8233 10.9178 0
192.0708 169.9251 0
249.5493 193.7665 0
195.4684 75.4224 0
248.2150 109.9646 0
242.6439 39.4394 0
161.3255 85.4921 0
241.3109 59.8057 0
222.9842 23.9542 0
136.5569 248.9290 0
209.8285 131.2521 0
226.1114 139.2553 0
214.9749 34.4571 0
208.5729 12.1667 0
242.2406 248.4275 0
216.7331 42.3277 0
220.4977 92.4033 0
195.8904 242.2524 0
207.2690 229.6637 0
203.8013 135.4936 0
234.4360 182.5060 0
197.6705 160.1231 0
213.5253 52.4061 0
245.6369 178.3643 0
237.5551 1.2135 0
242.5777 70.7447 0
209.9261 190.4279 0
213.4083 135.6796 0
173.8056 94.5998 0
246.8724 94.0799 0
185.5209 107.2709 0
190.6381 13.9975 0
214.3824 108.9438 0
216.7968 161.9232 0
201.4525 234.9925 0
196.1195 32.9070 0
249.6998 131.5312 0
144.3394 103.3721 1
110.6140 93.1265 1
169.5054 163.2433 1
188.5649 220.4630 1
170.8309 144.8891 1
158.3023 53.6041 1
151.7253 149.6465 1
122.2234 28.0449 1
107.3932 172.5120 1
158.2405 178.9200 1
119.2523 202.8320 1
120.9415 44.7082 1
130.0931 110.5401 1
137.5783 182.1612 1
109.6379 85.4019 1
141.2457 223.1935 1
110.1453 195.4790 1
157.2011 232.4489 1
132.0047 216.4175 1
169.6844 249.7447 1
136.2286 95.9097 1
123.8911 121.9113 1
132.8098 17.5206 1
112.8134 69.5155 1
170.0697 199.7435 1
135.8978 65.4140 1
109.6614 45.8674 1
103.0746 120.0500 1
152.7585 241.9490 1
104.6603 247.2828 1
147.9653 111.5860 1
152.2271 80.2684 1
122.4643 112.3893 1
177.7916 142.7655 1
100.1467 125.0179 1
141.6512 64.1255 1
111.1345 22.3951 1
133.8094 193.2850 1
105.7892 186.8629 1
130.3449 179.7308 1
135.9670 161.8767 1
106.7437 57.5921 1
123.2063 56.6147 1
122.4979 36.8455 1
100.8770 63.0009 1
128.9029 8.0395 1
100.2787 100.1164 1
147.4818 45.4235 1
123.3137 246.5625 1
146.3833 237.6064 1
149.9016 174.0224 1
162.4794 209.4895 1
166.2013 160.4272 1
130.5983 143.5130 1
155.1371 131.7162 1
107.5290 16.8267 1
168.5528 237.3496 1
119.5744 158.4913 1
170.8215 132.4919 1
151.4687 42.2094 1
175.6433 38.6022 1
126.8582 76.8644 1
149.5129 54.0485 1
107.6158 203.6724 1
123.0728 150.5263 1
117.4823 130.7848 1
134.0636 153.7134 1
145.8834 24.4856 1
116.8751 172.4762 1
113.7596 4.6278 1
111.6430 146.2337 1
139.9718 159.7037 1
168.7422 219.8289 1
142.6179 108.8290 1
124.9412 193.8466 1
123.3044 68.1159 1
154.5589 8.6302 1
126.8033 17.9906 1
136.5131 177.6240 1
164.2966 186.5473 1
133.3995 48.1797 1
143.9388 96.2919 1
140.8866 1.1981 1
171.9859 177.1187 1
102.3951 37.0509 1
129.2121 23.4740 1
110.6375 104.0259 1
154.3266 70.1152 1
126.2779 146.0573 1
139.7183 10.2446 1
176.0340 22.1426 1
168.6078 152.0949 1
110.8703 232.1032 1
177.4094 14.7760 1
153.3410 45.6463 1
152.4638 249.6745 1
157.8874 161.1980 1
136.7759 34.7309 1
137.4020 72.8765 1
147.3981 120.2918 1
142.7919 73.7041 1
175.5367 222.1118 1
168.2626 52.9932 1
127.9061 3.2028 1
134.6908 139.9903 1
112.2493 140.1591 1
158.5782 120.7098 1
121.2851 209.3903 1
138.7995 169.8698 1
153.1358 182.6678 1
126.5741 114.5819 1
161.8335 149.8172 1
164.6467 123.2502 1
116.9427 77.5043 1
185.0198 181.9425 1
142.1244 209.4370 1
109.5298 108.9577 1
115.6625 178.7083 1
100.9766 216.4962 1
121.7872 140.2566 1
127.3420 175.2227 1
171.8446 159.9212 1
175.8568 30.8016 1
146.3723 199.6553 1
166.0446 99.1928 1
145.8518 214.7222 1
181.3912 214.1227 1
173.6772 151.9276 1
144.0208 228.7456 1
153.6146 172.0583 1
106.4666 163.4583 1
121.0793 21.9699 1
133.9554 75.5511 1
127.9208 60.4609 1
121.4665 214.3041 1
102.6058 24.0216 1
176.6699 182.7409 1
113.7340 17.7161 1
171.0126 47.9588 1
127.4574 105.1330 1
122.2228 238.1653 1
142.8102 167.4491 1
105.0079 197.7750 1
175.0105 201.2192 1
150.9093 63.6320 1
162.6147 195.3415 1
142.9478 84.9133 1
113.5640 29.0845 1
156.2182 143.5708 1
158.5774 130.2381 1
165.4436 83.7918 1
144.5730 131.2230 1
129.7605 209.0648 1
162.4753 244.0930 1
114.5339 123.4347 1
129.1476 201.6336 1
148.1700 142.6051 1
140.5564 53.5204 1
162.6336 48.2013 1
102.9883 153.2473 1
174.2372 5.6830 1
166.0013 30.7743 1
169.7420 234.0652 1
140.3477 138.0448 1
112.4492 213.7079 1
127.5783 95.3055 1
112.0206 49.3689 1
183.3886 235.5339 1
132.1513 55.1898 1
173.6513 212.2244 1
137.8375 196.9140 1
127.7860 31.2463 1
104.2414 141.6424 1
173.7934 188.5191 1
153.4651 190.8701 1
132.5354 120.0540 1
118.9295 120.4933 1
176.4444 242.6614 1
119.1996 101.4979 1
154.2690 36.3926 1
120.2676 13.6056 1
161.8732 140.3468 1
108.4020 80.0150 1
144.9023 18.1100 1
107.1430 156.1192 1
164.2859 65.1959 1
168.8772 8.6270 1
101.3095 32.3198 1
151.5557 228.7005 1
108.6235 236.9005 1
119.3280 93.5486 1
156.0352 203.3926 1
135.3470 235.0152 1
131.2991 132.3072 1
106.7724 6.2982 1
153.2458 99.5564 1
132.5452 123.7766 1
134.5863 59.5811 1
168.1164 188.2706 1
101.0657 46.0308 1
128.4379 160.4906 1
158.2112 42.7413 1
103.1936 242.3618 1
151.5757 205.1567 1
168.0219 18.3806 1
100.5057 138.8171 1
132.1060 163.8735 1
186.4997 246.2969 1
154.8414 113.8067 1
132.8645 225.9958 1
137.2149 81.7676 1
100.6725 54.2207 1
125.5502 43.1775 1
136.5985 217.4243 1
120.2649 189.1705 1
100.0555 10.3917 1
113.4988 245.1636 1
105.2791 128.3609 1
114.9057 64.9729 1
160.5327 216.0012 1
126.9356 223.4131 1
179.0202 163.7155 1
158.6399 106.2810 1
158.4412 73.0496 1
181.1708 169.4138 1
136.7829 119.9424 1
159.7823 43.6473 1
154.7057 89.8819 1
112.2940 164.8384 1
144.9670 4.5218 1
108.4791 130.9866 1
150.0395 34.4615 1
103.5634 225.2983 1
115.8289 192.5580 1
177.6941 245.7132 1
135.4376 27.4037 1
160.2352 17.2138 1
104.3159 75.4096 1
