241.4726 60.7332 0
246.0050 104.3072 0
202.0172 243.5192 0
220.3166 54.4059 0
250.3058 57.7825 0
246.8067 29.1161 0
208.5279 132.6721 0
193.6358 224.2630 0
182.0442 247.8255 0
209.6451 122.8074 0
190.4213 249.1013 0
177.3827 82.6836 0
227.3961 216.9295 0
191.2137 79.3887 0
197.8540 93.5449 0
191.2119 176.0424 0
218.1652 104.3582 0
233.7420 171.4279 0
209.9464 230.4441 0
237.8802 19.1293 0
230.8626 114.2732 0
202.9601 14.3065 0
232.6035 123.8185 0
217.6633 246.4513 0
170.8173 186.9185 0
186.4394 216.6764 0
206.5756 181.5413 0
209.0989 236.2663 0
227.9836 190.2972 0
238.3638 204.6316 0
189.0725 89.1501 0
189.8622 45.8882 0
241.6620 193.6562 0
249.6420 22.7949 0
226.7620 245.6894 0
201.3936 127.2264 0
249.5370 189.2434 0
181.4099 172.5033 0
216.4703 14.9219 0
143.3038 25.0380 0
218.7227 154.8932 0
249.5840 84.4687 0
236.5690 81.8595 0
188.2175 235.7464 0
212.2137 38.7784 0
213.2359 105.7302 0
244.6969 227.6180 0
240.3181 174.4324 0
225.2746 78.0352 0
241.0669 67.2092 0
207.5454 84.2638 0
170.0760 206.0432 0
232.1255 27.4930 0
197.5390 21.0418 0
199.7404 220.3126 0
186.4850 188.2039 0
206.6041 217.3924 0
229.2256 156.0901 0
192.3586 71.7199 0
198.6605 149.7243 0
214.4330 169.5312 0
218.6915 228.5543 0
229.9846 70.6102 0
179.8648 89.3614 0
219.9180 84.5040 0
242.1459 28.6970 0
242.0904 122.2702 0
247.0326 17.1684 0
221.5962 173.2560 0
191.3200 40.0339 0
197.8748 177.5729 0
214.8988 72.0217 0
171.1852 249.6793 0
218.4683 175.3938 0
222.7233 233.6273 0
226.9805 221.3280 0
203.9759 166.3824 0
219.7196 59.2482 0
235.4796 249.9805 0
230.4651 203.7269 0
220.9190 124.7330 0
196.5799 236.3725 0
191.6246 215.5537 0
208.5226 200.9723 0
244.9368 109.6961 0
244.3491 43.7449 0
249.1043 93.5201 0
201.6820 224.7451 0
201.8034 68.3189 0
182.0735 75.9264 0
227.7158 207.8804 0
233.4507 180.7344 0
197.7072 2.5406 0
202.3450 140.3794 0
196.3157 62.4005 0
244.2005 37.5722 0
195.7976 197.1776 0
200.3618 205.5020 0
221.5813 133.9184 0
196.2598 241.6118 0
217.2881 4.3217 0
213.8564 231.7062 0
250.2578 10.6056 0
194.4719 117.8734 0
182.4754 156.6113 0
228.5580 179.7281 0
186.7448 244.9651 0
222.8024 65.5612 0
231.5644 104.3630 0
210.1306 74.1850 0
185.8781 60.0186 0
210.9472 160.2873 0
247.1949 3.5364 0
240.1432 89.7263 0
234.6962 34.3032 0
185.1172 28.5510 0
240.4919 248.4068 0
165.2120 57.3756 0
207.1457 61.7669 0
216.7670 28.8580 0
241.5183 80.7658 0
176.8764 21.3703 0
188.4072 205.9922 0
197.7297 123.9018 0
241.4845 184.3309 0
187.6860 69.4941 0
226.0618 0.9935 0
194.5789 101.8348 0
185.9794 160.8060 0
203.7413 24.4511 0
224.4150 127.7953 0
219.3698 141.3386 0
231.4687 225.3601 0
216.0577 40.6480 0
214.9767 152.1532 0
208.0432 148.3231 0
185.5397 48.9082 0
200.2213 212.0491 0
178.3615 65.3098 0
240.0327 217.9458 0
245.3377 215.3053 0
228.5347 143.0376 0
238.0037 197.4104 0
190.1793 100.5846 0
205.8414 171.3041 0
187.0062 179.2132 0
192.6217 52.0112 0
243.2713 141.8495 0
238.6823 8.2956 0
209.7066 139.3744 0
237.6911 142.3048 0
216.0170 96.8483 0
201.4714 5.9889 0
212.4505 4.2031 0
231.2351 56.3564 0
228.6910 39.0846 0
192.2599 155.0281 0
186.5887 147.3297 0
217.7509 184.7555 0
209.4972 101.1265 0
224.5586 30.4335 0
212.4909 25.0753 0
225.9224 14.6789 0
225.9175 108.0820 0
236.7497 104.7392 0
218.5763 237.3063 0
219.9257 117.6772 0
180.2177 196.5890 0
239.8062 72.4250 0
204.2354 71.9934 0
203.1623 29.1520 0
183.5610 90.0292 0
235.5450 218.2963 0
244.8253 57.4718 0
219.0714 194.4107 0
207.6925 34.8142 0
190.1586 112.3368 0
224.0367 141.8590 0
198.4773 107.6337 0
244.5672 240.9150 0
200.5207 135.5514 0
223.9552 199.0917 0
248.9727 119.6544 0
238.7876 227.2755 0
183.5876 24.8743 0
250.0208 135.2748 0
177.6517 243.3297 0
215.6882 51.7680 0
238.9801 117.9853 0
176.4711 12.4139 0
211.1021 205.5007 0
249.5022 74.9711 0
193.2205 57.2350 0
212.0084 57.8537 0
222.6655 239.3608 0
220.0583 203.3864 0
189.8332 3.8358 0
245.3390 154.3981 0
212.2061 12.2873 0
201.3886 85.0796 0
171.9855 195.4751 0
198.8362 159.9232 0
190.4622 168.3935 0
185.8659 196.9734 0
199.7260 186.8988 0
210.0707 245.3403 0
214.0448 223.0385 0
233.9975 166.6351 0
208.8997 89.0988 0
184.9810 17.3801 0
196.5211 84.6528 0
207.7437 111.4278 0
227.8939 82.1167 0
227.2598 165.5362 0
199.0703 49.6532 0
215.0677 242.3910 0
207.3894 16.1316 0
242.2182 208.7767 0
225.6894 92.1375 0
243.8721 162.1027 0
174.1336 236.0378 0
181.6241 222.8379 0
192.5805 229.3908 0
248.3807 88.6069 0
236.6948 112.9622 0
200.6133 198.6994 0
243.1711 170.3067 0
249.9219 221.6426 0
199.0379 165.9602 0
225.7118 115.2712 0
184.1494 151.1786 0
234.6599 73.1945 0
189.8096 133.6309 0
170.3585 59.2559 0
191.2837 29.9714 0
173.6248 213.3404 0
223.9658 21.8188 0
223.0482 224.1506 0
224.5090 99.7830 0
235.0706 243.8911 0
210.6752 213.1373 0
232.9004 47.6080 0
194.1982 78.0852 0
248.9389 175.8998 0
235.3514 39.0309 0
245.6790 128.9129 0
228.8362 23.5114 0
213.0873 192.5912 0
221.1229 215.3706 0
192.6915 192.3552 0
231.5676 149.1807 0
236.2203 96.7326 0
204.7490 101.4063 0
213.8033 130.3243 0
230.7289 91.5868 0
195.8611 187.8863 0
235.6821 52.3215 0
206.5233 51.2192 0
231.3601 233.8186 0
236.5721 158.1682 0
179.8633 203.6167 0
249.5779 143.8490 0
179.8222 42.1358 0
180.0603 34.0658 0
198.9602 40.0471 0
233.8069 135.6253 0
213.3030 44.2688 0
163.7258 0.4252 0
222.2119 184.9682 0
207.2845 5.9389 0
181.2383 209.3006 0
222.1170 70.8127 0
223.8699 47.0567 0
236.5151 130.6282 0
206.4229 192.4654 0
207.7890 156.2124 0
201.9098 110.3121 0
218.4015 112.9300 0
191.8813 141.2838 0
183.3145 218.7045 0
177.7878 190.9140 0
239.2565 235.2537 0
229.0265 8.8033 0
184.7794 54.8430 0
221.0854 160.2551 0
136.0079 114.0335 1
106.8859 247.2150 1
177.6785 53.0359 1
183.4919 119.6030 1
137.0752 175.6052 1
136.5626 187.2362 1
112.7048 103.0458 1
156.7917 8.0760 1
113.7397 246.5040 1
132.2727 187.0645 1
117.5363 42.4826 1
113.3407 7.7808 1
126.4088 112.2107 1
143.2867 190.1709 1
115.1447 239.0045 1
121.0544 151.1703 1
111.9503 139.2589 1
135.4984 238.0298 1
142.6267 174.5587 1
142.1836 33.0494 1
146.3742 1.5217 1
138.7511 118.4523 1
112.2028 190.5708 1
109.6266 199.6886 1
178.6490 180.1074 1
157.4149 0.0510 1
180.5251 116.0931 1
150.4075 178.5144 1
119.5140 67.1914 1
138.1722 42.9759 1
141.7832 77.9848 1
111.6923 160.4777 1
123.9827 228.7947 1
169.9404 97.6650 1
127.3001 93.2130 1
100.5896 135.2672 1
170.0624 129.0296 1
106.8242 119.4149 1
126.7285 180.5366 1
155.5610 178.0331 1
130.4755 149.9478 1
156.1694 124.5656 1
111.5460 68.2885 1
119.4139 124.4032 1
109.7310 33.2991 1
101.2312 219.7661 1
123.2291 138.0741 1
104.8709 37.8683 1
137.3925 90.8267 1
170.8154 68.4633 1
166.5808 228.4357 1
130.5218 217.9043 1
112.7948 171.7798 1
149.4498 83.3994 1
136.0196 226.0494 1
102.5020 227.8051 1
117.8329 117.1539 1
148.4810 97.2688 1
149.9195 70.3905 1
166.8136 21.7953 1
125.6075 209.2138 1
133.9452 18.3735 1
101.6633 152.4275 1
151.6356 137.5320 1
102.9023 102.4154 1
117.3471 16.8476 1
150.4591 78.3240 1
129.0486 83.2537 1
108.7023 115.4365 1
165.4806 168.5213 1
160.9496 207.9870 1
183.8613 129.3010 1
114.2979 126.6379 1
169.0774 236.0479 1
112.1838 55.4465 1
118.9727 97.8725 1
172.0848 146.5456 1
106.4928 12.6206 1
110.3794 0.1846 1
150.7095 215.6148 1
157.7328 241.3274 1
143.4961 223.3675 1
121.5819 56.1785 1
155.0497 73.1319 1
147.2827 14.6617 1
120.8565 136.4160 1
101.3144 110.2399 1
160.7678 97.9350 1
150.2777 223.2907 1
128.4041 43.3888 1
149.0543 24.8312 1
152.8703 195.9988 1
151.5208 151.1874 1
174.2770 178.6776 1
139.0759 65.5610 1
169.6315 83.3905 1
164.8595 246.1803 1
143.3964 42.2557 1
138.6399 71.6765 1
127.8940 98.9033 1
139.8629 150.2152 1
123.3292 172.1416 1
122.1656 78.5013 1
152.2922 205.5034 1
113.2068 169.1817 1
155.5817 116.0586 1
161.3839 135.6307 1
151.5500 167.4091 1
124.8415 189.3905 1
120.5374 108.0037 1
142.6528 162.6735 1
127.7266 130.8044 1
137.5485 136.2233 1
161.7113 144.8711 1
151.3967 108.4649 1
125.6859 15.3431 1
123.2483 23.2065 1
178.0524 128.5708 1
124.4344 34.1627 1
107.2199 25.4693 1
160.3134 49.8316 1
158.2054 55.3900 1
150.0643 28.8296 1
149.2673 142.0302 1
112.2039 228.6613 1
100.5247 238.1499 1
107.6117 80.9484 1
131.2575 9.7945 1
169.7154 118.5437 1
168.9533 90.7053 1
115.4598 182.1128 1
141.6693 233.8660 1
163.6415 80.6619 1
160.5066 128.6190 1
176.9020 103.2790 1
107.1249 132.5161 1
101.8085 66.3989 1
103.5444 176.7426 1
165.4747 4.6991 1
128.4812 73.9986 1
100.2327 122.6061 1
139.5685 183.5829 1
142.6145 167.9550 1
170.4917 104.8370 1
133.4730 34.1261 1
175.0677 42.0553 1
128.2116 232.5328 1
145.8186 120.1314 1
116.3382 30.6249 1
106.1414 188.8781 1
180.2785 97.1185 1
165.2895 177.3784 1
102.4138 162.3319 1
157.7658 39.3141 1
133.4143 105.3927 1
105.8882 58.1291 1
162.1395 15.0753 1
126.1492 157.8270 1
150.4235 155.8420 1
161.6187 194.9122 1
136.6871 158.4180 1
110.0610 94.2434 1
135.8532 82.2627 1
137.2611 202.5911 1
150.9138 48.2447 1
138.7800 11.5498 1
156.2213 15.9812 1
153.0803 229.8389 1
117.5340 145.5783 1
127.9736 107.4711 1
154.9104 146.1597 1
128.8359 197.2353 1
117.8464 161.5766 1
105.5434 233.5192 1
124.1340 247.5629 1
108.0808 212.6248 1
116.7169 74.7092 1
107.5208 159.2598 1
124.4202 235.1231 1
104.2338 75.6504 1
117.9064 216.4210 1
143.9494 232.7685 1
109.0270 223.7568 1
152.5342 162.4094 1
132.2136 200.6277 1
116.6396 211.0108 1
176.2958 27.4433 1
167.7506 160.4803 1
168.6587 220.1872 1
108.1969 175.3150 1
102.3799 7.9528 1
123.2307 41.5263 1
163.6451 31.5494 1
122.9464 218.6897 1
165.6566 35.1448 1
159.7978 20.5135 1
148.3507 6.2307 1
173.3386 132.4768 1
173.2406 108.8051 1
136.5070 100.4825 1
184.3620 108.2703 1
161.3736 242.4123 1
152.2838 127.7983 1
163.8579 199.7079 1
165.7627 105.7334 1
160.9342 85.0050 1
138.0459 57.6144 1
144.6586 83.4040 1
127.5023 64.1429 1
119.8667 196.8852 1
145.6305 133.8990 1
145.7999 203.4114 1
134.7710 250.3110 1
116.1420 201.6990 1
150.8198 58.8887 1
138.8911 207.4170 1
188.2393 122.5425 1
150.1571 53.6551 1
131.3144 167.0229 1
106.7850 65.9706 1
180.2956 124.0493 1
164.4842 75.9707 1
107.0290 50.5966 1
118.9128 245.9166 1
151.3127 185.5836 1
162.4809 40.0883 1
159.2347 212.7010 1
