230.8100 55.3543 0
218.8799 74.7593 0
203.5876 243.4261 0
244.9299 35.1610 0
210.3417 97.6146 0
183.9652 226.3449 0
210.3313 19.0478 0
231.2722 104.4393 0
236.0384 102.6277 0
199.8401 3.3931 0
249.4597 182.0700 0
198.8849 38.8637 0
249.6114 103.1160 0
222.9453 176.2309 0
207.7097 44.4120 0
236.9233 90.5033 0
169.8981 49.8787 0
217.4310 124.2539 0
212.6043 73.1461 0
228.2143 174.5786 0
181.5001 199.1640 0
210.8808 67.3495 0
224.8948 242.9510 0
232.3190 78.2749 0
224.6729 234.4371 0
186.0198 81.1910 0
235.3102 159.9377 0
193.5824 162.3741 0
242.2092 92.5667 0
194.9229 119.6152 0
212.5038 216.6757 0
217.1129 186.7410 0
239.3566 239.9321 0
211.2754 63.4985 0
247.8248 191.5728 0
182.7326 62.6913 0
198.7545 7.6303 0
218.8566 220.3637 0
241.6955 147.6698 0
236.8542 136.3313 0
187.2867 113.6653 0
217.2202 239.1717 0
141.9733 84.0024 0
231.2632 147.8050 0
182.5028 18.9915 0
229.5089 224.6748 0
217.2213 109.8373 0
238.3078 51.0097 0
240.9879 30.6448 0
219.6577 41.8841 0
178.1590 107.7504 0
244.4682 5.3608 0
210.4848 9.9100 0
191.5311 151.0280 0
186.6920 109.3812 0
200.0953 206.6492 0
177.8021 64.5479 0
190.6300 134.2125 0
213.6962 117.5740 0
202.1336 227.4742 0
218.7621 56.0760 0
218.7003 101.5388 0
194.3114 59.5472 0
228.6777 76.5717 0
241.4121 175.5350 0
235.6162 169.9471 0
228.2648 15.7988 0
202.1448 118.4751 0
220.4808 48.6133 0
201.5943 235.2077 0
198.6429 128.8242 0
192.0759 193.4754 0
207.6889 200.8843 0
230.2488 118.7524 0
244.1626 11.7296 0
221.9198 205.0491 0
213.1347 205.4204 0
211.6669 79.2475 0
179.1444 212.8681 0
205.6389 208.9511 0
199.5379 185.8130 0
234.2298 84.2289 0
242.3025 118.7011 0
185.1640 190.9763 0
244.5497 74.5579 0
198.5835 46.6985 0
245.9245 48.3587 0
190.1926 47.2626 0
207.6254 184.4310 0
240.1273 187.3546 0
191.7631 19.3242 0
184.1656 127.3122 0
248.0949 111.5671 0
235.8214 22.2654 0
198.9494 135.4452 0
235.4914 118.6943 0
178.6609 235.8976 0
205.2219 109.4997 0
220.8219 245.1121 0
237.7786 225.0069 0
219.7952 185.1453 0
189.5224 69.1588 0
246.7750 88.3445 0
185.9744 89.0202 0
187.5552 238.0006 0
240.6602 109.2074 0
231.8551 178.8656 0
229.6038 33.9058 0
233.9445 68.1188 0
228.1565 43.4631 0
205.6435 21.0954 0
227.1833 149.4804 0
246.4464 58.7945 0
227.4051 215.5765 0
223.2935 5.9183 0
230.3329 187.3467 0
227.5859 27.2993 0
206.2578 236.3785 0
236.0676 129.6440 0
191.2551 4.1478 0
191.6413 167.5522 0
199.6742 67.2571 0
247.3801 68.0386 0
180.4657 31.4466 0
245.6108 226.9163 0
171.6941 80.2173 0
200.4780 101.6040 0
237.9540 215.3654 0
232.4690 94.7218 0
220.9605 93.6690 0
215.6108 208.7373 0
188.6373 138.8790 0
209.4168 84.6650 0
225.1853 20.1393 0
204.1830 217.9205 0
176.2205 18.0483 0
242.1037 209.1905 0
238.5290 156.2031 0
200.9247 166.9924 0
206.5871 52.5552 0
228.3908 123.7050 0
226.7898 157.6370 0
188.9243 122.0101 0
220.7385 33.1196 0
225.0870 131.1176 0
220.7108 138.5183 0
246.0188 156.3304 0
193.8862 77.3005 0
207.0525 4.2419 0
225.1245 223.1525 0
237.0578 45.6447 0
188.6455 143.6799 0
162.8009 55.6322 0
212.7948 144.3260 0
185.1989 73.4682 0
238.8373 247.1691 0
229.3861 234.0230 0
245.4161 239.3775 0
203.8898 72.1374 0
221.7859 59.3677 0
205.4779 226.2568 0
222.0807 82.9946 0
201.0689 178.7021 0
189.6115 38.5097 0
231.6992 3.1962 0
195.0202 85.1829 0
213.9561 196.0432 0
200.3395 156.2922 0
229.9144 248.4470 0
190.9123 75.2753 0
228.1441 133.8094 0
217.4937 86.1018 0
240.0179 207.5677 0
193.4374 103.2280 0
217.0515 164.2993 0
233.1776 126.6485 0
241.4481 198.3612 0
236.6508 13.0557 0
248.8537 133.5107 0
199.9819 248.9840 0
220.8384 229.4414 0
247.5734 122.7590 0
182.9819 7.1640 0
190.3745 172.6705 0
191.0875 29.4262 0
182.5456 44.5502 0
245.6401 217.3742 0
245.6927 205.7319 0
227.4789 166.8404 0
217.1430 21.5412 0
219.9882 152.3732 0
234.7969 210.2502 0
209.7611 35.8525 0
182.1139 131.3702 0
202.1571 80.6101 0
195.1979 107.8987 0
179.0723 124.6394 0
198.9569 198.3482 0
211.3397 227.8256 0
186.2715 208.1138 0
197.5777 88.9129 0
183.0441 246.2939 0
196.9302 34.0307 0
214.5507 93.8160 0
213.6047 50.0431 0
229.4965 165.2454 0
213.4603 28.3456 0
215.2094 224.9962 0
212.5043 232.4089 0
213.3858 172.5847 0
205.6495 57.4750 0
215.1016 152.8146 0
194.7179 228.7622 0
193.8186 142.0521 0
188.9644 245.9718 0
238.6371 62.7741 0
250.3503 76.5236 0
192.2453 217.0276 0
203.3785 139.8179 0
193.0016 64.4108 0
182.6790 140.0627 0
224.8553 67.2342 0
182.7364 84.2944 0
198.2888 26.0460 0
191.4235 10.4346 0
193.2594 113.4676 0
237.3054 231.7223 0
243.2329 97.9873 0
217.9625 176.2711 0
229.7342 86.4922 0
216.7748 198.3535 0
192.1294 211.4630 0
203.7182 30.4124 0
243.0296 247.1725 0
235.0641 111.0730 0
249.7545 230.6367 0
206.5713 151.3430 0
189.4902 199.3935 0
191.8474 156.5259 0
247.3884 142.8508 0
179.5964 55.0630 0
227.6645 113.3704 0
233.2534 60.1522 0
184.3256 100.6126 0
236.1219 36.5640 0
233.1483 26.6493 0
232.4532 192.2810 0
243.6511 163.5251 0
119.5803 198.3477 0
170.0305 138.0520 0
243.1062 152.0441 0
224.2737 141.8566 0
215.1079 249.6673 0
188.4983 15.0906 0
248.5860 20.0761 0
210.5354 108.8364 0
232.7776 239.5032 0
194.5287 238.5997 0
212.0006 163.7598 0
240.9047 79.1049 0
230.3729 201.8534 0
205.0776 168.2328 0
227.1834 38.5343 0
250.6688 9.2491 0
226.2374 90.9767 0
206.1857 191.9958 0
213.0732 134.5449 0
174.7105 57.3416 0
227.5346 107.2230 0
192.3369 97.8419 0
186.1855 234.1181 0
208.8131 124.4665 0
223.0439 195.8052 0
219.6999 9.6455 0
246.4149 173.4840 0
114.7819 87.5500 1
131.1160 231.6367 1
123.6660 139.7379 1
112.5492 126.0513 1
152.9604 46.8413 1
110.8054 223.6740 1
129.1448 155.1520 1
115.0917 182.1571 1
134.1053 105.8415 1
111.2778 34.8793 1
163.0513 145.6006 1
175.3880 198.0622 1
104.7118 116.8000 1
121.6111 106.1123 1
135.7064 2.5447 1
154.0592 181.7876 1
109.0962 110.1266 1
146.5768 207.3557 1
163.1087 136.4189 1
121.9858 226.7457 1
128.4096 213.9589 1
174.4195 182.7007 1
113.9196 205.7370 1
144.8197 58.8128 1
137.5391 245.7499 1
117.2543 56.4184 1
175.8714 222.5746 1
115.9484 98.7321 1
160.1852 130.2239 1
166.5756 114.7872 1
176.6927 119.8533 1
162.6463 224.4753 1
138.6272 14.6329 1
141.6758 139.2494 1
128.8414 118.3823 1
150.2988 119.1219 1
119.5697 12.8608 1
158.6804 160.8361 1
112.3081 94.4818 1
153.6042 74.5273 1
157.8029 194.8019 1
126.5861 48.1442 1
149.1363 138.6329 1
114.9947 210.4950 1
138.8881 174.6832 1
106.1643 92.4204 1
128.9055 95.4130 1
101.8617 48.3644 1
114.1729 25.3948 1
143.8999 113.0648 1
113.0762 17.0786 1
105.6903 210.6833 1
150.8674 35.4468 1
181.3587 95.2037 1
137.3290 79.5862 1
116.2389 111.7210 1
100.1206 184.8250 1
153.9074 244.8014 1
176.2498 157.4431 1
155.9500 249.3997 1
174.2333 99.8941 1
112.9602 168.4239 1
163.2754 8.1365 1
101.2154 53.5071 1
164.5427 71.8343 1
136.9414 63.2191 1
108.4536 49.1689 1
101.0043 144.6591 1
136.6284 48.5731 1
146.4151 26.6557 1
166.1140 4.3244 1
143.2836 167.5224 1
153.0319 66.1677 1
132.2563 70.7685 1
156.5510 142.6767 1
102.4230 75.6639 1
146.2220 23.3631 1
107.9306 249.1702 1
154.7076 87.7644 1
112.8791 39.9015 1
164.9030 94.6879 1
103.0619 219.0126 1
141.1961 32.0202 1
170.7088 146.5387 1
105.1008 195.1191 1
173.4680 194.9433 1
103.5476 3.9068 1
128.4595 29.8503 1
149.6762 203.8583 1
170.8596 192.0191 1
170.1392 93.6879 1
119.5883 77.3102 1
174.2390 42.2958 1
144.7655 237.1186 1
130.4661 57.4019 1
112.5490 48.8648 1
160.6388 112.9471 1
180.1490 182.7141 1
109.8159 66.6489 1
135.5081 124.1631 1
157.8975 190.0025 1
175.3651 167.0608 1
132.5703 86.6418 1
127.3972 126.3727 1
154.8128 173.4644 1
190.8831 181.6544 1
104.8950 81.7487 1
163.8938 184.1969 1
106.2634 154.9660 1
107.0527 143.6485 1
164.8367 153.1487 1
143.8048 159.5587 1
149.3113 103.6605 1
119.9096 146.7758 1
131.5966 142.6727 1
148.6496 250.7256 1
124.7831 193.2915 1
135.2316 29.8455 1
123.7889 205.9946 1
130.4016 40.3562 1
175.8221 73.7413 1
168.3110 40.1666 1
142.3978 131.5286 1
138.2455 221.9290 1
102.2930 12.0406 1
136.3641 160.8762 1
118.7489 65.5307 1
137.7885 187.4411 1
107.6982 59.0383 1
178.4984 171.3031 1
154.4615 29.3236 1
164.8497 32.2560 1
180.9024 149.2313 1
148.0613 93.3884 1
125.0187 201.1809 1
148.2018 194.2625 1
171.3786 24.6080 1
163.5475 170.5067 1
103.7448 171.1014 1
136.3486 90.3038 1
181.1009 160.6511 1
159.2060 79.2322 1
123.7440 86.2898 1
103.6775 7.3592 1
104.4136 234.0320 1
100.1229 240.3205 1
102.4251 39.1921 1
169.6159 102.9173 1
135.7111 189.5273 1
151.7813 130.5338 1
144.6824 72.1698 1
167.2602 58.5040 1
112.2153 152.7512 1
126.7049 243.9402 1
108.8104 26.7963 1
161.1640 234.6646 1
123.5992 175.9061 1
173.1905 130.0477 1
110.3543 197.8689 1
128.3295 78.3965 1
129.6603 18.7375 1
162.6190 202.6097 1
145.1253 48.0182 1
174.4005 209.5052 1
149.5495 189.0642 1
148.9031 224.8037 1
146.7070 156.7804 1
145.7107 215.5791 1
141.7918 185.1779 1
163.7035 86.8412 1
171.2705 205.4459 1
117.7194 236.5692 1
136.8661 212.0417 1
115.6775 149.3784 1
142.3297 92.5180 1
132.9007 11.7575 1
143.7097 41.6027 1
100.4218 199.9733 1
155.9935 212.5635 1
123.7728 15.7379 1
172.9362 9.3563 1
141.9667 198.7297 1
162.8916 45.9785 1
175.9431 112.6987 1
113.4083 243.4267 1
127.2622 180.3632 1
128.9398 105.2995 1
109.3775 17.5601 1
121.3106 1.1011 1
146.7173 18.6490 1
144.5160 228.7065 1
109.6393 122.6659 1
150.1896 146.9669 1
141.5208 149.6365 1
113.4572 143.8190 1
124.6276 135.2264 1
149.8900 7.0265 1
156.9656 98.0679 1
109.1737 103.7011 1
167.5079 78.6435 1
135.8476 23.9273 1
152.2175 55.9820 1
177.9329 5.4903 1
121.3644 99.5639 1
119.2687 159.3415 1
155.7979 226.4362 1
132.3135 220.2109 1
120.4393 127.9719 1
162.2194 218.0841 1
132.0048 163.4188 1
127.0146 2.1688 1
170.9438 214.6660 1
135.5591 100.8183 1
146.5214 178.7931 1
155.3630 113.9083 1
128.5577 65.8466 1
164.0057 197.8720 1
109.4205 160.5168 1
144.1496 66.8294 1
166.2375 19.1283 1
104.6700 21.3423 1
139.1420 228.0007 1
174.8604 242.3663 1
162.7039 245.9794 1
170.0073 228.9176 1
