209.0859 64.6503 0
218.1999 227.7050 0
250.1189 105.4311 0
220.2700 80.1413 0
216.3505 192.4609 0
221.1217 4.0335 0
214.4074 174.1839 0
239.3321 75.9589 0
228.0298 107.6006 0
193.4350 15.5285 0
227.9793 57.0403 0
236.8750 206.7365 0
208.6629 3.6782 0
205.8839 216.0403 0
195.4197 124.9125 0
180.6937 197.9459 0
219.7494 11.8149 0
201.7900 125.2921 0
191.5904 64.6834 0
175.5094 106.1587 0
249.5831 207.0640 0
196.6432 0.0060 0
230.1601 143.0107 0
245.0630 155.4728 0
211.9975 122.6899 0
239.9953 119.4054 0
229.6312 34.9186 0
228.0104 207.6239 0
250.0846 57.7583 0
218.6778 71.3627 0
214.1625 51.1261 0
225.8974 31.3865 0
188.5892 246.4014 0
231.0800 87.5736 0
238.6873 114.4165 0
217.4633 181.6550 0
227.7263 22.3809 0
186.9075 224.5626 0
200.2408 147.7520 0
242.3083 50.7085 0
177.3303 207.7662 0
181.7422 13.1681 0
191.0375 98.2823 0
197.4301 9.5467 0
228.6038 187.2777 0
188.1015 119.3102 0
242.1732 240.8835 0
190.2264 83.5517 0
238.7135 155.2880 0
212.8371 196.0402 0
214.9473 5.7495 0
196.6425 200.6444 0
171.9568 207.6936 0
225.9489 238.6893 0
185.5571 17.8572 0
235.1902 45.1209 0
237.9204 131.5387 0
248.3737 215.0134 0
239.5049 88.9798 0
219.3219 25.8681 0
237.6506 59.6531 0
206.8350 27.4060 0
211.5361 151.9315 0
248.2148 123.2082 0
246.4039 10.7772 0
225.4569 155.0556 0
177.7060 42.4037 0
240.8310 197.3642 0
194.9606 79.6958 0
204.7525 88.5955 0
216.2951 38.2389 0
162.9880 210.9881 0
173.6732 84.7333 0
207.5197 248.8571 0
172.4682 69.8213 0
241.5354 209.0626 0
232.3335 77.4668 0
223.5229 220.0040 0
168.0845 219.1220 0
197.7607 110.1956 0
201.7952 114.8145 0
231.2692 242.3585 0
226.9635 124.8210 0
180.8092 35.9722 0
226.6522 88.6852 0
246.8262 245.7655 0
237.6745 149.6360 0
180.3697 210.6921 0
191.0761 103.7738 0
229.8622 225.2981 0
212.1332 116.4560 0
219.3814 205.7515 0
232.9083 176.4216 0
207.2514 208.4948 0
227.3205 13.0438 0
220.9763 160.6416 0
189.7642 92.6496 0
212.2080 161.6280 0
182.3599 49.6377 0
234.9087 11.1585 0
241.7056 98.6605 0
248.9272 91.9506 0
203.3771 120.1386 0
244.3734 27.6373 0
197.8461 244.9387 0
211.9052 99.0920 0
220.8602 43.6139 0
178.3244 23.4011 0
169.2686 28.6986 0
246.9510 193.6488 0
189.4345 4.8322 0
193.3766 241.1549 0
201.2526 55.4229 0
245.9023 0.8801 0
214.9671 137.1089 0
211.5680 26.6229 0
212.1611 13.7391 0
195.2068 71.4274 0
226.2917 68.3073 0
225.0380 248.6834 0
192.5612 29.8581 0
171.8288 79.3615 0
193.9622 218.8534 0
188.6952 56.2466 0
189.1572 180.7056 0
200.0308 31.6948 0
194.3016 89.5994 0
248.3100 115.3383 0
192.8023 196.5029 0
204.8706 190.3978 0
192.4146 189.0917 0
230.2640 162.4973 0
193.2265 54.4398 0
194.1798 107.8221 0
234.6642 217.1385 0
188.6088 33.3622 0
230.0605 118.1112 0
247.5003 229.0158 0
204.4275 20.9786 0
186.9647 134.7731 0
243.6394 140.4822 0
234.3545 246.5684 0
198.0327 133.3545 0
186.5455 38.8827 0
170.5053 54.5926 0
239.5196 28.5022 0
246.1363 81.2550 0
208.6952 182.0968 0
220.6836 166.1801 0
204.7917 171.3821 0
195.3034 62.4888 0
234.7988 33.7205 0
173.7727 60.5157 0
222.8781 50.0107 0
224.3460 130.6812 0
207.8046 70.3791 0
216.5817 215.1156 0
174.3214 101.4904 0
201.6927 185.5403 0
212.4393 46.0112 0
236.0123 64.5792 0
220.6296 83.9466 0
240.6088 232.2179 0
207.9138 133.6066 0
205.1062 74.1127 0
183.1303 99.8140 0
183.2800 63.9861 0
246.4188 167.7180 0
241.1676 44.2763 0
223.7959 197.6526 0
195.9096 138.6189 0
241.1759 189.0921 0
243.5977 226.4432 0
210.3341 244.4492 0
219.7734 149.0928 0
216.8898 233.7018 0
223.4758 76.3914 0
248.8376 64.5187 0
207.3414 40.5059 0
210.9262 203.5710 0
202.6826 10.2060 0
232.1257 95.7023 0
235.8399 198.6301 0
202.1925 198.1927 0
229.7567 4.7867 0
199.0217 40.9379 0
188.2265 205.5880 0
181.6257 112.6260 0
199.3524 210.0171 0
181.9118 186.7704 0
203.9093 37.7848 0
243.0262 102.9291 0
200.2207 173.2030 0
219.8240 115.0116 0
185.3618 81.1624 0
238.0034 250.0739 0
176.8853 51.8190 0
248.5269 17.7967 0
230.3493 156.7893 0
191.3080 45.3451 0
232.2086 49.1993 0
195.8419 19.9349 0
245.4420 179.3350 0
211.5802 221.5362 0
195.0498 234.0518 0
209.0416 232.5842 0
224.8659 111.0598 0
224.6627 174.7811 0
236.4614 107.2109 0
220.4753 17.1017 0
220.8052 189.1044 0
202.4588 70.4833 0
188.7780 233.5937 0
232.2583 54.2654 0
211.5108 79.2655 0
173.1340 15.5927 0
223.4368 227.2615 0
169.5296 203.8682 0
176.0988 92.9501 0
210.8174 104.4965 0
202.6358 96.9872 0
170.6429 33.2082 0
209.9648 18.4659 0
185.0830 108.8465 0
215.7636 129.8739 0
210.6714 35.3253 0
212.5691 146.8636 0
247.6542 39.6129 0
191.5899 210.9723 0
237.7371 183.6327 0
179.9152 72.6593 0
213.2185 90.1320 0
224.4021 8.3702 0
216.6193 67.2002 0
193.6425 116.9477 0
170.2480 98.8763 0
196.1021 226.9821 0
202.8030 45.9602 0
233.4230 114.1351 0
176.9213 187.6038 0
246.0949 72.9446 0
233.0421 171.8415 0
233.0457 100.5011 0
236.4472 83.3774 0
202.0580 242.9264 0
225.9052 145.8209 0
176.4436 28.7376 0
241.0969 20.5657 0
166.9268 58.6759 0
180.4976 217.8145 0
218.0636 239.2986 0
198.9306 219.2951 0
232.0321 138.1568 0
216.2819 100.1564 0
218.0634 243.7675 0
180.8622 84.4774 0
244.8055 127.0861 0
249.0465 47.9432 0
241.9279 222.8611 0
206.0240 140.0000 0
232.6616 71.3176 0
219.3248 104.2603 0
178.5931 228.3952 0
172.8092 218.3045 0
236.0344 24.3394 0
200.1954 235.4835 0
228.6314 217.9124 0
170.7704 20.9445 0
180.0967 57.6706 0
242.2217 168.7796 0
220.5955 58.4756 0
238.9216 165.2878 0
233.4425 130.3928 0
123.6884 0.1440 1
109.0133 202.7870 1
135.5855 74.6989 1
158.9439 106.3533 1
137.6230 30.0101 1
100.0151 177.7939 1
111.8863 131.8146 1
177.1402 2.1424 1
160.0539 218.2867 1
106.7330 248.4629 1
166.5795 155.7250 1
150.4753 199.2690 1
146.7810 98.1279 1
170.9214 8.6397 1
155.5456 15.6774 1
156.1755 233.3755 1
115.6918 127.3901 1
102.2062 154.8242 1
102.0253 227.6039 1
177.8715 141.0313 1
102.1009 65.2732 1
115.5916 85.7984 1
117.5286 162.1472 1
135.1267 132.5293 1
157.8107 155.4071 1
133.2162 211.9070 1
206.7010 162.8671 1
160.0573 16.1665 1
165.6796 19.8520 1
178.2297 241.0424 1
142.0750 70.7073 1
104.4055 95.5473 1
168.0232 44.8439 1
125.8952 110.5302 1
122.7579 17.5744 1
151.2959 193.0119 1
187.6365 147.2987 1
129.1685 50.2744 1
120.3047 141.4668 1
125.3365 221.7596 1
141.9987 175.8288 1
148.7511 240.8160 1
138.6456 7.8188 1
105.0471 192.6445 1
107.0023 141.4096 1
150.2746 38.2913 1
121.9151 62.6028 1
100.9077 209.4017 1
174.4374 130.7231 1
106.9808 39.8975 1
162.3581 165.7524 1
143.3897 134.3925 1
155.4903 147.0062 1
148.3281 232.4512 1
103.0535 163.3922 1
117.8329 75.5863 1
108.9915 209.9444 1
135.3016 169.2167 1
187.6024 173.0579 1
103.2422 15.2278 1
132.3573 101.8881 1
116.3880 49.3696 1
137.1345 90.3589 1
129.3803 37.1935 1
160.9043 148.6803 1
105.6273 176.9655 1
138.9099 14.5873 1
126.9966 115.7215 1
147.8027 61.5776 1
122.9664 189.8275 1
122.5793 92.0911 1
150.6735 228.4605 1
113.1503 74.6586 1
183.8104 120.6077 1
117.5036 199.8388 1
107.2877 31.8270 1
106.1378 236.2868 1
164.9406 99.4295 1
106.2484 69.3980 1
123.3436 131.4285 1
106.1221 10.6543 1
145.8546 189.6776 1
161.7729 32.7637 1
114.6921 25.5191 1
165.7671 86.8831 1
174.2334 149.3376 1
116.6995 114.6107 1
117.8429 167.9756 1
130.8103 93.3140 1
166.3097 191.0312 1
159.1119 64.7860 1
144.5073 79.6767 1
178.4766 174.3197 1
155.3226 191.1862 1
106.8733 88.0611 1
142.8026 121.5403 1
160.0148 249.4878 1
129.7271 187.9833 1
171.7965 166.2418 1
115.9370 223.9613 1
171.6330 241.2707 1
158.6886 61.5885 1
162.3911 92.8990 1
147.0035 8.3251 1
144.1972 89.4298 1
142.6606 238.8712 1
160.8278 51.2648 1
160.2238 129.1361 1
136.6891 228.3663 1
122.5055 102.4251 1
116.4309 9.6584 1
110.0242 151.9008 1
138.3333 37.7569 1
104.7114 106.6609 1
110.4602 189.4801 1
166.6153 178.4055 1
163.4183 136.2252 1
158.6414 222.8213 1
164.0578 141.4170 1
158.0555 120.7049 1
145.5230 62.3807 1
177.2957 196.7410 1
180.1088 136.1158 1
127.5031 73.3552 1
182.1985 126.2015 1
130.4903 67.2133 1
113.6435 230.5658 1
137.5343 46.2517 1
162.0668 181.8065 1
172.8227 185.4722 1
151.1502 217.8973 1
155.8095 22.5175 1
101.7851 52.6645 1
151.5310 132.7344 1
130.7914 10.3345 1
160.6209 8.3897 1
144.7219 249.6545 1
108.1856 44.4572 1
127.2145 124.5246 1
101.9157 185.7457 1
114.1247 248.3906 1
137.3085 191.2606 1
126.7960 9.5895 1
145.2451 155.7548 1
139.1126 151.7654 1
143.3912 84.2557 1
129.8569 240.9101 1
158.1881 158.4224 1
150.6749 148.2059 1
139.4486 215.7986 1
154.0161 211.9328 1
146.6843 22.3772 1
151.1710 49.5028 1
180.4435 166.2216 1
106.1977 123.1499 1
147.4524 116.5940 1
153.5196 180.4742 1
144.3006 181.9212 1
119.1848 150.6970 1
109.2803 17.7601 1
175.1148 231.4110 1
167.9893 106.2980 1
138.8716 140.6646 1
122.3181 46.3515 1
117.8887 53.9188 1
110.8377 120.9302 1
132.1981 120.3280 1
111.4574 110.8771 1
167.6902 249.5128 1
121.6799 159.5225 1
167.4220 67.8306 1
134.0270 2.6631 1
139.9511 54.5394 1
105.7011 114.8605 1
164.7383 111.5822 1
152.3170 108.9231 1
141.9571 162.8414 1
162.8287 117.2705 1
185.0801 157.9854 1
118.4181 67.0441 1
111.1304 60.3835 1
105.9231 130.8721 1
140.9639 104.7799 1
163.5832 186.7827 1
136.3251 80.4718 1
107.0419 219.4632 1
152.9551 72.8528 1
129.0097 196.4402 1
112.7803 47.2408 1
169.6227 147.6826 1
136.3422 110.5142 1
166.1952 126.4822 1
122.1478 212.9814 1
170.0062 138.6221 1
130.1248 81.4525 1
132.5891 59.8771 1
165.6168 168.1013 1
149.4685 32.2962 1
112.0746 184.2330 1
106.5397 241.6701 1
158.8644 54.1538 1
157.5598 76.5005 1
121.9307 181.1824 1
137.1831 220.3096 1
112.2975 33.3281 1
126.8534 229.5496 1
158.1346 138.6897 1
135.2290 182.7103 1
162.7273 103.4542 1
108.4632 6.1129 1
156.0291 45.6119 1
155.3858 236.6889 1
156.3605 177.5512 1
115.3209 206.7025 1
147.6277 13.4126 1
128.1245 137.7198 1
135.2112 233.6932 1
113.7660 95.4221 1
132.3007 147.3013 1
158.4559 244.3563 1
198.9807 156.5701 1
165.7414 233.0712 1
114.0430 173.2814 1
191.9432 164.7259 1
155.7095 88.6817 1
138.6876 23.5573 1
138.4268 247.0723 1
119.7471 231.3715 1
130.1066 24.3027 1
138.4608 196.6107 1
