235.0149 88.8378 0
205.3030 18.7294 0
247.0060 92.0246 0
179.8540 134.9583 0
227.0894 192.5046 0
238.2042 46.6212 0
206.3488 185.4126 0
239.0658 149.2218 0
198.7180 83.2325 0
219.2717 118.8463 0
214.5054 66.9464 0
196.8707 114.5448 0
236.1019 191.9443 0
231.1168 159.8160 0
209.4096 229.3219 0
223.0540 52.2097 0
210.1084 161.1601 0
192.9052 61.6609 0
191.9475 159.3434 0
244.1998 11.3485 0
197.1631 203.6536 0
212.8051 203.4185 0
233.5586 43.9556 0
240.4060 73.8103 0
206.5792 135.4894 0
194.2609 85.9536 0
223.7677 7.8575 0
189.8534 135.4928 0
235.0263 145.6914 0
229.7482 208.0630 0
226.1206 80.9137 0
122.9580 217.3438 0
202.9116 180.9256 0
234.3084 110.1877 0
206.6819 250.4449 0
209.8260 51.0319 0
196.7262 147.2783 0
233.6857 38.5952 0
216.7125 138.7368 0
201.2940 91.5572 0
224.8481 226.4761 0
212.9953 31.9741 0
190.3156 33.8448 0
232.1424 248.1047 0
205.0949 212.7325 0
195.9321 101.4811 0
245.1377 198.2484 0
233.4153 186.7850 0
236.0725 250.5075 0
215.4851 132.5651 0
235.5916 60.1889 0
206.6581 23.9916 0
204.7073 113.1509 0
209.6900 76.3832 0
215.8577 175.5819 0
243.1451 26.0415 0
240.7813 168.2923 0
192.5645 48.9440 0
193.4445 186.7413 0
204.4409 200.9418 0
247.6131 48.3695 0
250.1379 233.0166 0
242.3095 2.1795 0
169.6754 193.8324 0
240.3092 88.1773 0
221.3185 37.1934 0
205.3078 56.2146 0
244.7694 232.4820 0
187.4623 122.6088 0
234.8590 223.0492 0
201.4014 215.3783 0
250.5248 0.6518 0
228.8779 170.2140 0
208.0495 153.1574 0
238.0612 37.5274 0
230.4812 153.7607 0
221.6977 139.5666 0
209.7231 6.2161 0
195.0399 136.6957 0
248.2747 101.8194 0
221.8220 231.1386 0
200.1122 170.9953 0
245.3063 74.0594 0
195.7279 222.3326 0
213.7974 147.1461 0
241.3538 203.5845 0
222.3134 184.0054 0
214.0401 237.1448 0
214.3903 47.9889 0
191.8540 197.1714 0
183.4734 129.3008 0
198.9704 196.8705 0
249.7414 95.6675 0
247.3028 192.7576 0
195.3294 53.8861 0
250.3043 30.7751 0
230.1440 119.0090 0
237.9755 135.3756 0
219.1014 172.0959 0
203.9534 13.4872 0
203.4324 167.1559 0
240.3724 109.2973 0
218.5623 53.8850 0
181.9437 27.1552 0
193.9479 15.6873 0
227.0239 89.5414 0
201.7717 235.0066 0
245.6161 82.8064 0
249.4302 166.7202 0
224.7163 44.2643 0
228.0599 29.8322 0
195.3059 122.9514 0
181.9956 87.6127 0
217.5483 32.2821 0
191.4548 92.8107 0
185.1448 143.7320 0
196.9592 24.4773 0
179.2730 113.5845 0
208.9782 94.8925 0
221.4448 245.8943 0
224.0323 65.8613 0
187.3895 167.4485 0
198.4570 184.5447 0
238.2001 64.4556 0
228.8494 229.0403 0
207.3590 222.0308 0
246.6117 247.6814 0
213.2849 180.3701 0
187.8551 112.7076 0
225.6794 162.7631 0
243.2171 179.1160 0
234.7194 230.5058 0
182.2864 106.4105 0
241.4277 157.5975 0
248.3536 14.4850 0
233.1141 54.8212 0
199.1038 157.9470 0
193.8988 150.9450 0
202.5453 39.9399 0
195.9851 66.9093 0
227.1719 102.4726 0
214.3956 188.8954 0
216.0181 229.0829 0
249.5357 213.8547 0
220.2514 107.9426 0
243.3340 50.8509 0
204.2545 82.5567 0
231.8430 98.6898 0
217.5714 163.7026 0
246.2170 111.5200 0
237.2566 101.9833 0
231.2811 22.6922 0
174.1846 141.2436 0
206.5176 208.7920 0
242.3456 100.4296 0
202.0989 129.1335 0
187.2661 57.0847 0
241.5975 21.5873 0
206.3937 118.6975 0
231.5084 85.3237 0
186.6376 94.1253 0
184.3309 115.4948 0
187.2809 150.8024 0
209.5294 170.6313 0
203.0273 106.3508 0
215.5273 199.2039 0
235.7065 5.5128 0
202.1343 230.5556 0
237.7881 177.6929 0
229.4191 12.3915 0
216.7690 85.9942 0
249.3186 122.6920 0
192.9538 25.1637 0
250.0615 209.0289 0
195.4514 45.2717 0
211.8733 124.2683 0
241.6907 244.4840 0
213.7679 16.8725 0
218.4201 91.6715 0
224.1707 204.1069 0
184.4875 181.8123 0
178.1222 194.4465 0
221.0665 191.5495 0
216.4595 59.2824 0
244.5853 130.1423 0
227.3767 237.8033 0
241.1979 185.4858 0
213.8591 100.3621 0
221.5413 20.2638 0
215.6506 114.6260 0
231.6432 70.0279 0
229.9646 184.1515 0
209.0981 84.1543 0
232.8749 218.3459 0
207.5721 42.8781 0
248.2961 135.2096 0
244.1382 189.1926 0
197.2714 31.7938 0
221.3677 212.0534 0
219.1519 3.5778 0
226.1775 145.5327 0
232.2869 206.4093 0
245.9574 142.4077 0
233.2690 49.2306 0
189.0457 211.2600 0
210.2408 110.1777 0
193.7477 208.5443 0
218.2407 97.5325 0
192.9911 175.4292 0
202.6466 35.0746 0
215.5510 22.2264 0
189.2441 217.5584 0
206.8378 58.4504 0
250.1090 130.7049 0
250.8094 23.4614 0
208.1722 147.9803 0
241.8163 118.6646 0
211.7042 11.1340 0
229.2669 64.7553 0
198.4348 139.9284 0
231.4047 166.1384 0
221.3324 79.2723 0
179.5144 186.7219 0
199.9605 66.0655 0
249.3388 224.8273 0
239.3011 214.0614 0
172.4531 110.7378 0
205.5588 143.6588 0
216.1193 104.3010 0
236.6542 166.3315 0
203.1221 154.8411 0
243.9049 239.5767 0
243.0215 65.2118 0
226.8401 215.6210 0
231.3654 124.5584 0
231.7263 195.2289 0
220.6786 153.8003 0
229.6214 132.6462 0
185.5426 231.4243 0
190.5275 40.2166 0
245.6382 59.1298 0
196.0981 74.9131 0
205.8541 191.5009 0
213.9832 248.2089 0
216.2786 224.1271 0
248.7984 161.3872 0
222.8674 127.5100 0
207.5233 33.4622 0
186.2350 202.7632 0
245.8614 36.5221 0
233.9858 238.2619 0
172.3120 187.6652 0
188.7336 129.9014 0
217.7663 127.3243 0
217.0274 240.1564 0
227.4411 250.2101 0
214.9754 210.7288 0
234.0038 14.2704 0
216.3065 40.4355 0
203.9690 69.5942 0
224.7265 111.5099 0
187.4197 193.1915 0
175.4828 243.9488 1
164.4099 41.9622 1
122.7107 40.4743 1
102.7182 127.1375 1
153.9591 7.0403 1
161.0072 164.2967 1
161.8456 145.7461 1
119.7750 204.2133 1
181.9958 216.7305 1
105.0198 184.0865 1
122.2884 85.9949 1
147.3945 137.9777 1
179.9492 60.1178 1
120.7999 243.5923 1
106.5838 62.9791 1
139.1813 229.2876 1
129.8211 37.0286 1
151.5474 18.3013 1
113.6640 27.7258 1
105.0458 137.2984 1
138.2720 107.5355 1
152.3529 28.1986 1
176.9542 203.3995 1
137.4776 92.8990 1
176.6019 96.2840 1
159.9209 91.1158 1
170.3142 146.5902 1
168.2234 4.1940 1
111.8720 157.8026 1
168.4138 213.5466 1
121.9250 195.1839 1
164.8767 60.1466 1
130.7346 111.4751 1
143.8282 181.2065 1
127.6684 133.1995 1
189.0788 79.3337 1
132.3277 231.0916 1
165.9362 180.2808 1
174.7099 101.8649 1
134.4525 25.9195 1
157.0666 35.6092 1
189.0603 239.9543 1
119.7502 111.3635 1
148.2446 34.5731 1
164.5260 25.6254 1
108.4798 86.9142 1
167.8909 247.8182 1
145.9213 172.6530 1
113.7532 250.3326 1
174.4514 124.1997 1
151.4734 177.4904 1
130.0863 209.6959 1
156.1025 165.7404 1
107.1077 35.9970 1
161.9963 102.5636 1
162.1223 225.9304 1
133.5803 172.8409 1
121.4241 140.6952 1
145.6942 1.0715 1
101.1983 154.2399 1
143.4753 169.5042 1
137.2063 75.4339 1
152.9538 86.5744 1
105.9759 201.5340 1
176.9795 78.8121 1
137.6760 247.0227 1
175.2339 7.2223 1
136.5396 59.2358 1
163.3589 75.1437 1
137.5469 237.4928 1
164.8336 93.0642 1
188.8197 249.9633 1
131.1220 197.1552 1
141.7991 190.6425 1
109.9536 177.9745 1
153.8425 61.9262 1
147.2166 223.7811 1
138.4288 155.4805 1
199.3666 241.0584 1
133.6570 4.0517 1
125.0848 244.1897 1
186.8870 70.3240 1
174.6572 62.1070 1
163.5771 190.2906 1
145.5096 110.9959 1
159.0547 202.2682 1
143.5718 128.2947 1
105.9613 93.7031 1
164.6810 98.4652 1
110.5171 44.0509 1
110.9142 108.6743 1
163.4290 119.7560 1
156.6891 214.9133 1
174.3680 232.6150 1
154.7647 206.3490 1
127.7730 66.3300 1
171.0280 167.7233 1
187.6579 4.2375 1
123.2281 37.3017 1
155.6857 228.9610 1
131.8315 75.2226 1
178.8390 149.4275 1
104.1735 47.1834 1
142.0760 147.4815 1
120.5561 47.3051 1
121.9452 221.7692 1
154.2148 47.6421 1
130.3706 166.7224 1
111.0217 239.3786 1
126.0224 0.6921 1
124.4234 124.7328 1
179.5575 68.3513 1
136.6615 182.1630 1
168.3879 122.7032 1
132.3959 184.3272 1
169.9445 12.6622 1
129.1211 242.3346 1
147.7530 204.9346 1
144.0787 212.5427 1
169.6466 162.6666 1
117.8416 17.2996 1
128.7259 227.4155 1
168.2536 203.4910 1
161.1407 62.6159 1
150.9530 187.6248 1
175.6626 222.2388 1
118.8764 92.0800 1
103.3612 78.5913 1
138.8635 2.7069 1
109.0543 96.4507 1
130.0504 41.5700 1
162.4654 51.3931 1
166.2093 236.0597 1
164.5244 83.6140 1
161.5898 133.2413 1
113.6882 196.9250 1
179.2419 159.1459 1
147.1961 91.1992 1
161.6035 183.7382 1
161.6279 159.0137 1
172.9928 210.3770 1
134.6260 192.3496 1
135.9808 119.2448 1
123.2333 64.7694 1
110.7730 21.1043 1
170.2849 154.5963 1
147.3931 80.9200 1
127.8786 147.0455 1
100.4213 170.5634 1
151.0106 149.4953 1
174.9290 131.6408 1
162.1092 10.9364 1
175.4209 24.4250 1
179.3790 175.7965 1
119.3749 236.8738 1
124.6584 172.6668 1
161.5974 106.4902 1
136.7452 98.2330 1
175.0109 45.8411 1
154.2941 70.2061 1
147.4951 53.9679 1
116.8065 50.9526 1
146.4299 58.7229 1
106.2261 152.9463 1
127.6571 156.9258 1
148.6292 218.4198 1
124.6968 59.1079 1
103.8531 217.1172 1
175.9797 37.1250 1
117.0664 226.7370 1
114.7054 7.0970 1
137.3206 44.7041 1
109.6412 167.9936 1
120.2012 106.0535 1
162.8235 206.7026 1
145.6612 7.2696 1
128.8803 79.9287 1
109.2465 228.3012 1
117.8641 65.7465 1
107.5919 140.0819 1
156.7122 176.3215 1
145.8707 49.6495 1
167.7779 80.7056 1
161.8622 32.8376 1
158.1174 114.4036 1
178.7840 166.0618 1
113.6348 188.8345 1
102.4983 117.0996 1
179.2373 226.1438 1
112.1236 209.7174 1
111.7350 77.8102 1
122.4868 26.9375 1
118.7018 186.8531 1
101.6128 36.6501 1
120.1790 153.6692 1
151.4235 109.1790 1
115.6489 133.7177 1
139.3387 221.7345 1
184.4222 45.3314 1
139.1221 141.7822 1
195.3982 5.7099 1
154.3140 140.8678 1
110.7908 122.3683 1
162.0463 248.5459 1
179.1417 74.1766 1
137.7526 15.1495 1
106.4057 232.7796 1
118.9019 28.9103 1
177.6211 55.8532 1
166.4780 7.3038 1
118.2382 118.5463 1
167.2202 112.6231 1
186.7109 19.7328 1
151.3854 236.6091 1
151.0359 195.5055 1
106.9885 115.6004 1
104.7268 250.7063 1
172.3368 240.2768 1
138.0213 80.5503 1
123.2100 179.7083 1
118.5055 172.8390 1
123.8503 8.6513 1
159.5119 153.8355 1
183.4852 211.5825 1
142.6977 239.1282 1
145.7669 120.8871 1
149.0223 156.3651 1
131.6500 125.2599 1
130.2113 92.6671 1
122.5554 99.5779 1
101.0603 28.1020 1
119.3101 137.4739 1
151.2876 241.5705 1
105.0734 246.1145 1
159.0105 20.7354 1
178.5365 239.0912 1
