214.4851 67.9185 0
212.8762 76.4518 0
215.9818 24.8623 0
237.8357 35.3848 0
225.6589 105.5769 0
197.0789 217.7306 0
223.5307 71.7465 0
225.6059 136.3127 0
216.8266 12.1959 0
175.0294 52.6440 0
216.7134 154.5652 0
203.0220 85.0436 0
193.1801 58.6828 0
232.7901 118.8231 0
199.9493 77.5136 0
221.3448 153.7961 0
176.2931 198.0100 0
238.5245 207.1515 0
217.3981 83.8441 0
227.3828 237.7118 0
210.1350 11.3152 0
217.6868 96.6895 0
207.1580 131.9375 0
172.9727 193.8889 0
185.4626 165.9804 0
202.4785 204.7925 0
214.9794 159.5148 0
228.3459 232.3394 0
194.5193 75.0545 0
231.9881 178.3359 0
186.6163 97.6792 0
186.1858 76.0870 0
233.8869 158.1333 0
241.7570 234.5227 0
212.4573 236.2865 0
183.2113 138.2858 0
234.3967 173.8821 0
207.9984 235.3627 0
174.0665 67.1128 0
232.5554 8.3049 0
181.2335 37.7003 0
209.1488 222.0256 0
189.2937 144.0727 0
208.4822 182.2264 0
236.3371 43.2555 0
202.9640 45.2009 0
178.8157 129.8968 0
237.0110 11.0077 0
204.6830 39.6174 0
209.2826 160.2784 0
172.4407 128.5465 0
245.9928 155.8056 0
205.0302 219.5782 0
173.8499 104.8137 0
227.2148 122.4533 0
239.5621 199.9254 0
203.4966 248.2233 0
213.3033 52.7907 0
222.7950 129.9288 0
194.3831 32.3747 0
235.5172 229.2225 0
233.1129 78.7584 0
225.7859 162.2746 0
244.7915 201.6141 0
247.1375 124.3177 0
244.0625 50.6936 0
219.1974 104.0770 0
181.3469 55.7619 0
227.3320 5.2833 0
212.4010 125.3772 0
186.2629 171.8277 0
197.0275 203.9509 0
244.4649 215.5070 0
227.4878 47.0618 0
199.2623 196.3319 0
221.5163 191.7724 0
187.5921 82.8339 0
209.5368 203.9259 0
199.1213 1.9392 0
233.8363 186.5671 0
168.0135 195.7977 0
235.2406 240.8587 0
161.3174 196.5045 0
217.2968 44.0182 0
238.9565 58.1720 0
169.0523 106.5137 0
198.1730 181.9633 0
247.5812 35.0110 0
203.2915 30.0731 0
185.0560 123.5846 0
234.7484 51.1942 0
242.6834 246.1024 0
210.7080 101.8234 0
202.6209 227.9846 0
170.1834 119.7687 0
210.7537 34.0620 0
221.1817 201.7066 0
217.4822 144.7803 0
195.4365 102.8837 0
185.0776 152.1902 0
237.3916 145.4481 0
200.7086 35.0676 0
223.7883 170.1779 0
229.4276 59.6105 0
233.6179 72.8941 0
215.0970 62.2739 0
212.5932 29.6729 0
231.4359 152.5729 0
246.7121 26.2453 0
239.5175 191.3935 0
235.4860 163.8542 0
231.9519 64.3296 0
217.4895 215.4929 0
220.8289 33.5082 0
221.9111 181.1586 0
182.6742 60.6814 0
229.6519 39.0784 0
233.2723 220.5834 0
219.1441 172.7091 0
193.5799 19.1174 0
250.0022 214.1625 0
194.6459 146.3978 0
245.5248 87.0000 0
228.1897 197.0813 0
248.9804 239.6660 0
241.6719 77.1340 0
199.3792 54.9824 0
245.9013 223.0424 0
170.5639 133.5969 0
211.0163 188.9048 0
240.1935 97.9605 0
229.5366 82.6277 0
214.0210 180.1778 0
185.5926 181.8417 0
245.4972 114.7836 0
218.8846 50.6249 0
211.1134 209.1415 0
173.2235 61.5746 0
217.1310 188.6297 0
211.2126 115.5065 0
203.2444 150.1440 0
208.4529 91.6112 0
209.9349 135.9387 0
194.8854 119.3584 0
224.4145 85.0479 0
219.3198 126.3979 0
203.1630 175.8601 0
190.4900 135.0930 0
177.7438 138.0171 0
200.8841 15.4612 0
216.0851 228.3774 0
249.7172 79.5868 0
193.5338 184.4345 0
197.4494 69.0163 0
245.0683 229.1795 0
227.0352 109.7493 0
171.2931 113.1211 0
222.0771 16.5894 0
204.1579 19.4077 0
215.0296 2.9482 0
232.9417 138.6791 0
196.3405 92.1528 0
194.8814 10.8786 0
227.5018 91.9426 0
189.4292 186.4225 0
226.7264 14.9559 0
177.3189 45.4755 0
240.9227 30.0340 0
235.1842 197.4996 0
177.7777 121.8967 0
194.1946 176.8038 0
179.7165 188.4948 0
193.8060 123.6716 0
215.8237 114.1652 0
236.1159 94.2079 0
247.5049 186.7939 0
244.9587 17.1419 0
185.9187 148.0414 0
203.7155 141.7067 0
211.7864 143.8228 0
229.9422 29.1694 0
177.8248 26.6398 0
218.0305 220.8893 0
182.6248 67.3058 0
201.7123 171.2970 0
246.3150 68.1275 0
206.4634 65.4793 0
194.2454 64.4804 0
215.8809 201.5305 0
228.5455 209.8181 0
249.1193 132.8922 0
213.4657 39.5161 0
224.2370 139.8507 0
242.6609 163.7596 0
202.6639 62.0330 0
176.1064 180.7936 0
238.4183 107.1291 0
177.2883 152.1751 0
185.5048 156.1413 0
242.1615 210.7444 0
192.0599 210.9993 0
208.6790 246.2229 0
215.6384 209.6078 0
235.0719 110.9803 0
169.8744 46.7475 0
207.5966 86.1183 0
223.0423 76.6476 0
190.2403 110.9427 0
200.9079 158.6334 0
183.4811 51.2516 0
207.1020 212.0069 0
247.0822 21.8767 0
215.5105 245.0561 0
221.4212 162.0846 0
188.1789 49.9330 0
185.5537 176.0516 0
197.0728 25.0741 0
243.2197 151.3843 0
202.2365 126.7069 0
184.9121 32.9771 0
223.2895 229.9485 0
248.2971 106.2463 0
180.9082 111.8259 0
207.3683 106.1266 0
237.2499 85.7913 0
187.9758 114.8215 0
206.1073 24.3124 0
187.2287 26.1297 0
203.8417 96.9482 0
227.1583 214.4177 0
211.1765 169.8943 0
224.1470 66.2190 0
197.8539 191.2339 0
198.2657 154.3022 0
225.1482 249.9064 0
200.1949 56.0079 0
228.5816 246.2950 0
230.8961 129.4748 0
235.6497 216.5343 0
205.0812 118.6180 0
199.8333 233.2298 0
177.6741 175.8895 0
246.5068 196.9931 0
203.6692 74.5626 0
239.9510 129.6082 0
235.6360 124.8818 0
162.8301 122.9661 0
247.5267 56.0571 0
233.3547 21.0529 0
244.9921 171.2850 0
244.1432 140.0471 0
131.0229 249.7067 0
193.5883 129.0153 0
227.3049 150.8887 0
221.9856 41.8859 0
223.2424 21.5454 0
247.3534 8.0435 0
224.1514 52.2318 0
222.8897 95.0484 0
190.3031 5.1780 0
222.1621 239.0238 0
199.9551 134.4634 0
227.8946 183.8593 0
194.4038 161.4017 0
218.5728 59.2682 0
236.6982 2.4823 0
190.3353 195.4214 0
195.7092 137.7223 0
163.1142 114.0434 0
230.6400 103.6618 0
199.1299 107.4391 0
186.9153 20.8220 0
249.7618 199.3928 0
217.4342 108.6743 0
193.8680 166.3757 0
206.9316 6.5797 0
191.8657 42.5199 0
240.7752 133.3930 0
153.4183 76.7079 1
105.6379 48.6440 1
169.9327 156.8265 1
181.7779 3.9635 1
102.0707 193.4829 1
165.2971 133.2978 1
168.5032 19.3517 1
143.4902 144.1988 1
126.2798 10.7824 1
111.2107 44.4334 1
117.3320 157.0697 1
107.3555 148.2877 1
158.3621 164.2406 1
101.0850 209.7822 1
131.9792 31.3893 1
148.2156 87.7273 1
151.8921 144.5100 1
143.0280 232.6268 1
151.3298 223.1608 1
155.1814 204.6997 1
153.9847 233.2204 1
141.1279 62.0213 1
132.1936 69.7730 1
159.7103 7.3732 1
116.0856 45.8414 1
137.9175 194.7969 1
158.7832 95.3045 1
111.4508 136.0266 1
101.6904 70.2031 1
148.8890 203.9757 1
111.2164 243.9901 1
139.6967 66.8404 1
151.8932 69.0254 1
101.9790 75.9558 1
172.5459 146.2487 1
108.2314 87.9563 1
144.2922 46.5005 1
175.8717 215.9643 1
111.2600 143.1790 1
131.9623 141.2052 1
140.6647 132.9144 1
104.6322 55.3427 1
142.6539 33.5034 1
136.5356 16.6508 1
133.7528 49.5279 1
139.9309 2.6616 1
117.1715 77.8200 1
142.8151 224.1622 1
132.4311 162.8394 1
103.6730 165.8250 1
175.6856 224.3961 1
163.5863 147.4045 1
127.5960 150.8948 1
161.8423 157.4897 1
114.0694 7.4207 1
167.9572 226.7361 1
106.2849 157.4483 1
174.7975 141.8698 1
148.2917 26.8613 1
157.3261 22.5419 1
141.9989 89.0062 1
147.1834 75.2119 1
150.4847 52.8026 1
117.7174 127.8364 1
137.6974 114.8227 1
100.5779 117.1714 1
168.5815 33.1989 1
120.0319 174.4801 1
118.2215 13.0763 1
126.5207 129.1312 1
177.6755 232.1340 1
153.4490 95.4652 1
145.5230 179.9397 1
131.7374 41.1089 1
141.9199 21.2131 1
101.9119 14.5578 1
126.4291 169.9744 1
164.2634 235.7502 1
140.9202 241.2403 1
161.4016 103.2314 1
113.9027 230.1108 1
163.7316 180.7395 1
147.8777 238.3822 1
105.0908 62.2634 1
161.0886 85.6763 1
116.6379 110.3191 1
123.5076 229.5073 1
100.5855 136.2110 1
159.3713 17.4207 1
150.4431 132.1259 1
101.7920 245.0299 1
168.5976 2.9664 1
151.8914 35.2280 1
148.4227 242.0584 1
166.2235 163.6486 1
118.8444 240.6883 1
154.8749 39.7910 1
143.4419 117.7453 1
183.2050 107.5129 1
186.3880 238.4129 1
159.1445 37.2162 1
109.5815 76.2567 1
133.0088 106.5452 1
107.6787 109.8863 1
124.8415 56.5251 1
152.4156 196.9088 1
120.4818 143.0531 1
134.1538 176.7053 1
136.7795 80.0278 1
167.6402 178.8722 1
128.5914 133.9467 1
112.5708 21.4814 1
172.3623 212.3106 1
154.1231 157.3383 1
105.2777 127.4258 1
110.7190 160.0531 1
138.8731 127.3289 1
125.1504 145.7276 1
166.7030 24.3921 1
137.5290 154.2238 1
177.5634 97.4849 1
161.5535 220.7638 1
203.8483 240.2756 1
178.5722 163.9887 1
130.0275 213.3275 1
146.9639 151.1451 1
108.7250 125.2048 1
103.3499 22.4734 1
166.2814 77.7376 1
118.0303 23.0109 1
119.5269 197.3811 1
101.7631 10.5684 1
158.8781 187.9404 1
126.1059 1.8029 1
153.8279 43.9081 1
116.4840 56.9879 1
151.4411 214.6193 1
155.7024 131.6880 1
114.4952 180.0714 1
185.4115 221.0651 1
171.6009 73.9572 1
186.9841 210.9370 1
131.0639 63.4969 1
158.3491 115.6870 1
149.4358 111.4286 1
171.1271 94.7206 1
128.1377 119.0148 1
130.9518 224.3452 1
151.4746 10.5573 1
130.5792 91.9884 1
102.9723 184.1341 1
121.0054 118.5917 1
168.1936 82.7668 1
179.7082 71.9889 1
177.4491 244.6992 1
168.7708 12.9258 1
149.1237 189.0658 1
101.2111 175.3033 1
153.3346 122.4792 1
134.9779 206.9579 1
117.7347 67.1354 1
142.8237 37.8978 1
194.0808 243.9962 1
104.0654 32.8897 1
164.4844 212.5329 1
155.0406 173.8288 1
123.5776 46.8698 1
128.3241 242.6891 1
103.3508 85.9815 1
142.8829 218.8323 1
144.6389 196.8095 1
115.9178 87.3360 1
168.1000 246.5314 1
128.6277 80.6304 1
167.4624 42.0373 1
112.3273 2.6008 1
124.9427 184.6999 1
123.2844 91.2591 1
100.0959 45.1809 1
109.5017 226.5154 1
162.5627 90.1084 1
160.7729 29.1170 1
172.1981 235.5799 1
128.5186 208.5159 1
135.1826 37.7879 1
190.0767 231.3867 1
118.3903 219.6960 1
105.1014 227.7929 1
124.4258 100.3244 1
124.1771 78.5750 1
136.5521 99.8331 1
128.8875 37.2254 1
167.4995 206.1987 1
149.4678 172.7627 1
155.3303 59.9358 1
108.9249 218.9762 1
103.6526 223.0665 1
139.6295 187.3010 1
150.0510 15.7823 1
104.4506 102.7167 1
115.9101 164.9512 1
176.6888 17.0208 1
150.4832 105.9963 1
110.6735 197.5004 1
121.3856 32.8866 1
130.7714 23.4934 1
129.0123 198.8905 1
116.4038 183.3814 1
109.3330 95.7721 1
125.2589 19.0880 1
144.8304 160.3790 1
132.4337 232.4054 1
173.1974 172.6366 1
145.8529 82.4732 1
163.0202 58.7077 1
164.8895 171.6171 1
139.8477 93.7770 1
161.8674 53.6733 1
145.3924 100.1658 1
150.2753 230.5859 1
157.2904 248.0647 1
130.0897 189.3484 1
181.5034 237.0927 1
138.1009 11.6396 1
127.8228 235.5651 1
