225.1824 93.7462 0
207.7413 7.0536 0
244.5111 61.8493 0
182.4380 94.6336 0
222.5627 187.6053 0
230.2455 21.8260 0
199.3749 200.8183 0
244.5121 100.9264 0
235.3267 146.6781 0
203.5846 62.5720 0
232.4277 98.8168 0
207.5271 40.1419 0
220.8122 94.5343 0
241.0230 195.5544 0
226.9505 152.9245 0
195.6236 230.2947 0
217.9386 52.8692 0
216.3307 143.6514 0
196.2817 42.2824 0
208.0603 146.1982 0
193.9276 208.1683 0
250.6100 161.8960 0
205.1566 190.1015 0
241.4201 154.0197 0
222.9850 44.3109 0
240.3679 39.9724 0
204.1432 111.8890 0
195.3155 73.5041 0
245.2782 14.8732 0
223.4093 240.1468 0
212.4238 91.3862 0
242.3891 138.7663 0
221.2675 197.7897 0
239.0730 53.1516 0
124.0518 201.9259 0
204.7941 154.7285 0
240.7902 105.7114 0
244.2904 82.4450 0
206.7139 233.9015 0
195.6763 30.3934 0
199.2258 123.1542 0
224.6814 22.5912 0
190.4092 114.4820 0
205.0217 85.3711 0
236.9045 221.6484 0
214.7988 24.5157 0
249.2418 205.6939 0
202.4210 5.6748 0
228.0367 229.1728 0
183.7528 228.0608 0
221.5863 75.0703 0
238.0066 178.4427 0
249.8948 244.2225 0
221.2645 113.5530 0
234.6983 33.3424 0
224.5262 8.8535 0
209.8286 104.0173 0
218.2334 65.5944 0
208.4682 158.8686 0
248.6458 10.8854 0
226.4528 160.6329 0
190.7686 32.3837 0
188.6213 147.9792 0
203.2822 181.9090 0
250.7819 231.7571 0
190.5350 175.3878 0
230.8070 71.0229 0
220.4220 16.1818 0
184.8735 33.5167 0
214.1716 85.9704 0
248.8781 217.5106 0
195.3843 215.1066 0
215.4210 158.7673 0
217.0772 126.7794 0
240.6932 13.8687 0
231.0994 134.0047 0
217.7160 118.0336 0
192.5180 242.3258 0
198.6254 106.4435 0
243.7827 96.3994 0
249.2586 210.1259 0
217.6430 222.1138 0
200.0793 135.6784 0
194.3347 236.9304 0
227.1806 120.4041 0
245.7626 192.8946 0
229.4460 180.2270 0
221.3866 217.5454 0
215.1136 38.4019 0
197.4288 182.5294 0
179.8858 103.0354 0
188.1749 197.9122 0
191.7577 27.4019 0
243.8388 22.6066 0
245.6944 109.6534 0
240.2330 113.7151 0
224.8400 171.7079 0
214.9054 247.1530 0
192.7011 156.9290 0
233.1830 89.6902 0
210.6901 30.6189 0
187.2186 0.1098 0
196.2715 4.0101 0
234.3462 61.9284 0
197.6452 250.9614 0
242.0463 66.5484 0
241.2494 91.4668 0
222.3252 32.2124 0
234.3846 13.4737 0
208.8588 94.0866 0
247.9652 171.0634 0
197.3224 80.8487 0
228.7901 1.4004 0
170.2477 72.3350 0
190.3670 104.5556 0
184.2749 240.4988 0
172.6744 82.3000 0
209.2462 57.3729 0
219.1468 230.8988 0
221.9631 55.4030 0
208.7695 131.4688 0
190.7177 197.3849 0
243.7957 48.7604 0
238.0566 210.6693 0
189.5783 203.6759 0
209.4982 166.9206 0
180.6297 90.4545 0
219.5572 139.4438 0
246.4990 178.8315 0
248.8084 236.5446 0
178.6792 71.3726 0
230.0143 147.8146 0
246.3652 0.8555 0
228.5077 49.4805 0
211.8242 140.2981 0
204.1766 138.7486 0
203.6057 19.1212 0
192.3451 61.7272 0
228.4314 81.5924 0
211.5357 179.2157 0
212.9996 219.1421 0
243.3116 215.7652 0
214.5744 73.7651 0
231.1981 36.4103 0
187.2388 72.7524 0
231.7172 103.9663 0
225.4077 139.6374 0
251.0489 82.2068 0
241.5736 79.1776 0
236.4019 5.9963 0
184.6421 120.5875 0
205.2520 211.6911 0
236.0869 80.4088 0
195.0383 112.6494 0
185.8571 54.3381 0
240.0830 1.7337 0
223.8508 123.4613 0
231.2596 66.4568 0
185.8978 86.2635 0
181.5635 111.5791 0
189.8313 121.0544 0
220.2151 180.1446 0
195.2264 92.2623 0
214.1162 191.2811 0
245.4717 246.1958 0
195.9693 220.4722 0
237.9212 164.5219 0
231.8393 232.2282 0
207.1060 65.9326 0
250.7127 122.2830 0
189.3633 18.3000 0
248.9794 197.5369 0
208.6904 17.4785 0
211.0040 108.8588 0
240.5326 231.4888 0
250.2621 184.9669 0
223.5354 250.9850 0
192.2003 66.7120 0
216.6897 204.3425 0
195.7150 160.9245 0
185.9498 186.1331 0
216.3255 186.5234 0
219.5479 48.1781 0
235.3415 128.2428 0
232.9408 215.1551 0
241.7503 184.0998 0
245.3553 150.3400 0
187.6247 81.6320 0
237.0340 243.9119 0
199.7116 75.5556 0
247.5859 57.5759 0
231.2766 168.1553 0
207.6030 47.9754 0
231.3989 204.6888 0
202.1766 24.0937 0
242.9920 133.9530 0
237.4074 184.0127 0
218.9952 3.2841 0
201.4231 208.4651 0
204.7195 240.4971 0
226.9323 130.1239 0
232.3168 199.1279 0
243.9618 143.6813 0
232.6560 41.8560 0
191.1001 188.6251 0
211.1795 78.5550 0
187.8975 220.9956 0
227.0840 88.9957 0
187.1003 128.5916 0
199.1836 12.8262 0
218.6275 243.0154 0
186.0735 211.9269 0
202.1812 47.4911 0
243.1014 121.1931 0
207.1953 124.3248 0
210.7890 250.8042 0
235.5045 52.5792 0
197.0919 126.8510 0
222.6610 166.2451 0
224.0456 63.5003 0
193.4277 165.6299 0
193.9191 54.0816 0
249.1236 223.2982 0
244.1315 203.4641 0
179.4359 81.1234 0
206.2997 117.6316 0
248.4299 30.6856 0
204.5033 70.5125 0
215.1000 150.9919 0
196.1672 148.6498 0
235.6682 69.9200 0
223.4698 226.9840 0
249.2212 51.9168 0
227.5833 208.8587 0
226.5477 111.3074 0
232.5018 188.6479 0
221.8743 132.9707 0
234.3736 120.1824 0
179.4250 220.7018 0
188.3735 8.1114 0
249.9312 38.9705 0
179.6871 55.6330 0
208.7876 203.9703 0
211.1095 228.8936 0
215.4746 209.6549 0
238.7462 159.7170 0
218.7857 99.7686 0
216.5378 13.7187 0
198.1840 166.9897 0
238.4690 22.5357 0
247.2592 73.6887 0
243.8792 31.9102 0
235.8004 226.8923 0
204.6877 175.1404 0
196.4834 97.5967 0
218.6779 105.3006 0
206.9544 220.5573 0
212.5977 236.9270 0
225.2498 214.5883 0
239.2780 239.7057 0
217.0531 29.9700 0
184.6115 66.5267 0
222.5008 81.2152 0
215.1459 168.8396 0
249.4856 156.8858 0
250.5270 92.9929 0
180.9458 215.7571 1
129.5761 46.3269 1
149.6819 61.8444 1
112.4525 166.4887 1
154.8683 36.2826 1
130.1268 167.5670 1
159.4743 150.8330 1
140.0748 232.6683 1
169.2370 206.1668 1
105.5070 93.9928 1
165.0043 139.7541 1
115.5491 223.9746 1
163.0942 63.5285 1
137.6328 241.4720 1
118.3302 71.3025 1
137.0433 246.6299 1
130.1111 33.3395 1
160.0867 27.4021 1
118.1250 132.7127 1
154.4238 20.7755 1
165.6540 79.5130 1
154.5078 213.3604 1
127.9375 116.1279 1
132.7557 97.0397 1
136.6672 109.8718 1
157.0538 140.8757 1
137.3977 195.2925 1
166.4073 0.7829 1
104.4913 162.2460 1
152.1828 228.4196 1
134.3107 200.7477 1
184.3884 42.4954 1
105.3153 137.1257 1
112.3903 215.8202 1
108.5745 181.9173 1
148.0383 160.4385 1
161.9668 92.0297 1
100.6217 9.4859 1
157.9413 199.6177 1
159.4343 117.3016 1
140.1649 58.5630 1
133.2689 57.8838 1
171.9897 234.6556 1
117.0145 177.9219 1
183.9862 18.2275 1
171.0492 1.9263 1
120.9849 82.3008 1
139.8777 223.2369 1
126.6288 189.0655 1
109.9357 4.9520 1
173.5720 111.7492 1
169.6179 185.5679 1
131.1378 234.1213 1
128.1814 144.5216 1
142.7713 83.1068 1
148.4154 114.0906 1
137.9524 217.6338 1
136.6915 146.2388 1
171.0452 133.7712 1
135.7042 173.9645 1
119.1907 5.4351 1
141.3717 152.7263 1
130.7487 86.9572 1
145.3042 96.5105 1
155.9692 111.9646 1
113.0623 33.4175 1
101.5185 175.7263 1
167.6994 238.6100 1
129.9228 76.2987 1
159.8769 97.2910 1
128.2275 220.7025 1
158.6865 76.2407 1
114.0801 250.8607 1
152.3371 244.8265 1
118.6113 209.0894 1
150.9602 176.3699 1
110.2814 178.8047 1
153.6678 30.8679 1
122.3007 238.0566 1
115.4626 203.7013 1
155.9741 134.0733 1
180.1394 240.8491 1
112.6556 238.2303 1
124.1768 27.0221 1
132.6999 21.6492 1
171.2487 67.4863 1
178.3650 40.2031 1
153.1841 167.9933 1
160.8671 132.8318 1
158.2944 179.8462 1
115.5462 146.3235 1
102.2961 105.1347 1
181.8042 146.7169 1
144.4608 56.9965 1
161.7065 105.1535 1
143.2490 209.3547 1
134.1904 205.4167 1
148.7807 220.1764 1
147.6316 41.8280 1
169.2185 197.5787 1
170.9823 18.8339 1
146.0503 26.3117 1
139.5738 228.5398 1
133.0146 126.0401 1
101.6347 110.4661 1
178.4984 156.3006 1
168.1481 126.3483 1
114.6736 84.6471 1
102.8847 79.8551 1
142.9069 219.4410 1
144.9391 104.5017 1
163.7187 169.9567 1
122.0387 153.3021 1
111.3352 28.7268 1
117.8628 14.7328 1
109.2737 60.2967 1
125.9257 143.7152 1
160.1446 54.0770 1
150.9903 136.3955 1
142.1539 119.5179 1
168.3601 149.9342 1
151.2843 204.7118 1
161.0771 34.1119 1
166.0844 163.1672 1
151.2578 222.2549 1
155.2430 154.0237 1
172.0477 28.1454 1
121.2913 243.3212 1
144.1233 167.3579 1
106.7506 48.9494 1
175.9886 5.8937 1
167.0689 155.7515 1
148.8919 197.0056 1
107.6338 142.8094 1
112.1797 77.9042 1
162.3550 216.1455 1
138.0866 29.3542 1
184.4500 24.8304 1
101.4575 230.8645 1
147.7281 14.9203 1
121.5434 66.8215 1
147.6064 131.7823 1
174.4270 151.0256 1
109.1384 243.2914 1
151.0866 123.6492 1
178.3513 170.4998 1
165.8000 117.9066 1
170.6779 216.3890 1
139.5709 191.0141 1
105.4403 160.4960 1
136.5592 48.8524 1
109.1073 126.1427 1
186.6166 172.7666 1
117.7968 102.2262 1
103.6444 61.3794 1
171.2395 162.9927 1
103.4402 192.1930 1
177.0725 124.3745 1
174.8212 103.7336 1
161.0793 208.4541 1
155.5485 235.6732 1
177.8201 207.1996 1
128.2954 209.5557 1
120.5455 125.7653 1
111.0085 121.4212 1
172.7394 246.9353 1
152.4159 58.0531 1
149.0159 72.8421 1
111.0664 87.2721 1
137.2163 84.3046 1
136.8538 134.5209 1
128.9397 4.5123 1
145.3269 50.5786 1
101.9960 222.9572 1
170.4610 35.9858 1
102.8981 30.8758 1
161.3541 66.8553 1
117.1069 167.4259 1
150.1424 184.0294 1
143.4781 13.7231 1
140.9440 64.9442 1
112.3693 102.6360 1
121.1367 197.4896 1
115.2165 159.0682 1
174.3616 171.2504 1
130.7118 66.7211 1
162.9816 86.0305 1
162.1290 14.0116 1
128.4775 121.0618 1
184.2149 165.2298 1
115.3006 138.2396 1
115.5709 184.2483 1
183.6560 207.8844 1
114.7106 193.7620 1
106.0577 41.4869 1
120.4555 93.8571 1
107.6488 173.9783 1
135.8994 68.5889 1
134.6702 164.0797 1
169.3479 227.1412 1
172.8077 49.2245 1
164.5650 129.9771 1
159.3528 247.6830 1
102.6808 203.8175 1
166.3679 94.2798 1
127.9846 134.7798 1
163.0975 19.3904 1
152.2739 95.3965 1
119.7287 61.5695 1
100.0425 216.6043 1
115.8429 50.6372 1
170.2644 58.9827 1
119.3489 39.2140 1
126.3734 164.2471 1
149.3446 83.9445 1
147.5029 1.8903 1
105.7490 2.6661 1
161.0212 177.1490 1
149.9248 238.0316 1
134.3532 94.5318 1
138.9612 177.2612 1
132.0529 184.9910 1
176.5371 140.2416 1
164.4984 188.0055 1
136.2439 8.0336 1
126.2698 106.4314 1
177.7594 192.1023 1
100.2474 169.5588 1
130.2478 104.9717 1
109.4997 151.9411 1
142.0655 38.1633 1
151.1604 153.5489 1
129.7385 12.5307 1
104.5778 22.3242 1
143.5149 244.2654 1
178.9839 228.3344 1
