195.1424 36.3308 0
238.1850 106.1942 0
249.1399 86.6628 0
176.8783 140.1372 0
222.4759 188.7168 0
237.0302 58.3263 0
207.6817 161.9733 0
240.7889 140.2742 0
184.9438 82.0845 0
223.9701 118.0560 0
247.5982 218.0907 0
188.8641 68.3279 0
200.6794 105.1304 0
226.8020 179.3072 0
234.8370 150.8709 0
194.8058 16.9437 0
234.8058 61.4955 0
194.6419 146.8339 0
180.1266 57.7744 0
177.1435 168.6765 0
235.9317 19.2557 0
196.8487 191.0129 0
244.9081 173.9916 0
219.2885 198.4437 0
245.7766 151.9115 0
238.3881 180.7098 0
245.9987 61.2634 0
249.4755 226.4881 0
180.2778 124.9098 0
180.2508 69.5985 0
241.5016 240.6349 0
228.1878 18.3005 0
183.4462 116.8477 0
228.4028 141.4439 0
241.9398 192.0865 0
206.3240 223.6297 0
235.3387 70.9837 0
125.6280 208.7819 0
187.6445 157.9247 0
232.2913 117.2851 0
207.0405 1.3512 0
221.2963 66.6894 0
180.5385 131.8945 0
242.0842 54.7865 0
214.7444 128.9435 0
249.4086 63.3382 0
208.4633 89.2000 0
212.0689 245.3322 0
208.5294 35.7562 0
241.8065 224.2120 0
193.9731 41.6377 0
224.1086 9.2650 0
200.4170 229.9315 0
229.9611 230.8356 0
191.8665 100.5527 0
229.1091 191.7680 0
222.6245 157.5543 0
231.6569 247.1591 0
236.9395 129.9700 0
202.5698 14.9391 0
208.3199 109.6108 0
204.4635 61.9707 0
191.3410 165.1381 0
243.6606 32.4866 0
241.5444 162.1320 0
179.9440 38.7526 0
209.1160 173.6250 0
211.4934 194.8503 0
244.2529 186.5793 0
236.1855 239.1261 0
243.0252 16.2491 0
210.9846 184.3475 0
228.0785 83.9095 0
220.6360 48.0884 0
212.6644 51.7309 0
242.2003 232.2195 0
170.5972 140.4034 0
226.6052 217.1540 0
201.3139 213.1302 0
238.9250 0.1950 0
225.5619 148.8211 0
200.3069 149.3350 0
211.5256 137.0673 0
220.6880 125.4106 0
188.7693 10.4953 0
206.8719 114.6214 0
226.3701 100.7181 0
234.2809 228.4698 0
222.8403 242.4377 0
180.7720 152.5168 0
211.9930 237.1154 0
219.2828 116.2940 0
232.7302 185.6387 0
202.6086 154.6344 0
193.5874 249.7773 0
216.8179 58.6375 0
206.7017 214.6114 0
159.5296 150.1199 0
202.7370 184.1356 0
236.9912 93.0471 0
236.3327 185.4161 0
199.4366 47.5563 0
234.4802 102.3688 0
229.0820 130.6630 0
220.3665 133.4012 0
191.3629 32.9705 0
171.9328 160.6821 0
228.3048 94.8919 0
223.6298 56.3933 0
185.2113 37.9160 0
176.0453 29.5142 0
208.5018 82.9255 0
187.1976 24.2661 0
242.1615 84.3665 0
236.5145 41.1907 0
234.3987 23.8258 0
249.0146 207.7377 0
179.8858 109.7613 0
190.3824 74.3731 0
224.1953 37.8829 0
191.8748 88.8540 0
167.4335 159.4478 0
184.8724 45.7229 0
170.2029 126.2597 0
201.6239 95.8875 0
240.3111 11.8503 0
213.4077 1.0046 0
200.9970 64.5170 0
192.2237 151.3502 0
181.8207 159.2705 0
230.7567 74.4769 0
212.3123 227.5362 0
194.9892 228.7775 0
244.6505 4.5333 0
222.4096 172.2989 0
202.5310 88.9799 0
219.9117 142.3350 0
237.0602 177.2882 0
235.7409 209.1735 0
177.8229 89.7470 0
232.3317 153.7424 0
243.3549 26.6118 0
249.0695 79.1555 0
197.9624 139.2813 0
249.7039 19.3144 0
172.3285 148.5346 0
193.3570 50.0383 0
186.7975 64.0417 0
232.2628 91.3409 0
215.6352 186.4842 0
195.1222 179.3292 0
239.5283 217.1182 0
218.6712 96.8013 0
248.3720 70.8242 0
195.4082 81.5518 0
238.2554 80.6408 0
202.0498 131.9068 0
228.6572 108.7631 0
231.2026 40.3706 0
189.0117 130.6815 0
196.2672 220.6273 0
230.6679 79.9625 0
202.3551 123.9305 0
175.5527 55.2245 0
220.3229 30.3242 0
189.6745 120.5161 0
220.5106 72.5130 0
135.0795 93.2223 0
182.1910 103.9590 0
181.8543 142.0975 0
199.5303 164.1573 0
177.5607 101.2482 0
215.8163 201.6270 0
241.1517 207.3139 0
232.4124 9.8858 0
199.8925 241.8217 0
214.1641 157.9413 0
219.9369 39.3935 0
212.1166 83.4181 0
243.2361 117.1051 0
175.1082 45.7027 0
239.6901 201.4594 0
201.8419 36.4764 0
198.6888 110.0050 0
228.9975 240.9220 0
238.0368 210.5933 0
210.8089 21.3320 0
201.5571 79.9131 0
219.1411 210.1121 0
204.8599 176.0804 0
188.5993 175.7607 0
220.0051 180.8504 0
246.1846 199.5500 0
211.0246 71.4915 0
235.4453 126.5352 0
224.5936 0.9096 0
226.5619 169.5563 0
245.3592 158.6538 0
212.3284 98.3861 0
227.2489 31.3565 0
217.6211 105.7325 0
224.6057 79.8388 0
218.3992 165.0202 0
198.4376 72.9610 0
230.0776 208.9628 0
213.5759 43.9478 0
203.6556 31.2995 0
217.9146 218.6218 0
207.6423 13.0666 0
215.2003 146.0103 0
208.8508 204.5143 0
244.8731 44.4286 0
180.3247 174.4197 0
214.4429 118.8278 0
215.8705 223.5548 0
220.1340 91.8881 0
170.9438 155.6997 0
187.8177 58.2788 0
218.4454 21.0728 0
200.0643 201.4512 0
208.7162 58.7937 0
233.5316 32.3126 0
209.5641 122.7122 0
249.7009 123.8112 0
193.9168 28.9453 0
247.8921 246.1778 0
227.3112 61.3984 0
188.2215 112.4306 0
231.1788 167.3842 0
205.8229 73.1205 0
197.0705 171.3609 0
196.1322 58.6950 0
225.7300 222.8567 0
224.9743 196.5001 0
175.7085 132.8046 0
212.0919 108.8783 0
209.0021 100.3097 0
232.8753 162.0120 0
189.7512 140.1129 0
238.5686 114.2554 0
234.6382 218.5909 0
224.3485 88.7131 0
221.6823 231.5634 0
234.8362 140.5701 0
230.9880 196.3260 0
207.9865 153.0333 0
246.7139 131.5812 0
192.6757 234.3056 0
205.4598 42.7010 0
175.0361 76.2573 0
217.9586 174.9713 0
199.9706 0.7658 0
206.9796 237.6635 0
239.0494 172.9076 0
206.5483 134.8668 0
207.7757 49.4861 0
191.8536 190.9060 0
246.0879 241.6426 0
242.8339 95.7073 0
233.8622 5.9209 0
187.4975 167.4436 0
194.7961 120.4688 0
202.6681 117.8276 0
198.4043 236.5191 0
215.9598 9.4905 0
217.8649 233.3968 0
220.1329 12.0409 0
234.9062 49.5193 0
183.3671 94.2498 0
224.7602 105.3412 0
208.7392 166.9694 0
180.2654 240.1895 1
155.9947 57.1147 1
140.8780 62.5409 1
133.3495 147.8861 1
145.5912 47.0679 1
159.2558 156.6734 1
120.9271 120.8962 1
139.0298 228.3230 1
153.3573 202.5890 1
143.4312 156.8758 1
123.5880 84.7280 1
126.8448 157.5357 1
176.3834 79.5524 1
122.2861 245.3796 1
134.0633 80.8981 1
102.8703 82.8260 1
152.3593 193.4530 1
115.1337 19.2980 1
127.4808 225.7747 1
113.2356 53.3571 1
117.0111 113.0208 1
105.0296 36.1780 1
106.8397 49.7690 1
159.7527 49.5025 1
179.5572 228.0564 1
163.7994 128.1902 1
173.6753 64.8608 1
155.3822 101.8685 1
181.7623 203.1397 1
108.1918 171.4135 1
116.3653 175.7672 1
158.4482 182.3811 1
147.6020 198.0483 1
149.7190 49.8590 1
154.6638 113.5853 1
150.7467 130.1146 1
179.1414 185.1216 1
160.8324 105.8296 1
149.2532 65.5099 1
109.0575 180.7829 1
138.5393 189.6960 1
113.0016 85.3190 1
101.9140 167.2414 1
105.1622 224.1262 1
167.2402 29.2388 1
171.9830 242.5598 1
100.0196 127.7153 1
131.5284 182.6294 1
131.8654 32.1917 1
175.0032 23.6173 1
123.4697 108.3179 1
163.2731 26.4474 1
118.0821 164.5709 1
178.5404 84.1746 1
130.1329 188.8336 1
167.1259 229.4334 1
147.7794 182.1731 1
148.1392 119.7878 1
173.1136 199.2242 1
121.9395 172.7223 1
110.3024 101.8764 1
108.2617 115.6209 1
122.9984 164.5636 1
125.3242 13.6515 1
147.1939 75.3095 1
124.2585 79.4860 1
158.5720 92.0722 1
134.9040 13.2153 1
170.5903 10.5643 1
165.8970 39.0922 1
170.4652 48.9296 1
171.6941 114.6131 1
104.5628 204.6919 1
175.6078 232.3913 1
159.0023 224.6535 1
176.4455 195.9216 1
110.4911 160.5601 1
145.0604 101.8549 1
102.3692 245.4021 1
133.9499 172.7932 1
150.9077 185.5968 1
182.5201 245.1495 1
119.4205 238.2646 1
145.3497 7.6011 1
147.1153 243.2720 1
102.9739 21.9579 1
164.8727 90.2880 1
163.6150 53.0113 1
176.7524 213.1543 1
169.9861 132.7885 1
153.6245 10.4656 1
129.7270 94.7566 1
107.9656 110.3110 1
146.6486 90.4514 1
143.2365 136.0697 1
131.4555 164.1892 1
162.6057 209.3784 1
131.8242 248.3724 1
129.5215 50.1619 1
181.4364 182.8076 1
163.7638 17.9114 1
110.2452 25.4028 1
150.7752 215.8531 1
137.6373 39.9624 1
166.3170 199.2209 1
116.2817 77.7106 1
151.6088 165.6098 1
142.0352 223.8154 1
156.5836 75.3729 1
167.6466 175.6910 1
131.9724 214.7022 1
102.2580 43.1080 1
155.8828 123.7178 1
135.0714 102.8109 1
132.8004 206.2441 1
165.0209 103.8828 1
101.5383 155.6358 1
158.8907 2.9579 1
136.7517 111.9757 1
161.2707 218.1339 1
102.2179 193.7937 1
116.0355 146.4709 1
111.0276 229.9260 1
188.5398 208.3699 1
167.3439 74.3215 1
163.8659 188.8956 1
170.1086 220.7012 1
108.0361 150.3527 1
164.7709 1.5731 1
137.0661 56.1926 1
127.2385 60.6137 1
156.8256 85.5026 1
122.8877 219.2739 1
170.5803 211.5544 1
143.3207 82.5279 1
159.1307 110.7891 1
170.6398 189.2320 1
106.4473 17.4920 1
131.2570 68.8132 1
191.7594 204.3511 1
135.8084 183.7554 1
103.1263 199.8450 1
127.6930 199.6491 1
121.0474 100.4068 1
158.0504 69.7948 1
141.1638 12.6825 1
127.9518 22.7699 1
130.3084 103.7802 1
116.3633 47.3495 1
132.0533 123.6177 1
135.6051 140.1948 1
158.0136 177.3274 1
143.6513 172.6683 1
183.8783 10.5437 1
185.6027 19.1120 1
169.8348 166.7221 1
149.4653 239.8272 1
101.1490 117.6049 1
139.8557 84.9552 1
112.0301 61.5629 1
158.7377 40.2095 1
166.0664 79.5630 1
118.2868 60.6149 1
123.6285 37.2438 1
139.8195 67.5348 1
106.9141 138.2587 1
144.4438 150.0957 1
144.1043 215.1588 1
119.7096 28.2183 1
139.9499 199.5138 1
144.8364 29.5693 1
124.3974 5.0651 1
107.5914 75.7048 1
151.1923 96.5247 1
123.9680 144.0006 1
152.2780 243.5093 1
114.7913 37.0679 1
118.0483 71.1004 1
114.4337 35.3045 1
132.0995 132.1939 1
131.3293 153.6983 1
121.6836 52.7106 1
166.1608 96.2490 1
129.0323 230.9882 1
160.8999 134.2903 1
190.4292 213.3743 1
137.9907 242.1405 1
108.4300 208.1742 1
142.1158 22.2292 1
153.9678 31.3230 1
163.9808 235.7587 1
125.4965 132.3263 1
102.9495 76.0051 1
130.2758 26.5562 1
143.0717 34.4780 1
120.7438 89.2674 1
188.2903 246.2949 1
137.1495 126.2878 1
162.3565 143.4254 1
119.4025 232.8298 1
172.2041 70.4319 1
133.1117 7.6109 1
120.5584 186.4151 1
109.5128 238.8974 1
159.6454 64.2026 1
152.6395 225.3907 1
109.1847 126.9235 1
162.9903 119.7494 1
178.2282 4.0830 1
125.9314 243.7542 1
172.5474 208.1532 1
184.5884 218.7965 1
141.5872 98.2461 1
116.8843 212.0294 1
123.5137 153.8317 1
150.4622 16.6376 1
152.0249 144.7937 1
141.8886 205.8668 1
177.0668 17.4921 1
155.4805 158.6476 1
137.9913 107.6651 1
141.9139 113.8516 1
109.8350 118.3213 1
114.9830 9.3005 1
101.5083 7.5538 1
143.5272 249.5397 1
158.6241 23.7863 1
183.1599 223.4907 1
