214.4683 93.8972 0
197.7859 85.3324 0
206.3032 23.8097 0
237.1175 54.0362 0
238.4122 230.0125 0
248.6481 136.0420 0
230.5620 247.6495 0
236.5411 97.2611 0
243.0797 135.8143 0
223.7919 25.2243 0
189.0323 30.9104 0
191.0495 160.2135 0
179.9811 108.7564 0
191.9427 58.6406 0
206.9033 75.0541 0
212.4290 154.0795 0
183.7423 183.2736 0
235.3116 219.0145 0
227.5390 98.5158 0
227.8393 231.0477 0
203.7172 4.4776 0
219.1193 99.3919 0
208.1455 141.2935 0
193.5880 178.9670 0
192.2979 138.5832 0
222.5796 237.5309 0
197.2146 170.9060 0
230.1585 14.3631 0
189.1973 66.2873 0
211.7229 188.7824 0
172.5955 114.6561 0
191.9129 96.1823 0
218.0520 146.8803 0
237.3979 8.3421 0
208.4601 238.4407 0
197.6513 148.9776 0
200.5054 164.8893 0
249.7791 37.0788 0
167.6179 1.9603 0
198.5483 21.3735 0
234.9666 68.3296 0
189.7550 18.7379 0
237.7957 248.8577 0
178.9445 175.8979 0
203.9004 200.9631 0
248.2772 56.3479 0
225.1902 54.9290 0
190.3418 50.7034 0
214.9376 118.3968 0
215.9712 58.1561 0
185.6284 164.2785 0
195.5200 125.3747 0
210.3127 176.9032 0
184.3732 234.3418 0
167.7729 129.3349 0
238.4179 142.8788 0
211.7823 206.0845 0
218.2624 244.9391 0
215.8139 63.9218 0
250.3972 124.1081 0
212.8631 39.2104 0
220.9761 164.9795 0
241.4590 211.0550 0
221.2775 110.9720 0
176.7986 0.4607 0
231.5091 23.0078 0
183.4359 122.1268 0
185.8136 204.4220 0
211.7042 200.1826 0
226.3649 216.2626 0
217.5182 71.7515 0
219.9068 197.5614 0
219.1837 213.4842 0
174.3732 105.9313 0
249.6462 177.8231 0
193.3666 232.4769 0
211.8210 2.8595 0
210.3176 196.1730 0
184.1326 146.9729 0
241.2266 99.0710 0
245.4880 8.6884 0
174.8970 182.4385 0
248.1706 44.1294 0
207.9788 30.4215 0
231.8233 60.8549 0
224.9579 182.4609 0
161.0116 124.4435 0
193.9027 221.0094 0
241.2361 62.7238 0
196.1893 25.5380 0
196.1971 114.6906 0
231.6888 29.6378 0
240.8196 45.6953 0
225.9386 4.2323 0
220.3061 126.3147 0
189.2040 233.1321 0
196.0140 119.8976 0
207.8542 61.1201 0
239.4156 240.6746 0
210.1217 166.2642 0
183.4469 101.5901 0
180.6464 162.8879 0
215.0622 138.7690 0
206.1929 69.9887 0
203.1894 189.7888 0
237.0240 72.7467 0
244.3716 91.9724 0
242.3513 80.7372 0
211.8987 8.6338 0
221.1782 156.8956 0
233.8777 174.4641 0
217.1122 177.7347 0
232.7194 106.7218 0
183.8914 220.9965 0
236.4706 23.7993 0
220.5978 183.9614 0
207.5500 53.3205 0
230.5043 46.4464 0
239.9974 226.8003 0
246.8508 51.7120 0
184.9432 200.1899 0
244.2157 167.6472 0
228.0425 174.1550 0
181.4301 9.7789 0
216.9322 225.6904 0
203.7878 109.0461 0
221.1538 226.7201 0
249.9423 1.3978 0
235.1548 110.2341 0
246.2655 192.6199 0
198.7390 76.4178 0
231.1073 236.6736 0
187.2173 129.4940 0
177.7909 247.5410 0
229.9187 131.0619 0
239.7757 201.6681 0
205.1465 206.9505 0
187.6016 175.6047 0
227.8283 33.4183 0
200.6470 214.6038 0
193.1364 72.0703 0
215.9514 191.7174 0
238.5505 122.9149 0
200.0903 180.1255 0
219.0667 132.4722 0
223.7115 140.2020 0
244.4816 107.8078 0
216.9209 108.4809 0
206.6670 130.6622 0
247.7006 210.0320 0
189.9634 217.1880 0
211.3349 160.0754 0
201.2784 127.9663 0
198.8253 247.8387 0
245.1835 221.8109 0
206.7738 229.3935 0
236.0052 114.8765 0
177.3242 194.5350 0
246.0851 70.7235 0
185.1131 69.0998 0
218.9648 234.9196 0
187.3518 115.2122 0
246.6647 17.6803 0
183.2733 227.2213 0
221.2455 248.9752 0
231.1276 148.4321 0
169.6337 70.3299 0
217.0250 9.1184 0
180.5595 202.0128 0
227.9358 42.1102 0
189.8046 40.0684 0
241.6561 54.2992 0
226.8611 197.3433 0
208.4616 109.3317 0
194.6933 187.6516 0
180.3276 211.0617 0
213.9692 85.2528 0
226.1898 113.5489 0
244.5061 117.5450 0
210.5316 182.2450 0
172.6509 120.6231 0
234.8349 124.6350 0
190.2600 145.7726 0
220.3603 38.2062 0
236.7826 182.0562 0
195.5449 10.7643 0
191.0322 246.0259 0
197.8767 47.0597 0
195.8684 207.2857 0
226.8625 89.5433 0
186.9021 57.5374 0
200.9164 225.5633 0
204.4188 222.3086 0
202.2144 60.7268 0
227.2551 144.6312 0
231.6762 153.2473 0
222.3057 80.5317 0
188.4890 151.0709 0
180.5051 138.9985 0
163.9612 120.2338 0
232.5519 221.6936 0
206.2776 215.1048 0
249.0317 217.9751 0
224.0036 17.2122 0
200.8981 234.7391 0
225.2251 159.5069 0
204.8355 14.1989 0
198.0538 90.4078 0
230.1979 85.9430 0
189.2757 103.7182 0
203.8773 118.9294 0
207.3480 48.1043 0
201.7605 241.1643 0
238.1891 15.6669 0
203.7528 160.0291 0
201.6290 42.8786 0
177.7645 152.2471 0
247.7060 158.8806 0
190.6636 9.4663 0
234.0339 167.5859 0
203.5363 97.0558 0
185.9321 0.8968 0
243.1960 245.8205 0
193.7067 110.7705 0
211.0663 98.2079 0
197.7742 103.3202 0
201.4881 33.8784 0
208.7477 246.6325 0
231.7599 204.4751 0
221.8948 90.0019 0
229.9255 243.5976 0
184.3194 191.4137 0
211.3706 76.5877 0
194.3470 198.0700 0
191.6368 168.3533 0
243.3711 31.3920 0
201.8455 68.2715 0
247.9895 153.8457 0
248.1136 231.0521 0
223.1567 96.7123 0
188.0171 242.0320 0
249.2806 7.0293 0
175.1905 128.9770 0
246.5835 205.3623 0
208.0453 89.1832 0
233.3557 137.8492 0
235.9619 81.4848 0
198.2061 135.2494 0
249.9124 75.0251 0
236.2534 36.9961 0
224.4128 168.2478 0
244.8092 177.0587 0
174.2078 239.8830 0
208.8146 117.4668 0
239.2715 157.0350 0
216.2509 31.4732 0
216.6545 22.1266 0
223.3147 66.0785 0
245.6674 102.5561 0
187.1275 5.7144 0
222.2034 9.3878 0
203.0839 151.8044 0
219.9225 189.0904 0
181.8867 130.9443 0
229.2344 75.9282 0
234.5875 191.5063 0
247.9652 26.2882 0
175.4983 211.2340 0
200.3865 140.2059 0
237.6967 170.5070 0
209.4257 149.3965 0
245.4408 124.9294 0
211.4057 126.4904 0
197.9940 3.5041 0
241.0138 234.3637 0
222.4688 135.7583 0
181.6049 168.3479 0
211.3935 20.4314 0
208.0411 39.5155 0
233.8938 161.4676 0
241.1137 196.9085 0
110.0456 68.9872 1
121.7279 117.4617 1
114.2804 62.8468 1
163.0687 166.4730 1
172.3472 201.0504 1
180.5467 34.9958 1
119.4777 172.2936 1
154.5583 128.8048 1
170.7089 137.7818 1
131.4116 117.4822 1
126.5562 143.7101 1
112.0551 209.0872 1
131.0682 82.8377 1
147.4890 198.6788 1
109.4948 196.1230 1
152.1112 68.2328 1
164.2022 229.0431 1
136.8976 194.8567 1
170.3091 219.5105 1
170.3428 27.2139 1
135.7607 78.1261 1
139.8297 34.9671 1
123.4001 60.6737 1
129.2281 172.8182 1
146.9281 125.2311 1
178.8086 68.3454 1
149.1056 207.7892 1
136.5023 0.5813 1
193.1302 81.7419 1
160.7242 73.3872 1
106.6911 215.7550 1
111.5629 52.1896 1
162.7989 233.1168 1
132.8534 164.6921 1
126.0865 215.3603 1
166.1209 109.8711 1
150.7203 22.0778 1
121.8427 184.7750 1
169.7311 31.8181 1
116.1290 175.1076 1
101.4878 98.7236 1
126.0802 28.2548 1
124.8295 122.0214 1
102.0314 201.4057 1
109.8195 172.5427 1
142.3089 193.6934 1
111.7875 128.6990 1
112.8381 161.4656 1
134.5124 152.1449 1
143.1691 235.3064 1
163.1484 147.3767 1
158.2795 57.8537 1
181.0508 50.2352 1
139.9434 111.5657 1
158.1323 84.3545 1
179.5461 100.1158 1
149.8812 82.5488 1
133.1367 105.3768 1
115.4364 3.7188 1
170.0635 164.2692 1
114.9089 41.9561 1
146.2609 155.0745 1
123.9497 92.0473 1
139.5152 221.1178 1
158.1786 39.2958 1
105.1023 190.6720 1
140.4185 249.0293 1
117.6261 55.9375 1
172.9511 231.9544 1
140.8642 212.2305 1
157.2161 242.9357 1
113.8400 114.5192 1
103.2357 16.9970 1
146.3418 142.9669 1
108.6615 108.0602 1
144.3331 17.6227 1
173.8215 40.9236 1
102.4166 141.5755 1
155.0466 10.0144 1
142.8558 178.6194 1
147.3013 133.6468 1
107.5938 226.7736 1
116.1241 224.9223 1
162.0115 183.3538 1
174.4946 167.3731 1
120.9859 9.0948 1
159.6438 6.6829 1
118.1011 12.6204 1
114.8270 186.4293 1
165.2199 105.1223 1
172.1483 88.6459 1
134.9568 31.4463 1
151.9525 186.5858 1
109.2563 77.1398 1
140.6350 82.8930 1
150.1516 107.5340 1
156.2397 26.6574 1
145.6928 219.4996 1
127.1643 177.2351 1
100.2100 118.3770 1
140.4396 90.3690 1
128.6515 135.2987 1
155.3282 233.3741 1
187.0644 35.3197 1
140.8210 160.1430 1
110.1208 146.0541 1
133.1858 201.4214 1
155.5320 121.3492 1
111.7052 104.6386 1
138.8737 131.2301 1
179.6469 17.0888 1
105.5849 179.7556 1
179.9236 82.3541 1
168.3835 5.8561 1
167.2614 207.9618 1
130.7017 206.2267 1
137.7964 177.5887 1
102.5671 209.8344 1
148.4460 242.8358 1
134.1020 124.2739 1
125.6906 52.0709 1
175.8738 60.2587 1
129.0974 6.3996 1
120.3652 35.8577 1
163.4118 155.8175 1
113.7934 236.0913 1
162.1742 48.8638 1
144.8145 167.9582 1
153.7576 149.2419 1
126.9570 25.1947 1
177.7780 235.8514 1
169.1253 61.7176 1
142.4717 200.8219 1
165.4162 97.7761 1
109.1123 41.9470 1
160.1750 212.6449 1
149.4823 112.3027 1
165.5945 63.4133 1
156.9192 47.2202 1
129.0261 223.4196 1
162.9931 246.4149 1
108.1759 13.3504 1
100.3288 42.3451 1
106.1547 67.7529 1
140.9448 101.9382 1
109.8428 218.7461 1
157.2437 111.6884 1
101.0857 136.0586 1
145.5009 74.6157 1
119.9948 68.5107 1
165.1061 23.4090 1
135.8619 14.4868 1
125.9500 107.6315 1
108.8439 33.9635 1
163.8061 91.0992 1
146.9925 62.9692 1
114.7539 147.5125 1
172.6523 49.4939 1
160.6070 13.7818 1
172.6434 191.6034 1
125.8829 229.0518 1
130.9280 242.6141 1
142.6335 65.3728 1
132.1993 184.8779 1
122.5188 242.0552 1
146.5202 3.8662 1
117.7435 104.9290 1
102.9450 8.6627 1
100.2481 204.1359 1
157.3595 188.8554 1
102.6350 32.9515 1
125.3548 100.3397 1
165.3229 80.5771 1
169.0946 40.6208 1
135.4225 24.2120 1
151.7168 225.5819 1
134.7099 228.2270 1
131.3336 64.4659 1
130.6724 195.1902 1
106.7441 250.2366 1
105.7463 170.2043 1
106.6522 91.4422 1
104.3557 241.0998 1
128.3321 72.2670 1
153.5324 93.7536 1
128.1516 42.1776 1
144.3133 54.8716 1
137.9354 171.6508 1
100.8760 62.7467 1
105.0407 231.8315 1
170.6730 17.1450 1
147.8512 178.9903 1
157.0201 166.8312 1
108.5318 86.0419 1
115.7639 74.6527 1
113.9024 154.8526 1
114.9114 91.5269 1
120.7698 137.6237 1
185.7855 27.1496 1
150.6327 58.6968 1
119.8580 108.9172 1
165.2841 174.3047 1
140.5899 45.8840 1
153.8448 176.5655 1
121.3788 163.4069 1
104.0626 43.0342 1
128.5660 112.5637 1
148.1381 38.0552 1
136.5315 185.9969 1
151.6904 161.7178 1
119.6463 131.0563 1
155.4654 197.7025 1
161.5965 140.2569 1
123.1898 83.3542 1
138.5484 144.8557 1
118.7783 204.1653 1
157.2268 97.2113 1
173.0650 13.2132 1
100.5380 85.5720 1
106.4556 150.2397 1
141.8240 230.8005 1
158.7795 222.4579 1
123.0843 0.2996 1
119.1467 212.0048 1
145.0917 41.4027 1
108.8102 22.0365 1
