199.9741 97.3834 0
176.1788 97.5340 0
206.4535 26.4735 0
237.1383 53.7270 0
222.5706 7.6618 0
225.4640 89.6442 0
243.6083 134.3260 0
235.9131 21.6039 0
193.5732 36.8497 0
197.8434 174.5432 0
189.4906 110.5870 0
247.2445 72.2772 0
192.4288 78.3390 0
248.8615 154.3463 0
209.2277 87.1519 0
222.3980 146.1499 0
168.7538 192.4144 0
231.4372 213.0001 0
220.3421 103.3405 0
238.0908 240.3309 0
249.3147 61.8253 0
208.9881 14.8885 0
222.5070 110.4708 0
211.4577 142.7711 0
182.7315 182.3910 0
184.5744 154.9728 0
224.0354 238.4389 0
197.4447 181.4873 0
232.9680 8.0855 0
196.7111 82.4925 0
217.8583 178.8638 0
190.4167 118.0655 0
187.8345 97.0814 0
215.1794 152.0840 0
244.6101 240.0405 0
211.9542 1.3534 0
246.7847 204.5567 0
199.3259 139.3648 0
209.2283 178.6021 0
158.2845 239.2299 0
181.4132 32.0140 0
247.0734 32.2520 0
233.8498 71.5452 0
186.0663 23.2767 0
234.2068 243.9011 0
189.0267 175.2158 0
211.3072 192.5610 0
241.1159 65.4958 0
222.8841 52.7495 0
186.3281 77.5167 0
214.8346 118.9686 0
248.1870 23.5353 0
212.5930 56.5855 0
179.4937 169.2981 0
181.5318 142.0315 0
212.6232 166.0482 0
201.1616 229.1922 0
179.0869 120.2146 0
221.1883 201.9416 0
218.6642 249.8156 0
211.1767 66.1030 0
213.1382 49.4522 0
225.7333 171.1896 0
238.8461 206.7160 0
233.2462 78.6935 0
224.5571 119.7328 0
180.1014 18.1679 0
240.8962 26.9204 0
207.6459 138.8165 0
191.9274 195.5257 0
203.2089 200.0695 0
227.3833 212.9092 0
222.5135 71.6993 0
219.4381 191.4877 0
209.7539 209.2401 0
181.3013 104.6036 0
207.4746 223.4568 0
215.7948 21.9868 0
212.6834 202.2370 0
171.7486 166.6705 0
245.1089 96.3401 0
250.1414 3.6748 0
173.3895 185.8161 0
218.5832 37.1330 0
223.0675 63.0085 0
229.4508 188.0502 0
187.9135 125.9030 0
188.8549 209.3092 0
235.9682 62.2081 0
186.7544 16.8007 0
202.9215 121.6994 0
229.8577 43.0760 0
245.7448 38.6870 0
241.9505 2.4598 0
226.0773 124.9871 0
202.3616 238.2754 0
193.5582 153.4985 0
197.0692 51.2318 0
243.5405 232.4088 0
209.2376 159.4692 0
194.3595 104.1544 0
169.4605 183.1456 0
217.4971 138.8655 0
208.2443 61.5017 0
247.8163 167.8922 0
210.3928 173.5527 0
220.7865 87.1323 0
227.5785 96.9672 0
234.6711 89.9752 0
223.0438 17.4007 0
219.5320 154.0911 0
228.3665 163.7076 0
217.9926 161.9945 0
237.0873 99.3503 0
196.9442 220.1837 0
232.6598 36.2651 0
226.2116 178.8776 0
196.9541 42.3966 0
226.8085 61.1421 0
227.2095 225.9030 0
249.0391 55.7842 0
186.6078 192.1272 0
234.5648 173.7831 0
194.5498 248.6442 0
214.9216 216.2206 0
213.7995 113.1012 0
223.8286 221.5567 0
249.6969 238.1732 0
236.6866 108.7014 0
236.2852 182.7069 0
203.5142 76.9721 0
184.8560 132.8778 0
248.7586 87.6813 0
207.6310 233.6324 0
246.1193 125.6430 0
240.7042 192.7787 0
197.8018 212.3411 0
167.1865 173.9390 0
227.4644 35.2836 0
203.3273 216.3301 0
174.8756 84.1976 0
217.3057 199.1391 0
239.6533 126.6208 0
184.9121 186.9994 0
216.3428 122.6978 0
222.6240 128.5581 0
235.7704 120.8901 0
231.6198 106.6369 0
219.5956 132.7351 0
247.8801 216.0297 0
198.1465 207.2712 0
207.3248 155.2229 0
198.2272 132.3569 0
197.8346 15.7573 0
236.6073 222.7818 0
213.0484 240.0200 0
241.0616 93.7805 0
167.8052 202.0660 0
169.1539 86.2393 0
228.6175 234.8397 0
198.2731 128.8785 0
247.7426 12.2635 0
187.9034 8.4127 0
227.0915 247.1275 0
223.9799 141.6197 0
161.7725 74.5552 0
207.8453 6.2537 0
247.6383 103.9351 0
175.3307 192.4572 0
234.0683 44.7364 0
192.4568 41.2601 0
246.0233 47.1995 0
234.0775 192.7402 0
204.4968 115.2300 0
206.5947 183.7637 0
176.2232 207.3386 0
220.8256 96.6797 0
230.7558 114.0336 0
248.1361 112.4977 0
219.6591 171.6589 0
188.6057 136.4941 0
229.5661 127.3406 0
193.7818 158.7850 0
224.9044 48.3652 0
239.8655 179.2883 0
193.3489 31.2612 0
202.1035 0.4655 0
196.0078 56.8571 0
199.5748 192.6600 0
242.0972 82.2560 0
216.3080 87.4058 0
193.0197 66.5895 0
215.6029 223.7178 0
220.0282 231.0643 0
199.4227 61.2306 0
231.9179 145.1131 0
229.8272 149.7245 0
214.5501 79.7839 0
183.5137 160.5577 0
174.5779 156.8085 0
181.7345 147.1554 0
232.4093 218.5457 0
210.7191 214.4254 0
246.9656 229.3866 0
228.9410 16.0228 0
211.5161 235.6752 0
222.2878 157.7099 0
196.6652 24.8813 0
192.2682 89.0404 0
245.0023 189.9099 0
216.6566 100.7066 0
184.4841 118.6653 0
209.4080 129.5293 0
205.9836 49.9093 0
207.1089 244.4151 0
239.9496 13.5139 0
204.6449 167.4760 0
205.4736 41.7028 0
174.9747 176.5435 0
234.7809 158.2081 0
185.5374 3.3324 0
244.1657 158.5175 0
201.6106 104.8694 0
181.4577 24.9998 0
245.8177 249.7539 0
193.0315 126.9580 0
205.9747 106.9605 0
195.1523 117.4735 0
210.3193 29.2790 0
199.8786 10.0157 0
233.0015 206.1119 0
207.3158 96.9320 0
236.9036 250.1210 0
194.9050 186.8422 0
209.6065 71.4950 0
180.1346 195.5947 0
193.0461 172.0608 0
245.8685 18.9966 0
202.2538 68.5752 0
234.0804 231.3476 0
209.9833 102.9531 0
191.6940 226.3167 0
176.1230 148.0603 0
238.6199 200.7460 0
199.9362 90.7275 0
239.8992 147.1113 0
229.7786 69.0811 0
175.0494 162.0292 0
242.1686 73.5206 0
241.1159 39.4369 0
232.5522 165.8746 0
152.8835 235.7028 0
207.2971 122.7499 0
248.2980 143.9683 0
222.8503 40.2306 0
220.8135 27.8851 0
217.4002 60.2540 0
237.9690 113.9252 0
193.5660 239.3030 0
213.9325 12.0307 0
201.7242 163.3682 0
218.5597 184.2408 0
187.0516 146.1270 0
228.0191 77.9728 0
245.9382 175.7166 0
230.1270 196.8590 0
187.4825 198.1513 0
199.8387 150.4272 0
239.9123 165.4977 0
201.9162 146.1493 0
211.0815 133.2285 0
191.3249 15.1148 0
239.8745 213.7423 0
232.7774 135.9566 0
181.3139 177.1008 0
211.1557 19.4572 0
212.2149 35.6712 0
234.9716 148.5048 0
250.1605 185.8259 0
120.7400 45.7856 1
130.8616 143.4182 1
118.9942 58.5653 1
127.1769 156.6580 1
178.2643 232.9267 1
159.6226 248.4782 1
116.5293 135.8255 1
102.6961 164.0664 1
180.9205 127.1938 1
143.1773 164.7200 1
112.9695 140.0119 1
163.3797 112.6465 1
137.9744 139.9252 1
109.7678 228.5366 1
134.3445 77.2775 1
155.8631 191.4198 1
108.2672 134.8835 1
132.1662 209.3652 1
148.4388 66.0118 1
160.7581 227.3191 1
143.9385 206.9456 1
189.6077 218.3027 1
165.0163 41.0534 1
108.9209 97.8415 1
148.1228 24.9932 1
130.7905 43.0183 1
120.1187 194.0207 1
172.8190 115.5919 1
174.5303 69.7734 1
151.4467 198.5151 1
130.1968 245.5107 1
168.2675 78.9309 1
138.2336 73.1990 1
106.1380 75.2995 1
124.8128 89.7216 1
117.8531 126.9217 1
132.7441 54.7792 1
185.2014 237.8215 1
113.8076 174.0276 1
122.6463 210.0219 1
153.7092 116.4167 1
161.0404 7.4855 1
153.3691 35.6255 1
106.2386 56.1093 1
117.1847 19.4582 1
124.7643 129.7374 1
115.0119 186.5876 1
140.2592 160.1344 1
101.9120 183.0358 1
162.7046 203.2325 1
123.3187 140.2380 1
118.6832 148.4537 1
143.1757 153.5740 1
128.6010 224.6915 1
151.6026 152.4554 1
154.9767 57.5266 1
165.8188 46.7227 1
167.0045 122.9218 1
157.3729 81.2098 1
165.5551 74.7309 1
157.2036 92.7661 1
111.2886 78.0209 1
134.0153 130.4091 1
135.6424 18.7571 1
148.5081 170.7351 1
117.1077 26.5672 1
140.7302 128.1672 1
126.9452 112.6392 1
160.4547 218.4790 1
141.5678 43.9896 1
128.2449 205.2474 1
133.4258 9.6962 1
113.4535 147.2807 1
111.1156 32.2683 1
150.2413 243.0605 1
157.5330 210.1503 1
133.6385 229.8253 1
156.0814 139.9935 1
101.5280 74.2444 1
183.1353 7.0734 1
178.8204 46.8568 1
135.9334 234.5023 1
122.4532 155.6810 1
115.3518 105.8592 1
108.7607 248.6345 1
138.1576 180.6445 1
116.1648 169.8158 1
152.1160 16.5301 1
174.9023 236.9792 1
111.4700 240.4611 1
148.6716 187.8902 1
108.8552 14.2074 1
171.7445 129.0771 1
163.2099 100.8484 1
176.8230 7.4529 1
119.3917 35.5056 1
138.9626 216.0586 1
123.5881 98.4502 1
139.7855 111.7299 1
159.6609 66.0012 1
169.2007 223.1325 1
117.4218 179.6211 1
140.1843 101.2602 1
124.4236 147.9233 1
178.0750 223.1305 1
112.6971 206.8406 1
189.8882 51.1003 1
100.9004 168.9884 1
106.1000 248.6821 1
109.9012 194.5738 1
123.8686 189.0935 1
166.9473 137.0085 1
106.8885 109.3304 1
122.4346 122.1871 1
186.9299 37.4161 1
179.8842 92.4527 1
180.3564 249.2215 1
188.3614 232.8945 1
116.2179 197.5798 1
142.4107 188.0899 1
131.1928 219.7920 1
117.4481 232.6153 1
160.8241 150.2160 1
151.1631 72.5076 1
139.6161 19.5405 1
127.4496 13.8077 1
163.0109 181.0472 1
133.1830 36.0583 1
167.3635 61.2532 1
148.0641 202.4472 1
163.4094 158.1359 1
105.2454 19.9967 1
145.2185 240.7236 1
185.9381 58.9216 1
147.8309 219.4652 1
133.9386 85.8295 1
106.2150 33.6724 1
153.6662 158.1440 1
168.0667 108.3236 1
142.8749 77.9710 1
148.9848 89.4573 1
101.9818 199.1698 1
129.8848 239.8157 1
126.9379 4.9150 1
115.1261 50.9950 1
148.6094 107.8489 1
116.1831 242.5386 1
148.1800 126.3064 1
142.2409 56.0811 1
127.6996 80.1898 1
171.1532 26.6964 1
155.9228 4.5731 1
135.9620 149.8645 1
126.6700 19.8456 1
158.3635 104.6206 1
146.5866 31.1759 1
103.3896 141.5720 1
174.7538 78.3884 1
164.7266 245.8525 1
107.2998 44.9243 1
166.2043 218.1283 1
135.7625 202.4005 1
126.2246 36.5718 1
164.7840 189.5033 1
113.7491 213.0243 1
137.8524 64.8338 1
137.9078 249.1193 1
116.5167 113.7105 1
134.6705 22.1173 1
153.2484 183.0303 1
105.1138 50.6856 1
109.8397 104.0447 1
173.7863 101.1403 1
177.8375 61.8678 1
132.4878 13.2659 1
166.6156 235.9320 1
113.5627 218.0623 1
149.7883 41.7773 1
128.8355 195.1234 1
108.3662 182.6093 1
102.4697 85.2759 1
133.9620 64.3886 1
153.2947 103.8032 1
125.2056 29.2190 1
162.6639 22.5284 1
133.1126 192.0389 1
116.2107 67.0952 1
100.8879 205.9084 1
167.7149 51.7779 1
125.3816 172.7263 1
155.0729 171.3866 1
137.3794 116.7007 1
115.9066 91.5331 1
100.8562 152.2328 1
114.7842 123.0451 1
107.4195 156.6308 1
172.0885 17.5874 1
159.7840 87.6227 1
108.8470 125.7784 1
139.3736 168.3291 1
109.5990 62.1594 1
141.7249 30.9939 1
128.9723 164.9015 1
118.3468 163.7680 1
103.4293 9.7589 1
117.2200 101.0085 1
149.1727 4.4574 1
130.3453 182.0324 1
127.0660 169.2538 1
129.7558 122.8158 1
166.2091 211.1277 1
168.7458 145.9581 1
127.8653 62.7748 1
128.0403 72.4265 1
151.5069 142.0095 1
145.7066 102.3441 1
171.3461 39.9839 1
104.4437 90.2419 1
141.6538 225.4551 1
168.9023 228.8362 1
123.5736 240.0727 1
115.1081 204.5671 1
158.0291 26.4217 1
117.9891 7.5536 1
104.9655 224.6525 1
