227.8697 39.8568 0
240.9449 188.5379 0
227.1223 97.7329 0
204.1402 199.0635 0
236.1232 205.2234 0
244.0297 88.3103 0
182.1960 29.5545 0
223.5014 58.0604 0
231.8970 196.1677 0
238.8680 227.3935 0
240.8454 41.6141 0
208.4697 230.7186 0
243.0241 110.9286 0
199.1615 1.1699 0
249.7994 229.0808 0
193.5056 135.2558 0
202.1216 57.1009 0
193.3519 125.2194 0
199.7088 20.3235 0
215.4327 147.2323 0
230.4649 147.7243 0
234.1249 95.9265 0
220.8034 134.0255 0
227.0041 66.5304 0
247.7647 195.7096 0
221.6636 79.3268 0
210.0375 48.5324 0
221.0333 17.9059 0
217.0341 95.4782 0
234.6516 110.7796 0
233.7401 152.9959 0
209.8344 206.2571 0
240.2366 26.4124 0
239.4919 118.6074 0
176.5973 225.8479 0
206.9670 134.1214 0
209.1760 1.2801 0
191.0448 244.6311 0
197.4101 71.0984 0
243.3507 250.4981 0
226.8750 207.7227 0
236.4588 164.8800 0
190.2028 108.3197 0
203.2055 109.5765 0
244.5657 177.1166 0
220.2496 178.7770 0
213.3290 11.9968 0
186.4267 221.9089 0
214.7923 1.3248 0
209.8122 83.6371 0
185.7596 20.2542 0
236.7591 139.3880 0
227.1140 115.8179 0
249.3099 158.3862 0
235.5819 56.4949 0
225.4675 72.1298 0
247.4951 126.9752 0
240.4493 9.8670 0
216.1283 171.7481 0
249.8561 139.0895 0
207.9742 108.9535 0
237.3703 17.4271 0
242.2108 182.3800 0
180.0467 54.0058 0
195.5835 108.8295 0
249.0380 62.7563 0
187.0982 104.6258 0
237.5169 35.2709 0
249.2283 164.4947 0
213.8593 244.0363 0
175.7956 67.8934 0
195.4562 145.3823 0
238.8400 200.2945 0
168.1046 227.9820 0
213.5184 126.1957 0
243.2654 206.8817 0
204.1772 160.6074 0
188.1774 42.9153 0
205.5073 86.7536 0
232.2881 131.0559 0
250.8520 28.0463 0
245.0127 240.3672 0
191.7469 98.3143 0
203.0117 150.4639 0
233.8052 215.6534 0
215.9360 206.1635 0
155.4404 202.4015 0
223.8352 0.8851 0
227.1711 176.8254 0
186.7026 134.5300 0
214.0009 159.5797 0
249.6981 186.7881 0
205.8036 26.4378 0
224.0532 88.4468 0
248.0605 115.8406 0
248.4688 37.6158 0
210.0396 139.1964 0
243.6012 145.8787 0
246.6867 52.0065 0
222.6929 224.7865 0
205.5582 95.2768 0
241.9133 50.3815 0
183.8119 33.0375 0
190.7646 6.1382 0
202.3476 246.2248 0
230.2976 11.8404 0
230.3298 3.4280 0
225.8084 155.6829 0
233.8089 233.1262 0
249.5865 219.5754 0
212.3135 71.5392 0
233.2272 87.1293 0
234.9109 224.3448 0
190.8503 35.6894 0
204.4675 44.8926 0
202.2060 186.1728 0
184.6814 76.3938 0
187.7670 231.3674 0
200.4696 10.8509 0
189.6716 117.6422 0
178.7298 235.2778 0
205.2406 241.0036 0
118.6694 1.0345 0
240.4690 155.1668 0
194.6980 62.0179 0
224.1145 113.0080 0
192.1152 51.5530 0
239.1043 95.4786 0
195.3332 38.1170 0
223.5495 124.7602 0
220.9945 128.4419 0
196.0204 27.2230 0
174.3210 30.8416 0
247.1759 19.8689 0
211.2667 190.0831 0
190.3595 143.3560 0
208.0931 182.6933 0
221.6494 153.4955 0
185.8069 66.8542 0
240.3890 77.4672 0
190.2333 74.9983 0
223.4363 42.8705 0
188.4571 176.1819 0
230.5717 157.4953 0
214.4065 103.4099 0
214.1543 218.0805 0
200.9431 130.0995 0
195.1138 193.0852 0
233.5845 42.0804 0
233.1815 78.4699 0
229.5369 74.7889 0
209.0311 167.5976 0
245.6064 137.0099 0
219.2193 51.0752 0
201.3097 178.0469 0
194.9454 85.3464 0
234.8364 181.3698 0
213.3800 60.7386 0
221.5423 220.3361 0
249.7191 76.7613 0
205.6788 177.7165 0
217.5793 196.0980 0
228.5297 230.7603 0
227.9425 185.4270 0
209.6236 77.5342 0
245.3271 70.1847 0
214.2318 36.0439 0
207.2060 236.0976 0
213.9540 26.9926 0
250.0936 97.0104 0
223.1884 163.9922 0
211.8543 20.8781 0
195.2284 228.8551 0
200.3881 120.4018 0
213.2566 6.6263 0
199.4726 232.1506 0
199.1157 34.4425 0
208.0605 157.8754 0
210.2612 122.0393 0
214.5567 44.7870 0
180.0329 36.9136 0
231.6187 172.4024 0
205.6204 31.7083 0
225.1231 24.4421 0
193.0970 240.4477 0
247.4269 92.8601 0
227.3464 194.5606 0
244.0162 166.5646 0
225.2579 216.5253 0
199.7881 216.4261 0
206.2458 215.9438 0
215.8823 108.5803 0
221.8456 207.3992 0
250.7296 3.3926 0
235.5040 189.5743 0
215.1629 56.2425 0
242.3409 217.6604 0
240.1480 67.4323 0
202.6641 74.4214 0
185.1187 249.3257 0
204.9390 8.8994 0
207.5691 222.9377 0
218.9086 73.9418 0
241.9793 103.6939 0
190.5094 23.3566 0
224.3702 33.3755 0
179.2065 59.2362 0
222.9293 188.1779 0
249.2485 13.4563 0
193.7458 184.5234 0
243.8914 61.2556 0
205.1795 207.6942 0
189.4932 60.4394 0
235.0804 104.3021 0
241.2708 2.5266 0
209.5891 37.8224 0
182.5494 111.6635 0
182.4014 63.5505 0
237.0482 240.9592 0
194.7456 46.5235 0
223.3930 101.0906 0
185.7222 236.3904 0
234.2696 69.2965 0
229.8481 212.7718 0
250.7385 84.3342 0
197.3506 238.3523 0
225.0083 170.1948 0
182.7142 49.6706 0
237.3595 45.2143 0
205.6207 59.7598 0
214.9020 225.4718 0
244.7350 229.2792 0
222.5493 144.4722 0
224.3360 234.0653 0
193.9703 156.9511 0
197.1269 97.4066 0
247.6719 209.0282 0
196.0349 117.0882 0
237.5293 130.8394 0
225.1456 139.9454 0
235.8064 121.3818 0
186.3764 185.6239 0
228.2034 55.0778 0
208.8535 99.2085 0
217.0904 240.0263 0
232.1618 243.6752 0
217.5496 229.8774 0
176.6297 26.8812 0
200.4160 66.0365 0
246.7628 151.5496 0
234.8709 27.0267 0
238.8860 172.7881 0
216.8480 150.4701 0
229.3637 122.1919 0
151.7034 241.9894 1
179.5096 243.7035 1
148.2382 50.5847 1
125.7330 54.6120 1
116.8962 184.4965 1
113.8898 132.3239 1
122.4334 127.4600 1
103.6369 80.0803 1
198.3659 159.4822 1
118.6488 68.6235 1
156.0918 1.0544 1
141.8131 182.2381 1
122.9394 194.0836 1
183.6360 164.2676 1
175.1060 83.7948 1
170.6228 100.1558 1
121.7221 14.7085 1
128.1256 20.7638 1
168.7548 134.6701 1
142.2541 147.0282 1
149.6279 219.6454 1
152.0286 182.3861 1
159.8453 149.8212 1
126.3216 2.9984 1
182.0184 3.7119 1
165.9418 169.7920 1
155.9157 168.1590 1
149.7828 115.2231 1
136.9840 66.6944 1
183.3303 92.5181 1
135.7890 79.6327 1
171.4875 224.7562 1
175.5785 199.6121 1
182.8984 177.2607 1
138.8500 209.5118 1
108.2659 215.2260 1
159.6776 115.6341 1
129.3397 11.8224 1
127.9742 38.8905 1
124.7864 172.8884 1
147.5329 34.8019 1
101.3560 242.2909 1
123.3876 181.2363 1
161.6490 35.2124 1
175.8079 45.6241 1
175.8809 74.2136 1
146.7328 92.5671 1
145.0038 122.0498 1
104.1578 67.2363 1
156.1740 129.6059 1
139.9733 190.3232 1
163.0746 166.1199 1
109.1199 128.0096 1
115.4288 220.8313 1
111.6353 113.9753 1
125.7690 71.9889 1
179.7635 185.3132 1
195.1617 202.6519 1
132.8279 228.7731 1
151.4426 188.0591 1
161.7010 23.3746 1
179.0115 125.0967 1
121.5960 46.6215 1
130.1034 99.0452 1
158.4590 64.8076 1
156.4394 90.8940 1
108.6646 224.8607 1
146.5906 0.2528 1
188.6852 157.0224 1
137.5370 24.2998 1
144.2159 100.2324 1
100.2904 66.5857 1
109.1965 198.3927 1
148.9004 209.4734 1
123.3567 64.5535 1
154.5312 150.2374 1
131.6964 45.2365 1
111.3518 251.3290 1
174.7650 181.1994 1
144.2835 196.5919 1
164.8170 87.9613 1
170.6041 57.2277 1
102.5830 26.3896 1
171.3921 156.4090 1
120.5718 23.3950 1
173.2851 137.2878 1
106.3806 135.4589 1
142.5486 234.7213 1
183.7875 203.6398 1
146.8995 70.9626 1
130.0273 92.3730 1
182.5902 193.7979 1
135.2740 169.2804 1
134.1252 162.5205 1
163.8439 125.8444 1
146.3679 26.2206 1
122.0642 222.1829 1
139.3469 219.0773 1
101.8037 232.8061 1
150.1262 156.7751 1
174.0801 244.7937 1
177.4460 121.3330 1
179.6562 101.4222 1
146.4492 8.9014 1
162.3818 52.6268 1
114.8468 171.8047 1
110.1505 108.2225 1
122.2731 199.9073 1
179.9168 109.5472 1
106.0520 49.3860 1
118.3924 152.0205 1
191.6344 15.1503 1
193.6324 211.3640 1
136.3755 157.0280 1
102.1148 111.1026 1
112.0628 21.2477 1
141.9765 63.0274 1
161.9503 73.3123 1
102.9722 43.3005 1
167.9799 194.9839 1
168.1541 70.5843 1
122.2921 121.6163 1
154.5348 97.1637 1
154.0815 82.5181 1
115.7628 30.8534 1
171.4426 109.9995 1
173.4240 208.3611 1
110.5147 234.6949 1
143.7979 246.0190 1
139.0738 150.3472 1
123.7260 80.3410 1
163.0365 202.2400 1
177.8506 21.6461 1
142.1189 35.7684 1
113.3247 11.2735 1
128.3916 205.8105 1
170.0045 177.9220 1
166.3889 244.4022 1
128.8609 240.0469 1
130.2824 245.1534 1
112.7832 140.3570 1
147.4408 137.9832 1
156.0675 72.8975 1
122.5271 133.4568 1
159.7601 82.7307 1
123.7400 111.0255 1
115.0152 243.1186 1
104.7460 206.7138 1
171.5616 206.8585 1
137.1474 7.3039 1
169.1717 44.9834 1
183.3976 156.7517 1
131.7843 180.0865 1
140.7194 83.5976 1
126.8513 228.2142 1
164.6037 212.6560 1
145.5845 17.3773 1
150.2711 231.8380 1
158.0134 19.5940 1
110.0619 182.6808 1
107.6354 187.1347 1
130.0358 145.0868 1
101.7065 129.2018 1
182.6212 142.9931 1
193.7838 170.2885 1
160.5772 224.4316 1
116.8271 235.0443 1
136.9737 36.2497 1
111.1912 95.1427 1
101.1353 139.6248 1
124.0817 143.8845 1
156.5554 15.6236 1
160.2101 190.1548 1
140.4086 239.0861 1
171.0107 10.0003 1
108.1978 56.8228 1
164.9651 78.9770 1
144.9357 114.4543 1
126.2785 152.3627 1
103.8548 5.4346 1
171.4960 94.1603 1
119.1124 58.1414 1
111.6459 154.9835 1
153.7722 44.0291 1
107.4268 35.1250 1
180.7434 214.9887 1
179.5400 172.9305 1
103.1682 160.9231 1
150.3901 106.9509 1
186.1365 124.6817 1
134.4273 109.7481 1
105.7606 99.7133 1
174.8086 127.7830 1
149.6779 123.2349 1
176.1006 92.1168 1
146.4281 235.2816 1
167.2987 151.2737 1
167.7600 183.9914 1
121.1950 213.8741 1
115.0290 178.1339 1
105.6723 175.2236 1
100.0858 53.6597 1
142.1423 173.1653 1
130.4908 30.1854 1
149.4612 199.3421 1
160.5544 0.4229 1
160.9979 129.7680 1
114.6296 83.2862 1
130.2585 186.3259 1
154.8263 234.1309 1
103.3034 165.2142 1
142.6148 226.7610 1
130.1480 127.2699 1
140.3606 47.3166 1
122.3175 93.9888 1
160.9191 8.5482 1
100.8058 150.0993 1
142.7721 41.2660 1
164.9113 31.4632 1
134.1520 137.1042 1
143.0625 162.3884 1
141.2587 20.6522 1
109.7817 171.8424 1
110.7803 38.8877 1
148.5978 58.7492 1
151.9069 8.1360 1
122.2454 104.7337 1
107.5562 16.3332 1
157.2029 138.2631 1
170.6576 251.2455 1
174.1579 148.0224 1
161.5993 144.4386 1
106.1168 75.3483 1
133.8696 127.6006 1
152.3391 212.2993 1
138.3170 75.3395 1
137.5371 53.4745 1
104.3259 198.2712 1
108.8105 207.9112 1
167.9336 24.2141 1
159.0800 178.0563 1
