215.7506 101.6258 0
200.4598 94.8918 0
195.2589 19.4379 0
233.4402 49.2894 0
244.6362 116.3772 0
206.1362 1.2093 0
221.9632 79.6548 0
238.7445 126.4216 0
211.9484 18.5654 0
178.2910 40.3923 0
207.0281 153.9512 0
181.8906 104.2623 0
246.9825 68.9919 0
196.5712 87.2541 0
248.7514 146.6940 0
204.3427 85.7078 0
218.2260 138.8683 0
165.7548 171.0292 0
229.3266 210.4309 0
225.1224 101.2220 0
223.2628 245.0471 0
247.1846 58.3342 0
194.7397 10.7383 0
218.6209 109.1739 0
208.4111 135.2360 0
193.0048 178.8789 0
170.2042 151.2530 0
213.1154 235.3046 0
203.5193 162.6397 0
210.3180 3.8927 0
178.5926 90.3090 0
214.0042 174.3952 0
171.9518 104.9628 0
172.8990 85.1230 0
220.5753 141.2490 0
246.6093 230.6820 0
196.2882 249.4058 0
197.1172 132.3082 0
215.9484 182.0504 0
249.3396 45.3863 0
181.9538 236.9092 0
172.6688 32.8532 0
232.2411 21.1348 0
225.5066 61.9144 0
181.7586 32.3235 0
219.1000 241.5561 0
194.5100 164.9998 0
209.4878 187.7037 0
235.4823 61.4362 0
216.5500 45.9274 0
189.1983 82.6378 0
196.0261 125.5084 0
234.2613 14.2520 0
211.9728 56.6983 0
187.0165 159.2849 0
174.1264 117.5315 0
226.7529 158.2106 0
181.4526 240.8132 0
249.5702 48.5481 0
169.0208 104.7714 0
247.3845 120.6932 0
239.3578 192.8357 0
197.2176 5.1418 0
204.2068 70.0451 0
232.2111 110.5521 0
200.1276 41.8724 0
226.8115 243.1680 0
239.2622 107.8499 0
224.8002 166.4046 0
238.6037 204.2048 0
245.2647 129.9662 0
234.7857 73.5180 0
212.7535 118.5743 0
180.5501 27.7806 0
219.9675 21.2574 0
210.0350 127.3719 0
198.2133 177.1110 0
207.3554 200.1820 0
247.3185 86.5881 0
236.6217 199.8478 0
212.8631 64.4021 0
226.2189 185.1705 0
203.4881 205.5408 0
169.4420 95.2032 0
198.7497 229.7700 0
197.0802 23.3264 0
219.8893 191.7519 0
182.2253 160.7916 0
243.3301 78.4096 0
237.3409 247.1755 0
173.1335 166.1562 0
203.5618 31.3687 0
224.8351 56.3973 0
238.0972 183.2933 0
165.1924 118.4786 0
190.2680 212.4955 0
233.7429 52.2004 0
183.3465 18.1248 0
189.1776 125.7512 0
220.3953 36.7738 0
242.7480 28.2227 0
224.1219 12.8112 0
228.3833 124.9557 0
188.7123 231.6743 0
191.1684 145.8691 0
196.8206 45.6450 0
223.5108 235.3617 0
215.5236 149.4830 0
182.3937 94.7136 0
182.0055 166.7647 0
226.6622 143.4528 0
205.5246 62.0128 0
216.3098 169.2436 0
218.0437 74.0530 0
221.9275 85.3463 0
231.4160 81.4701 0
202.8615 23.5378 0
222.2266 149.5230 0
237.1504 28.9936 0
236.4373 167.7464 0
237.3141 157.1398 0
236.1997 83.5928 0
194.5184 222.3682 0
223.9079 27.7653 0
231.1768 176.3093 0
189.4613 52.2559 0
220.1141 54.8576 0
222.2919 213.8145 0
238.6772 41.4205 0
192.3379 186.0658 0
235.9672 173.2527 0
173.9283 1.9007 0
218.5339 203.4942 0
205.9146 113.6150 0
221.8581 205.5179 0
240.5865 97.1709 0
245.2745 177.7055 0
199.1533 78.0876 0
239.1674 221.5274 0
169.9562 126.7805 0
207.9823 224.7198 0
235.8557 114.3570 0
246.6719 182.8757 0
201.5517 193.5061 0
161.2880 178.3641 0
214.7515 33.3792 0
207.4635 211.6339 0
162.5496 93.9473 0
225.1996 202.4853 0
234.2134 118.6064 0
204.7038 172.6130 0
214.4037 111.6975 0
216.4880 132.4190 0
225.2156 131.1554 0
224.7883 95.8989 0
218.2443 123.1036 0
247.1956 206.2004 0
200.7756 184.8841 0
209.1617 145.5737 0
186.9117 135.5660 0
187.8137 13.1104 0
244.4519 217.7512 0
199.8334 235.3739 0
241.2539 87.2960 0
241.9698 239.0691 0
183.2154 189.4524 0
242.3401 52.6491 0
180.4000 82.9391 0
224.4048 227.0043 0
246.2610 125.2816 0
177.2083 123.3474 0
228.8253 8.1517 0
182.5623 1.8795 0
204.2720 239.9573 0
230.2428 145.6171 0
147.8417 71.0229 0
191.7056 0.9523 0
247.4312 103.5738 0
186.0110 184.6233 0
232.0579 42.7915 0
171.7582 47.5472 0
239.5700 37.2509 0
233.6199 190.9887 0
187.5822 121.9569 0
207.5874 178.8082 0
181.8245 175.9644 0
245.6757 7.9619 0
207.9859 108.7204 0
222.6045 112.2218 0
229.5770 106.4754 0
223.2911 171.2605 0
197.0121 140.0723 0
230.3165 134.3414 0
196.2272 158.3668 0
223.3528 43.5503 0
247.4245 167.9326 0
188.8257 25.5497 0
195.9230 238.5393 0
198.7209 62.7807 0
203.0074 180.1906 0
238.9444 71.1158 0
214.6387 91.6634 0
193.5078 68.8487 0
216.1516 220.4364 0
209.2022 233.0745 0
202.1219 54.4300 0
236.4689 139.3584 0
230.9805 150.7003 0
206.9653 77.5418 0
180.9558 152.2780 0
156.9196 136.8371 0
168.0945 134.3904 0
229.8023 219.1743 0
208.2259 216.4575 0
242.9779 213.4412 0
211.0677 12.0209 0
206.3475 235.2275 0
242.3448 151.7743 0
179.6284 11.5460 0
205.2610 92.5972 0
227.0411 88.6035 0
166.3169 114.7623 0
184.2866 131.2827 0
197.0546 57.0311 0
193.4303 229.6051 0
246.6560 19.4957 0
216.1214 10.0072 0
215.4931 156.8351 0
185.1740 44.9295 0
190.3898 174.0665 0
247.6823 160.4450 0
169.4234 250.3496 0
250.2760 156.1743 0
191.0487 113.8948 0
175.4103 19.4418 0
227.1418 3.9920 0
177.5240 113.4783 0
191.4172 103.0246 0
247.0462 95.3880 0
185.6531 112.8588 0
190.9796 29.3348 0
186.2097 245.2995 0
247.5751 198.0870 0
202.3889 100.4151 0
218.5473 0.7622 0
212.5882 164.7067 0
210.8928 68.9542 0
186.1896 198.5188 0
186.9462 149.3428 0
226.0056 20.7210 0
199.5926 72.3071 0
242.1297 3.7775 0
234.8945 223.9383 0
195.2644 105.8070 0
185.6340 220.6645 0
242.5105 11.8840 0
171.4147 141.7923 0
211.5163 79.4032 0
245.5801 143.1558 0
228.6746 66.3383 0
166.0639 140.1063 0
239.9736 65.6354 0
228.3957 30.1277 0
234.3510 162.8630 0
149.0846 233.7864 0
206.4867 122.9418 0
243.3381 134.6550 0
209.8850 35.0549 0
210.6196 25.4137 0
248.2645 3.9499 0
210.0080 48.0687 0
233.0679 92.3144 0
163.9709 0.0195 0
201.3120 4.0361 0
199.6528 151.7240 0
225.0799 179.8407 0
183.7488 140.8121 0
249.8839 36.4601 0
222.5459 74.3912 0
242.6289 185.5793 0
237.3395 10.4439 0
194.9133 213.8636 0
200.5744 146.5240 0
206.4516 131.2104 0
226.7680 115.4950 0
199.7397 118.2438 0
171.4935 22.1850 0
237.4141 212.3033 0
233.3605 124.7145 0
197.0951 169.3967 0
202.7972 15.6519 0
191.4229 39.1649 0
240.1981 143.0313 0
132.2124 45.3941 1
112.9558 43.7891 1
124.7670 162.3404 1
171.1819 226.0988 1
135.4867 244.5427 1
111.4241 137.2241 1
154.3101 118.9639 1
130.8041 158.3374 1
123.6368 145.5150 1
128.5833 146.9470 1
148.7744 132.0733 1
143.4232 84.9937 1
143.9905 169.5469 1
146.8100 202.6537 1
123.5918 65.9408 1
154.8940 218.6670 1
173.0363 196.8659 1
179.2182 216.5929 1
149.8502 16.4380 1
142.5062 13.0698 1
129.6384 39.4624 1
125.0256 185.8672 1
168.4015 87.1061 1
107.1840 70.0950 1
167.6678 39.8161 1
151.6375 184.2421 1
136.4637 236.9126 1
179.1773 67.7050 1
126.9456 73.2284 1
108.5800 85.1398 1
150.1715 92.1307 1
134.3300 73.7902 1
180.0911 230.1285 1
100.0056 152.7335 1
125.9160 203.1595 1
152.4147 96.4500 1
152.5869 9.3118 1
145.4498 28.5529 1
110.7470 53.9118 1
108.3319 62.3446 1
104.6235 3.3528 1
103.8802 113.8086 1
140.7126 195.8282 1
151.2838 145.8065 1
176.0891 183.9178 1
110.8817 128.4892 1
116.8703 155.7341 1
141.9377 146.2920 1
148.0851 216.5413 1
162.8881 147.1501 1
157.8510 45.2584 1
159.2552 40.8994 1
159.1592 122.4557 1
142.8510 52.9995 1
158.4964 68.2536 1
151.9227 108.5801 1
130.2619 81.1844 1
144.4668 141.6672 1
117.3734 239.0751 1
143.9091 154.7498 1
113.0337 17.0546 1
130.0178 99.5420 1
121.4278 98.2084 1
235.4842 244.0521 1
166.1627 214.4471 1
148.8506 50.1573 1
119.3165 197.6400 1
119.5853 12.5042 1
109.0805 76.6629 1
141.1219 239.7373 1
174.5202 208.1728 1
139.5281 214.9076 1
107.1717 101.0279 1
161.3602 133.4427 1
157.3260 233.9044 1
182.8765 68.6752 1
105.6147 131.5812 1
141.4111 230.7144 1
129.4761 138.4490 1
115.4482 112.2022 1
124.3762 172.0413 1
115.7654 166.4210 1
162.1065 12.5828 1
157.5593 238.3694 1
125.1313 225.3774 1
136.1811 161.6145 1
123.5207 127.5692 1
165.6608 67.2238 1
165.0345 229.4096 1
105.4900 24.4758 1
158.0232 202.9067 1
114.1130 69.5032 1
136.3241 89.7887 1
129.6823 121.8696 1
140.5699 68.0709 1
186.1554 209.0808 1
125.3761 108.8773 1
136.3011 151.9273 1
181.0920 197.6400 1
133.1886 218.2540 1
176.4786 55.4332 1
118.5771 226.0292 1
105.1592 184.1230 1
106.6043 173.6332 1
131.3888 130.6706 1
113.8139 95.3547 1
106.2848 124.2375 1
165.4837 28.2452 1
191.7386 92.9316 1
159.4073 1.5292 1
185.0157 227.8433 1
112.4229 213.3893 1
132.2342 189.8430 1
131.0259 195.6505 1
120.3495 218.2393 1
140.9783 133.2602 1
149.1632 80.8899 1
102.2343 53.1589 1
121.7178 6.0003 1
102.3054 20.2843 1
151.5097 162.1545 1
150.3586 39.8726 1
131.1954 56.4155 1
140.1050 178.9705 1
158.8596 151.1540 1
154.9339 210.3548 1
165.4361 59.4130 1
170.6880 191.2142 1
143.5677 90.4977 1
110.0813 203.5767 1
177.3688 156.6545 1
147.2572 107.3620 1
149.3242 83.2345 1
157.5524 87.9853 1
130.5765 232.7591 1
140.2795 224.0548 1
121.6668 35.9641 1
139.9241 100.7210 1
113.8831 233.3638 1
148.2630 119.8348 1
103.4712 83.6038 1
137.6013 48.7182 1
120.2606 91.1951 1
155.4952 26.6576 1
138.4214 1.4294 1
157.7511 171.5801 1
100.7288 11.8627 1
160.4510 108.8759 1
108.6320 0.6034 1
118.3522 133.4807 1
178.5910 75.3182 1
166.0742 243.0338 1
164.1782 196.3563 1
155.1958 175.0212 1
124.4048 28.6942 1
100.3336 45.0863 1
162.3691 183.1538 1
138.6709 206.5225 1
141.2773 39.4491 1
140.0124 21.0195 1
123.1573 20.2883 1
136.1520 172.2587 1
115.1555 103.3448 1
156.8145 74.1835 1
163.7666 59.9871 1
116.4249 29.5487 1
162.7985 216.5208 1
129.6308 206.3908 1
145.2368 1.8863 1
138.0365 187.0433 1
109.9529 195.0153 1
110.1007 91.9314 1
118.1982 82.6431 1
140.3616 116.2591 1
132.9470 27.7048 1
150.8322 246.6175 1
154.4657 188.9566 1
167.3284 50.6075 1
112.0510 219.8637 1
160.4770 157.4613 1
116.9746 126.8005 1
127.0268 48.2468 1
114.1315 140.9254 1
118.0528 116.6173 1
109.3757 155.0999 1
165.7599 20.5611 1
174.0381 76.5925 1
101.8237 126.3380 1
120.3882 186.8204 1
129.4994 3.3702 1
126.7572 180.6519 1
127.9574 153.6874 1
122.1568 115.0475 1
113.8124 8.1475 1
113.2839 175.0710 1
123.2835 132.8044 1
173.9479 203.3826 1
145.3979 128.4261 1
137.5743 77.0846 1
116.5690 60.2942 1
136.5056 125.4327 1
163.8213 84.1297 1
155.2296 32.8181 1
129.4357 90.6356 1
147.2901 198.1903 1
163.9183 207.7476 1
127.2636 235.4466 1
137.5714 201.0899 1
108.3440 31.5552 1
156.5009 18.4598 1
107.1244 226.1630 1
101.2666 213.0186 1
