212.1261 49.7668 0
202.1002 243.4244 0
199.7185 82.5512 0
237.0889 187.1772 0
213.5960 9.0127 0
208.1154 184.7684 0
245.5476 111.7659 0
202.4163 24.8823 0
238.1246 66.6853 0
242.4261 207.3928 0
212.2409 21.4079 0
224.4516 205.1340 0
205.2174 124.3218 0
178.2141 213.8637 0
210.2003 16.2984 0
224.1734 120.6887 0
198.1950 51.6736 0
186.9807 121.3897 0
249.5684 213.8752 0
181.3215 16.9715 0
230.5141 160.5943 0
240.5369 162.8369 0
230.5312 121.6626 0
249.3384 137.8808 0
229.9918 40.7270 0
224.5691 213.1257 0
210.7757 73.0024 0
219.2493 69.5166 0
113.2807 104.2523 0
229.0798 32.2388 0
190.6911 249.8048 0
224.1456 91.3899 0
248.9495 117.5243 0
218.3892 186.5630 0
225.3987 22.4231 0
189.3652 223.5627 0
210.9760 136.2843 0
185.1028 202.1763 0
190.1660 11.5314 0
203.8680 110.3385 0
194.2411 12.8322 0
234.1478 194.4952 0
195.4283 124.8425 0
236.0238 237.3230 0
182.5520 90.5802 0
244.4899 155.2358 0
206.0639 220.4670 0
202.1335 16.9361 0
214.3840 202.5623 0
172.9805 200.4974 0
218.9606 243.6185 0
171.3773 17.9921 0
236.2331 61.6540 0
249.4099 146.3018 0
248.7538 228.6207 0
233.9898 95.2592 0
219.7114 27.2966 0
240.4754 73.7260 0
217.1938 40.5343 0
211.5700 159.2284 0
245.4663 7.8169 0
213.7712 164.5956 0
165.5612 34.4331 0
242.4422 198.5464 0
191.1043 87.6874 0
241.2363 17.3662 0
187.6103 90.9361 0
230.7574 53.4925 0
169.3976 197.3520 0
180.1171 61.0483 0
191.2887 241.4957 0
176.3950 45.3070 0
241.1454 215.0395 0
224.8098 83.9297 0
219.7993 213.2754 0
162.9052 206.5877 0
213.2877 123.1808 0
205.6464 117.4346 0
228.3072 242.5158 0
232.6832 126.3345 0
245.4772 87.7113 0
170.6573 31.8389 0
215.8212 89.3909 0
249.5977 153.6294 0
243.1768 221.3439 0
193.7991 219.6478 0
208.6157 105.2465 0
214.0196 237.0793 0
231.0179 114.7230 0
227.9238 222.3008 0
233.7338 169.9097 0
200.9776 204.4127 0
225.9012 51.6171 0
215.4957 174.3087 0
202.1511 99.1687 0
207.9911 164.5426 0
172.0293 52.1325 0
240.6507 9.2655 0
249.8182 100.8205 0
248.8879 91.6441 0
215.8807 127.1870 0
240.1506 46.3914 0
195.4053 1.2549 0
221.5885 111.5120 0
229.8350 60.3971 0
184.3015 23.1275 0
168.3026 12.9962 0
190.7747 20.9713 0
191.6283 231.6568 0
214.9776 55.5527 0
246.7355 249.0341 0
229.6014 144.1015 0
221.3913 18.9274 0
227.4652 7.6907 0
204.9304 65.9607 0
247.5654 173.5245 0
228.8716 69.6186 0
229.5275 249.2260 0
199.1143 33.0215 0
180.9160 68.5250 0
175.7279 221.9051 0
189.8515 48.5791 0
237.4667 37.4747 0
190.7637 196.4327 0
211.6971 40.8351 0
207.3709 99.4507 0
211.2203 198.3122 0
200.2038 192.2798 0
183.2180 197.5672 0
220.8426 159.4405 0
191.4878 41.2113 0
198.4803 117.3281 0
247.7910 183.0802 0
229.8753 229.8016 0
172.9102 38.7899 0
244.2188 123.5263 0
243.3612 230.1919 0
248.9816 12.8865 0
223.2045 13.6877 0
201.7567 135.3574 0
239.1030 154.1370 0
239.7867 245.4859 0
205.7516 128.3005 0
181.4875 43.2072 0
191.8353 65.3506 0
244.8165 25.1148 0
243.0287 80.9544 0
215.3609 194.2862 0
208.5681 174.2126 0
199.5411 179.7097 0
206.0129 56.2262 0
224.9376 34.0586 0
198.7121 60.8308 0
225.4041 74.6433 0
237.2753 133.9909 0
212.6534 63.8273 0
212.6796 225.4841 0
185.1742 115.7444 0
188.9982 190.4326 0
216.3310 49.9459 0
231.9892 78.2732 0
208.7752 92.5962 0
227.9940 237.9196 0
217.8398 132.0551 0
192.6843 78.3168 0
189.7334 109.9243 0
196.4383 70.3477 0
242.1629 169.1065 0
235.8783 53.0591 0
235.0085 210.5912 0
211.0168 144.1828 0
231.4263 200.8760 0
239.6010 227.3470 0
209.6144 243.7064 0
228.3443 150.9800 0
213.7331 247.0490 0
206.6567 86.7444 0
201.8053 42.3872 0
223.4038 198.2735 0
194.3929 19.5975 0
229.8676 91.3639 0
235.1001 220.8842 0
227.6215 184.1010 0
221.7985 0.5936 0
207.9167 47.9909 0
194.3139 196.5154 0
181.5317 127.2234 0
223.8215 193.2880 0
205.9999 193.5936 0
203.7555 37.3550 0
212.1780 190.0586 0
239.3301 119.1804 0
202.5758 70.5190 0
235.3073 5.8769 0
189.6736 70.0761 0
241.6408 249.2004 0
215.1389 153.0903 0
189.1987 36.4639 0
237.9045 57.9351 0
181.5281 26.5897 0
245.8264 104.6095 0
239.1614 191.7211 0
203.7301 227.2510 0
175.9547 230.7439 0
209.6720 233.9293 0
239.6167 111.9192 0
221.6052 168.5620 0
245.9337 132.3019 0
234.0149 21.7615 0
224.7350 179.3461 0
207.6880 78.8753 0
180.5413 223.7520 0
248.0466 61.6860 0
197.6544 94.7023 0
182.9003 4.5870 0
216.3640 219.6121 0
177.5636 195.7463 0
186.7727 81.6434 0
229.6361 108.6943 0
213.1383 112.8812 0
180.0052 35.0771 0
208.6055 29.8826 0
189.4316 131.7541 0
227.1093 127.8437 0
213.8620 31.7015 0
219.2545 146.2235 0
224.9743 40.7686 0
212.2971 211.1060 0
246.7162 187.3087 0
178.0316 79.0136 0
216.1425 95.6909 0
231.5850 13.7729 0
222.0914 57.5584 0
209.1415 131.0871 0
194.4030 102.3276 0
245.1999 40.8564 0
202.9373 213.2331 0
218.3853 45.7174 0
196.3037 210.7943 0
229.1020 176.8405 0
237.6067 103.4371 0
239.7652 94.4380 0
200.7624 237.2528 0
232.8868 153.0730 0
167.7435 24.9762 0
242.7703 30.5287 0
183.7038 53.6402 0
180.8778 209.5122 0
207.7235 3.0864 0
197.0200 224.1710 0
237.7607 146.7438 0
221.2832 95.8361 0
199.7110 14.2589 0
178.1784 71.7493 0
245.3856 238.5646 0
248.7234 50.4420 0
221.9935 237.5073 0
228.5277 137.1309 0
232.2105 84.3010 0
227.8294 100.7039 0
172.5547 226.4729 0
173.3124 213.3949 0
201.4262 232.5520 0
222.9582 228.8719 0
176.1350 10.8421 0
188.6758 53.3778 0
237.6177 176.3964 0
217.5558 79.4015 0
234.1469 165.0341 0
237.2287 137.3204 0
116.3324 5.1228 1
106.3795 217.0783 1
143.8211 89.0791 1
144.9788 113.7405 1
143.6769 15.3673 1
123.0332 181.1487 1
125.9994 141.5306 1
165.9218 2.9955 1
150.3550 169.5827 1
113.5952 243.7682 1
152.8878 142.5793 1
179.5700 187.4365 1
178.3203 112.8598 1
159.6964 12.8038 1
108.1536 72.4092 1
112.0246 72.5743 1
152.5297 21.6831 1
164.6405 237.5608 1
133.0140 146.2356 1
103.6598 148.2145 1
105.3405 193.6319 1
170.8856 146.4350 1
117.5200 26.2053 1
147.0846 204.9203 1
121.7673 177.6231 1
147.0516 129.7115 1
182.3213 153.0629 1
141.4036 201.7169 1
169.0484 142.0053 1
155.6571 11.3754 1
159.1908 28.1847 1
172.7596 1.3208 1
127.8452 70.4090 1
120.1293 116.0766 1
149.3631 56.0989 1
134.0574 116.5506 1
125.2513 33.3234 1
128.6778 158.0206 1
177.6706 140.4586 1
140.2235 46.9420 1
111.2391 139.8506 1
117.4457 236.5851 1
152.0952 183.7026 1
147.2405 29.4680 1
160.6099 36.9577 1
138.9261 218.8287 1
118.1300 136.3730 1
163.3980 43.1899 1
151.4939 62.0020 1
118.3028 214.6800 1
185.9595 140.7511 1
154.3953 41.2394 1
163.2765 168.1014 1
157.0112 154.8181 1
132.6145 156.3564 1
155.0106 211.4191 1
108.0798 164.4309 1
135.7842 67.1385 1
142.7055 231.7913 1
124.0606 171.8583 1
197.3274 171.4405 1
133.1855 91.1071 1
110.3423 38.4890 1
138.6688 96.2617 1
106.3298 67.0322 1
144.2133 44.4257 1
143.2438 155.7132 1
119.4253 13.8107 1
115.6661 87.5678 1
154.6069 98.3075 1
130.0070 212.1932 1
120.5439 52.6386 1
152.2441 246.7636 1
104.2555 89.5251 1
160.3637 119.5700 1
132.5434 236.1217 1
132.3514 33.6085 1
110.9673 202.3373 1
180.1177 99.0492 1
129.0406 124.2239 1
110.0733 22.0838 1
146.2445 215.9349 1
149.6084 68.5630 1
113.6491 195.3144 1
140.7023 35.6547 1
100.5412 30.0254 1
172.0533 67.9807 1
160.1519 140.2207 1
127.8531 110.1866 1
186.2573 166.3584 1
165.5164 97.8185 1
138.0098 110.1483 1
105.0965 108.7852 1
171.6675 177.8979 1
130.9576 177.1761 1
128.2447 82.8085 1
124.7336 129.9179 1
119.5685 2.4632 1
127.3275 189.5283 1
183.6855 161.1852 1
130.4106 3.7933 1
121.9474 68.1319 1
164.2993 232.9123 1
165.2217 87.3353 1
175.0876 93.2192 1
143.4260 239.0108 1
168.6560 110.5876 1
129.3550 248.8295 1
171.0160 59.8293 1
177.3168 119.9861 1
146.1067 222.4310 1
123.0248 91.1203 1
154.4844 49.4452 1
101.2610 117.2731 1
189.3566 152.7045 1
145.7623 136.6835 1
164.0086 221.0229 1
146.6266 119.7835 1
157.3741 134.3017 1
144.3595 74.5469 1
186.6477 180.1547 1
103.7489 179.2450 1
173.2343 133.4227 1
115.3547 56.4886 1
103.5987 13.9594 1
202.6520 147.8132 1
133.6115 74.8065 1
126.7751 240.4760 1
137.0490 55.5649 1
169.6212 159.1011 1
195.4713 137.3940 1
170.0719 188.9700 1
134.7583 11.7900 1
101.9363 54.9899 1
109.5472 184.2195 1
150.9067 127.5074 1
158.4471 19.7741 1
157.2941 248.6880 1
146.5777 10.1436 1
102.7899 25.3217 1
137.0862 126.6604 1
100.1943 155.4239 1
104.1887 229.5759 1
142.2765 172.4540 1
145.5299 158.8470 1
158.6758 149.1421 1
169.0084 100.9592 1
108.3606 209.5735 1
176.8704 164.8599 1
150.9239 160.4715 1
154.8776 221.9568 1
160.9981 176.8090 1
146.3065 40.3149 1
134.7729 61.5673 1
173.3050 168.2331 1
110.7265 154.1553 1
157.2548 126.0723 1
116.7363 204.8517 1
160.2820 198.3887 1
119.2441 165.5806 1
117.5123 220.2209 1
130.7016 21.4557 1
167.7856 245.4007 1
165.2847 78.4022 1
116.9572 156.5901 1
158.5888 72.8479 1
137.2780 82.6145 1
110.7360 129.3007 1
131.4967 135.0444 1
104.7750 124.1765 1
147.4965 244.0556 1
137.2012 189.6521 1
163.7574 53.1889 1
154.8190 76.7739 1
100.8598 135.0113 1
156.5246 111.5600 1
142.5699 102.1586 1
151.9035 174.5596 1
118.6734 193.6492 1
169.9694 119.0114 1
101.9115 209.9731 1
163.4708 126.6845 1
126.1065 58.9418 1
149.9216 95.6059 1
118.5925 123.5351 1
152.2516 104.0912 1
187.7769 171.7846 1
120.5111 79.2689 1
153.6405 6.1910 1
172.6840 82.8423 1
139.0283 2.5902 1
107.6669 52.5155 1
189.5667 141.8486 1
128.8366 115.7149 1
165.7257 131.0087 1
168.0844 177.2094 1
166.6510 151.0053 1
112.7033 92.1108 1
123.0217 25.9040 1
144.6727 68.2137 1
157.9239 162.8593 1
160.5977 85.0886 1
141.1758 181.6962 1
124.4942 15.1587 1
126.9133 49.3648 1
122.2029 106.4853 1
156.8868 90.3269 1
125.0359 43.2399 1
125.5718 227.4187 1
155.1796 130.0676 1
146.4283 198.3128 1
115.6568 38.6057 1
124.9735 5.6457 1
126.2953 150.2453 1
132.0338 198.5087 1
113.2859 228.4758 1
177.0639 108.0177 1
115.7060 100.6981 1
150.6617 86.0048 1
150.3977 230.1506 1
138.1997 193.2448 1
132.2715 220.2554 1
116.5188 8.6039 1
132.2930 162.1165 1
107.6556 237.1112 1
153.4322 147.8636 1
158.8110 233.8811 1
101.3017 139.9314 1
206.0705 152.9942 1
183.2108 244.0667 1
116.5317 180.6095 1
199.2252 161.9539 1
166.2765 106.3069 1
111.3045 170.8781 1
109.2587 3.8627 1
141.6982 21.7783 1
136.0569 243.4108 1
101.3127 41.8575 1
145.9015 178.2419 1
