239.5482 13.1310 0
229.3753 84.6555 0
229.3282 169.3535 0
203.1831 174.0036 0
216.8509 38.3910 0
208.7956 36.3644 0
238.6454 163.4872 0
241.2178 186.8512 0
234.3517 176.7222 0
235.4501 136.8786 0
198.4561 150.5437 0
244.6792 65.8677 0
213.6708 8.9381 0
180.6803 125.4248 0
220.3181 166.2104 0
233.8685 98.9933 0
170.1189 116.1391 0
207.7327 87.7115 0
236.4778 48.4972 0
224.1748 91.3676 0
248.7346 42.1212 0
220.6417 111.3103 0
209.9999 187.3448 0
231.0226 30.4704 0
218.0553 103.8205 0
199.5934 181.4259 0
234.6860 71.8256 0
240.8111 193.0028 0
229.6882 218.3656 0
239.9488 60.7132 0
195.7841 223.4235 0
209.0933 162.0490 0
185.4451 38.3809 0
232.4003 103.8226 0
200.8838 39.3543 0
210.3500 213.7950 0
222.6079 229.6684 0
192.2699 85.3228 0
231.0143 9.4154 0
204.4944 159.2531 0
212.7946 133.4371 0
238.3287 116.6760 0
245.8165 1.1219 0
248.4270 19.7202 0
242.3149 133.3473 0
213.1046 151.8806 0
192.5739 234.7574 0
203.8049 89.2863 0
213.2564 128.8872 0
229.2933 203.7920 0
217.9917 53.1555 0
199.7949 134.0051 0
197.4407 216.9802 0
248.2785 95.0897 0
212.4749 71.3522 0
215.3934 169.1248 0
203.5112 110.3390 0
235.0472 219.2292 0
215.2165 106.6163 0
199.6146 86.5834 0
186.4744 68.5687 0
193.1473 117.6817 0
208.9022 180.3510 0
187.8458 152.4936 0
192.8436 149.5460 0
195.6329 94.2947 0
237.6806 155.0125 0
212.7821 0.4528 0
235.0468 76.8424 0
215.0018 119.5649 0
203.1513 118.9619 0
229.1823 114.3758 0
218.0039 201.6003 0
199.7245 48.8698 0
238.7780 25.8039 0
207.8951 236.9417 0
228.1181 210.8316 0
246.6968 112.8498 0
204.3259 12.4375 0
195.6358 127.6223 0
230.0327 148.9986 0
214.3025 80.4341 0
243.1868 177.1426 0
227.6093 234.8302 0
218.1552 45.5201 0
244.6678 141.7559 0
194.5892 39.2274 0
212.5661 218.5530 0
191.9740 215.6472 0
203.6831 54.9504 0
231.2479 158.5034 0
217.9842 221.5235 0
189.1409 34.4582 0
187.4870 86.6331 0
239.0317 6.3944 0
227.6707 19.2634 0
218.2112 70.9935 0
239.7041 106.9121 0
241.9662 82.4276 0
246.1781 7.8427 0
235.0121 54.5448 0
237.2328 225.5101 0
199.8589 247.2146 0
221.8266 129.4026 0
208.6487 126.9672 0
196.2950 137.5748 0
220.2708 33.9245 0
240.0673 43.5702 0
201.2923 226.7076 0
221.5722 159.1243 0
225.4753 76.5235 0
236.4088 171.8715 0
206.6754 80.0482 0
217.2319 179.3151 0
246.3481 49.7273 0
244.1344 71.6336 0
192.7521 158.2975 0
223.5831 116.5372 0
239.7925 35.5125 0
246.0743 153.6490 0
194.2975 52.7362 0
234.4038 122.1711 0
208.5144 44.2021 0
224.1227 211.2075 0
239.8086 144.5206 0
214.6267 174.3051 0
198.5959 212.5215 0
244.8009 163.3977 0
242.4951 52.3093 0
220.6568 188.2126 0
229.8284 225.8445 0
243.4024 120.3455 0
239.2264 98.4632 0
221.8387 148.5074 0
246.2497 228.2708 0
193.1599 171.6171 0
213.2725 97.3931 0
244.8124 239.9168 0
202.7013 231.3639 0
241.7046 18.3308 0
215.0031 237.3282 0
200.0308 114.8445 0
199.0835 59.9344 0
204.1284 1.5531 0
226.7095 106.8003 0
224.8040 243.3093 0
211.0027 226.2353 0
213.7168 193.5787 0
234.2492 91.1911 0
227.7878 141.7626 0
246.4351 213.7299 0
187.0373 237.7048 0
206.2189 170.4865 0
230.6762 59.6604 0
242.8403 202.0657 0
227.5883 93.0041 0
234.9213 209.9329 0
226.4735 131.3995 0
209.9241 49.4414 0
229.7084 40.0438 0
184.5842 53.0090 0
222.8033 203.8531 0
243.0958 218.0178 0
229.2410 177.1277 0
236.0397 17.3751 0
209.7049 21.6896 0
219.6294 82.8603 0
247.5052 37.4139 0
216.5210 29.7529 0
220.7906 238.4145 0
220.5490 25.5747 0
227.1371 181.6431 0
219.1229 137.1420 0
202.0289 148.4001 0
197.3756 30.7485 0
218.9043 91.1518 0
223.3620 16.0152 0
190.0030 61.9218 0
195.6384 242.5801 0
224.8335 33.2764 0
229.3486 3.2072 0
228.3185 67.8628 0
200.7712 239.8698 0
238.9444 78.8299 0
230.2162 186.0398 0
196.8432 168.4289 0
224.0876 3.2785 0
224.5401 55.6644 0
246.1520 170.3705 0
239.8055 205.1796 0
204.1374 152.4059 0
206.2934 97.0532 0
208.4373 58.3497 0
215.2280 57.9473 0
245.3728 91.0790 0
226.1303 152.6856 0
229.7307 129.9310 0
216.8575 146.3557 0
225.1625 45.4027 0
213.3170 13.5198 0
235.4093 236.2229 0
227.7830 193.1910 0
213.7649 244.6524 0
219.1066 11.2067 0
208.6774 143.7835 0
237.7152 243.7677 0
243.5911 126.0627 0
208.0393 111.8041 0
244.4325 26.5995 0
234.6780 150.0638 0
180.5047 7.3912 1
145.8785 40.5872 1
131.8196 141.8090 1
121.2586 5.3790 1
137.2450 168.4633 1
144.4876 240.2220 1
107.1555 164.0949 1
100.9409 57.9473 1
176.1643 148.1175 1
182.6272 86.7339 1
155.3775 213.0205 1
206.7700 29.7913 1
115.3123 84.0603 1
121.9184 60.9967 1
127.5069 74.2251 1
174.6062 93.9659 1
161.6305 157.2075 1
138.5263 116.9647 1
112.6200 18.1499 1
156.0258 98.2135 1
120.8029 70.7878 1
125.6362 103.4789 1
172.5045 205.2194 1
195.4003 11.3604 1
120.3039 238.4818 1
157.2437 119.8259 1
146.2056 195.0213 1
134.7495 225.7735 1
157.6022 190.8823 1
204.0673 207.5108 1
182.1467 217.8203 1
119.1079 119.3572 1
127.8608 248.0159 1
159.4844 150.7180 1
111.2017 155.2951 1
101.5528 104.8994 1
145.0899 83.7964 1
176.2629 81.4161 1
189.9896 107.3989 1
125.1072 144.9156 1
104.3565 0.2446 1
189.5781 204.2694 1
110.1146 3.1710 1
105.3070 219.3643 1
140.8276 77.6280 1
154.9159 67.6706 1
121.0516 17.8537 1
129.8498 180.6250 1
153.4691 22.6484 1
114.7314 163.3366 1
176.0798 115.7352 1
185.7299 77.9105 1
149.1457 73.3363 1
160.6532 126.6050 1
154.5029 31.1894 1
123.2851 135.8440 1
139.7061 56.9476 1
166.1506 159.2424 1
133.1619 130.2682 1
116.0353 32.9942 1
125.7706 227.4627 1
144.2283 16.9121 1
162.0061 1.6252 1
188.3418 199.4432 1
101.4694 140.7211 1
213.0336 204.3571 1
161.7014 245.7826 1
162.2848 204.5491 1
132.0015 191.2714 1
186.7105 97.2833 1
138.4391 223.0749 1
133.2614 7.1623 1
145.5104 164.8383 1
184.5080 112.6699 1
186.2237 121.5868 1
149.9979 149.8339 1
149.5431 37.4839 1
121.2713 213.3742 1
184.4095 222.0247 1
102.9764 119.9574 1
100.1866 34.3250 1
176.7040 245.2238 1
109.0192 138.8451 1
139.5245 161.2993 1
159.7348 19.4217 1
156.1071 18.3552 1
110.3172 198.0939 1
127.4661 120.8344 1
165.2887 211.3576 1
123.9617 32.8684 1
181.4381 238.6128 1
178.9218 61.1528 1
166.9129 150.9386 1
187.9466 191.8454 1
121.0444 25.4961 1
116.3327 201.8971 1
169.4744 6.3342 1
127.0260 25.0986 1
120.5205 155.8489 1
163.5170 89.1028 1
114.2886 56.2066 1
172.1331 71.2546 1
176.3779 86.2257 1
147.2385 115.3507 1
139.3765 12.7916 1
100.9975 2.6673 1
169.2467 215.1026 1
112.0018 87.7176 1
153.3169 84.9964 1
105.5500 73.7798 1
136.5140 125.4274 1
183.1850 98.1792 1
186.4961 245.7699 1
107.1680 47.7750 1
115.4078 9.4812 1
137.0309 81.7899 1
111.5915 101.4973 1
155.0463 231.5164 1
185.9756 9.8942 1
177.8991 12.0603 1
160.3332 145.3462 1
128.1182 164.5546 1
115.8132 114.9012 1
135.0823 32.5242 1
134.4398 217.4705 1
146.9181 135.7214 1
165.0554 232.2852 1
112.8462 78.0516 1
105.0293 148.8784 1
123.2249 204.4111 1
152.9832 221.8559 1
157.9883 37.2647 1
126.7444 125.9655 1
130.4356 176.2300 1
123.8112 245.6127 1
185.6137 131.3592 1
130.5671 169.6526 1
180.3192 67.9880 1
130.5132 238.0846 1
193.9767 71.2006 1
167.0912 242.3251 1
151.1509 94.9370 1
172.2149 50.3126 1
135.4678 233.4838 1
163.7418 98.5852 1
175.9220 177.5800 1
149.9478 4.7324 1
155.1390 5.5159 1
106.1008 27.0031 1
112.2323 230.7848 1
136.3836 246.7166 1
139.4144 205.7107 1
164.0543 221.4915 1
178.1847 38.6205 1
180.0983 28.5118 1
183.9701 183.3922 1
165.1422 138.3110 1
140.8773 156.1290 1
130.5093 210.6743 1
177.2056 234.7170 1
179.3884 195.4010 1
177.3806 2.7638 1
136.5730 174.9785 1
142.6627 57.5116 1
141.7805 70.4900 1
190.7280 166.9582 1
164.3795 134.2792 1
170.5694 177.3001 1
143.8919 173.9944 1
174.2546 244.4317 1
106.3042 88.5302 1
134.9326 64.8527 1
132.8276 108.7494 1
106.1062 80.1108 1
178.9160 24.7029 1
182.5761 170.4607 1
127.5011 52.4625 1
101.6240 80.9083 1
116.8222 70.2359 1
151.2893 172.0883 1
162.3433 180.9545 1
130.6560 156.8134 1
146.5367 167.6826 1
142.0154 142.5484 1
118.7715 97.0266 1
148.6930 205.5347 1
108.2286 112.7410 1
113.5879 117.6108 1
191.1216 130.1196 1
108.2979 224.6303 1
145.1913 234.7874 1
119.8006 110.6556 1
174.8190 221.1720 1
176.5631 53.3069 1
135.0702 16.6992 1
150.8162 186.4977 1
149.4618 107.7676 1
111.9933 47.5608 1
155.3988 199.5302 1
141.3283 8.3261 1
113.2583 173.4037 1
140.1326 215.9546 1
196.4185 199.1533 1
106.5775 11.9004 1
117.9758 149.5746 1
146.8832 229.6904 1
111.5893 208.3102 1
127.4281 220.0974 1
100.4106 22.4247 1
171.9600 189.6786 1
150.9355 125.5842 1
160.3547 75.6740 1
165.0160 123.5816 1
157.1201 164.0811 1
134.6128 103.7155 1
110.1343 121.6074 1
190.9968 179.0575 1
144.1824 96.7473 1
171.9688 132.0816 1
213.7011 199.5661 1
185.3170 143.6505 1
191.1369 0.5938 1
117.0848 42.4737 1
133.2176 147.9411 1
138.8470 189.9587 1
108.2292 64.3690 1
101.2594 241.0247 1
135.5186 197.8658 1
113.4981 135.6602 1
158.7888 133.5249 1
120.8974 49.0157 1
101.7057 212.5479 1
147.4362 64.4569 1
140.4608 133.0328 1
112.5255 176.6742 1
186.6889 158.7245 1
109.0745 184.2035 1
173.7812 33.6574 1
139.6321 49.0266 1
165.4959 114.1476 1
162.5254 172.8690 1
157.4835 144.0624 1
169.2198 35.9728 1
147.1694 21.3844 1
123.7506 80.8396 1
135.0616 47.2273 1
136.6313 89.3620 1
124.2651 90.9583 1
123.9192 198.1688 1
105.0170 193.6697 1
201.8152 199.4830 1
140.5990 29.9082 1
170.0391 22.3204 1
154.3161 57.1454 1
131.3097 57.2223 1
110.2470 56.1510 1
168.3524 163.7298 1
145.1405 105.4844 1
177.0273 226.6819 1
168.1395 99.9599 1
119.0584 127.4793 1
102.8594 33.3189 1
116.2853 187.0444 1
162.6208 196.4551 1
157.1434 112.6137 1
167.5851 84.5094 1
183.6123 209.2696 1
101.7937 167.8202 1
114.0951 240.5853 1
162.2305 54.9912 1
172.8677 63.1437 1
143.9531 248.2961 1
186.7946 26.3904 1
136.3235 39.6271 1
180.4046 146.9916 1
