211.2249 45.9501 0
223.1252 82.9988 0
216.0612 205.3563 0
239.3795 9.1900 0
222.0119 184.4829 0
247.1740 93.5977 0
232.7976 113.2872 0
205.0249 18.3006 0
229.4878 63.8362 0
245.8210 192.7467 0
226.3572 6.0467 0
210.8949 220.1986 0
207.8766 132.9464 0
189.3879 220.1982 0
237.4596 13.9322 0
218.0229 140.9581 0
191.4246 61.0706 0
200.0331 121.8546 0
211.9668 11.6251 0
236.4847 155.5913 0
224.7206 140.2509 0
243.7479 132.7127 0
238.2608 25.8037 0
243.3644 189.0065 0
220.2099 75.4424 0
211.9537 58.7351 0
237.9424 19.3508 0
206.7042 3.5862 0
235.6427 85.7507 0
238.9397 130.5245 0
208.7128 185.7207 0
250.1293 16.9320 0
200.6455 239.9254 0
205.7301 145.1809 0
179.8006 239.6320 0
187.9455 225.1988 0
194.5673 83.3028 0
213.2834 0.2601 0
246.1572 209.5521 0
200.4098 102.5492 0
244.5621 234.0658 0
198.6855 95.0199 0
250.4989 163.3316 0
220.7572 200.3268 0
227.7929 11.4831 0
209.0677 190.6495 0
195.9771 215.7405 0
236.2846 106.5696 0
234.9073 228.8910 0
203.3156 13.1587 0
230.9608 137.3791 0
228.5904 91.1003 0
243.0999 40.4468 0
228.2964 68.5902 0
227.2674 30.0077 0
222.4305 163.1888 0
227.5588 125.6904 0
243.9508 180.0680 0
192.8689 48.7717 0
196.8900 87.4631 0
188.2125 101.3291 0
225.9790 44.1260 0
181.5146 229.1679 0
179.6413 81.5486 0
230.7122 5.1230 0
177.5033 46.8295 0
237.1331 72.6579 0
243.8725 223.0132 0
200.2460 217.8790 0
206.6783 108.6129 0
203.0956 112.2191 0
233.2541 244.1282 0
213.1700 121.1117 0
179.8408 32.7356 0
244.5734 107.6622 0
213.5977 85.2318 0
249.3783 245.3666 0
247.3637 143.0756 0
192.3532 235.3250 0
174.3864 85.9651 0
218.9039 132.6733 0
237.2250 212.8045 0
239.5143 186.0559 0
200.9525 199.0851 0
242.3947 28.6881 0
212.0441 177.2402 0
176.4899 76.6989 0
234.7049 169.1105 0
201.3602 39.6553 0
248.1750 11.0549 0
241.3704 92.3565 0
239.5067 97.9945 0
210.4357 126.4397 0
221.4297 2.0346 0
209.0240 103.2940 0
242.1697 50.9534 0
191.2411 20.4162 0
198.5674 7.0305 0
196.7722 1.4549 0
202.2402 248.2515 0
234.9662 43.5105 0
241.5284 158.0613 0
229.6316 19.7580 0
219.1061 12.9833 0
207.2548 76.5852 0
230.6066 76.8740 0
237.6808 242.4120 0
193.2055 37.4251 0
176.2653 54.8953 0
212.3167 210.7420 0
165.6048 46.3270 0
188.3722 212.0595 0
210.9283 23.2852 0
189.1852 92.5530 0
237.1389 116.7243 0
184.1810 189.7943 0
203.3494 194.2633 0
182.1288 199.4027 0
249.3182 178.7994 0
203.6897 56.5885 0
187.2980 112.2700 0
185.1953 40.6896 0
224.8172 116.1281 0
197.8667 30.1149 0
209.3959 137.8096 0
200.0120 135.2693 0
208.9571 40.7844 0
175.3206 37.0769 0
244.7599 35.5144 0
217.6294 189.5534 0
228.8721 170.6365 0
219.9038 171.9752 0
244.2154 150.1092 0
199.0367 68.6450 0
249.1147 45.4547 0
190.1185 69.5025 0
226.1940 54.0063 0
230.4769 154.3950 0
223.1308 60.4870 0
242.8337 199.5508 0
184.6240 87.6822 0
202.5812 180.1504 0
233.5962 48.0812 0
242.2674 60.9785 0
217.6528 91.3701 0
219.1741 152.6637 0
204.4398 64.7718 0
191.9501 133.4080 0
196.2410 74.7566 0
235.2585 55.8822 0
234.5265 207.6653 0
209.0838 172.6549 0
248.9510 200.6662 0
224.9014 243.3600 0
248.6736 169.1174 0
231.1110 226.9303 0
244.2117 82.9722 0
220.8757 29.2393 0
229.7113 200.7119 0
215.9658 21.8973 0
222.7636 108.9667 0
214.0477 197.7992 0
241.6675 249.8419 0
222.3212 36.6742 0
201.9156 208.3697 0
195.7065 123.9365 0
219.5446 214.0903 0
178.8444 193.6330 0
202.4861 26.1448 0
231.0030 99.7397 0
224.7117 172.4296 0
211.7912 116.1605 0
211.2085 65.7037 0
249.8057 6.1518 0
193.8878 41.9724 0
240.2421 172.7856 0
205.9797 32.4028 0
232.3425 38.9182 0
198.8808 16.8050 0
231.1682 178.7441 0
235.0645 219.8814 0
204.5904 213.0815 0
214.4743 228.3145 0
218.0812 112.8780 0
224.9651 191.9536 0
225.7134 121.2477 0
223.4046 15.7906 0
230.0628 189.1094 0
216.1798 65.7236 0
209.3905 233.1715 0
246.0134 55.5145 0
215.1429 74.8420 0
187.0400 248.9354 0
230.0562 219.9344 0
192.8075 209.5857 0
184.2658 69.6493 0
215.2004 104.0723 0
245.0671 242.5773 0
203.4861 88.9272 0
176.4368 42.6483 0
221.7324 23.6746 0
188.6405 78.2503 0
223.5273 155.1992 0
232.7191 33.7860 0
227.2494 161.4106 0
225.8386 207.7110 0
237.8093 195.7359 0
181.2271 60.9890 0
209.6763 82.0103 0
245.1974 22.1086 0
215.9770 53.9725 0
192.4585 113.2782 0
167.4731 58.7818 0
218.7747 235.8807 0
196.5478 56.0285 0
219.7449 128.6150 0
177.2545 207.1308 0
246.0595 68.6714 0
226.9522 181.8021 0
233.5177 104.2663 0
240.8492 85.9607 0
213.1125 242.0566 0
210.7976 164.3323 0
189.2719 29.2234 0
187.4326 49.0606 0
206.5165 227.8589 0
222.9133 232.6047 0
248.3797 135.4552 0
219.4954 219.7591 0
237.7588 144.2565 0
221.4213 99.1843 0
231.7267 236.2532 0
189.7268 74.3736 0
236.0767 125.6003 0
228.6881 132.9451 0
244.8601 115.9651 0
210.2381 153.3773 0
236.5804 63.9785 0
211.8268 94.9725 0
201.9700 236.1511 0
184.9716 240.9551 0
225.7564 225.7138 0
248.6703 221.6103 0
186.3486 23.5250 0
184.5781 57.4654 0
221.1122 52.4195 0
236.9488 138.5080 0
248.5608 119.4092 0
130.1307 229.5206 1
150.9143 54.8300 1
175.1635 117.6617 1
127.4786 2.1141 1
106.6743 176.9246 1
129.2561 155.9534 1
170.8974 247.1698 1
167.2181 222.2237 1
122.5614 223.8812 1
195.9305 143.2127 1
178.7561 217.3056 1
136.5536 91.8798 1
161.9873 1.0868 1
120.0837 30.9167 1
110.5666 7.1827 1
175.6043 9.5188 1
127.2275 221.8686 1
122.2536 127.7857 1
141.2671 205.3354 1
183.0235 133.7468 1
100.4391 60.1673 1
107.0397 41.4412 1
105.6788 202.3658 1
160.3729 163.3692 1
169.6399 133.8177 1
178.0756 141.2288 1
140.7926 197.3672 1
201.5351 186.0309 1
167.4982 5.6611 1
178.3456 24.9887 1
150.0571 5.0851 1
110.7243 121.5644 1
131.2749 81.4307 1
168.0492 39.0595 1
121.5173 109.2282 1
157.1521 14.0866 1
163.3660 217.8499 1
167.6523 144.1011 1
126.4710 84.0391 1
129.0406 203.2150 1
180.5452 174.0930 1
122.9010 4.0383 1
106.6550 164.0361 1
127.8411 242.2396 1
106.6820 233.0100 1
139.8240 48.5390 1
154.6459 45.5522 1
101.4369 186.4545 1
176.6083 126.3921 1
112.9778 25.2277 1
167.8746 156.0875 1
126.3176 144.8196 1
180.5352 145.3720 1
151.0759 223.1663 1
104.9952 156.0789 1
136.9611 54.9866 1
128.7839 127.1133 1
198.0290 177.7299 1
111.7564 113.5369 1
136.3430 13.1981 1
156.9809 99.9567 1
136.0129 3.6631 1
168.1294 128.8132 1
112.9309 172.5179 1
154.9539 246.6162 1
129.2287 104.9967 1
155.7900 80.7474 1
154.9159 130.5321 1
107.8388 94.4817 1
101.2958 218.7452 1
165.4514 198.4898 1
131.7478 47.5679 1
175.3583 166.8526 1
135.4274 194.7294 1
136.8130 22.8247 1
157.1343 28.4243 1
116.0463 184.3172 1
110.5225 181.9251 1
169.6877 84.2356 1
125.4387 39.5361 1
160.0835 193.0635 1
125.9262 13.4117 1
117.7275 21.7374 1
137.6246 40.1289 1
124.7629 74.6926 1
155.5213 187.3041 1
151.9281 190.4666 1
115.8538 97.6998 1
198.7429 165.2556 1
165.6173 74.8864 1
157.7241 122.0751 1
103.3094 101.8623 1
182.8799 184.4349 1
148.1604 170.6443 1
139.3427 119.4562 1
190.7946 8.2286 1
104.0216 141.3883 1
145.4079 157.1671 1
162.0042 176.1530 1
134.7216 210.1570 1
160.9072 10.4292 1
121.4900 86.1434 1
145.0430 71.9692 1
129.0689 57.5028 1
175.0234 242.2133 1
159.1065 95.8227 1
171.1583 237.9530 1
151.9390 58.5021 1
108.0583 60.7231 1
135.4669 221.8439 1
165.3586 99.7126 1
110.2864 204.2579 1
137.1676 105.9627 1
116.2539 51.9177 1
133.9356 174.7270 1
144.5328 179.8641 1
166.4398 89.6079 1
154.8366 217.7549 1
179.7676 93.6656 1
174.7928 110.2819 1
140.3846 81.9849 1
178.6047 182.1412 1
176.4960 151.0960 1
134.0653 87.5680 1
180.1769 115.6358 1
148.6422 93.5121 1
114.9751 70.2273 1
111.8819 223.6273 1
164.8450 35.1754 1
187.8517 182.1556 1
161.8273 178.4266 1
164.9892 15.0118 1
159.2726 233.7288 1
107.5359 75.3098 1
172.8117 96.2414 1
164.3824 231.8826 1
146.0458 42.4298 1
181.7894 15.8814 1
101.6760 31.6167 1
103.9578 125.9576 1
135.4985 181.2654 1
153.1481 235.0922 1
139.2773 187.0674 1
119.7158 202.9673 1
147.9738 226.3914 1
139.3562 152.7130 1
138.1184 171.4478 1
154.2886 75.7013 1
151.6160 210.5093 1
128.2930 117.5742 1
140.0923 121.6786 1
156.3961 171.8161 1
101.9962 8.3470 1
174.6750 225.2625 1
141.5859 242.8297 1
156.2208 35.7977 1
203.4097 167.9047 1
112.2412 152.7974 1
137.6131 96.9910 1
167.9666 167.7816 1
167.4372 171.0645 1
100.2532 48.9123 1
135.6549 162.7875 1
133.2947 21.0638 1
157.9891 224.0611 1
188.3245 126.3047 1
151.5980 111.1113 1
146.9928 32.4584 1
128.4203 193.5496 1
101.8377 2.9086 1
124.7313 62.4270 1
103.1563 150.9117 1
106.5089 114.3088 1
169.2191 30.1104 1
119.7992 166.7458 1
129.8985 68.2851 1
103.9306 38.7448 1
157.6781 67.0118 1
166.6740 68.8738 1
145.8305 100.1872 1
155.2175 156.1060 1
182.1082 108.1280 1
112.8607 248.0695 1
147.3322 123.9458 1
159.8311 42.9575 1
132.9516 13.0858 1
126.0501 136.5680 1
101.1025 114.2670 1
169.5798 114.5332 1
197.3226 156.1258 1
115.6215 124.7223 1
110.3837 192.8896 1
162.2585 87.2038 1
133.8634 148.9026 1
142.7383 56.3949 1
171.1553 179.3954 1
114.9070 105.1613 1
179.6515 130.8245 1
126.7871 211.3732 1
158.8244 107.5198 1
125.4023 96.1240 1
103.9641 25.1587 1
107.7320 46.6373 1
187.7448 160.2274 1
176.9084 16.5766 1
147.0137 198.7608 1
104.1680 12.4276 1
150.9879 22.7263 1
148.1199 102.0702 1
110.1990 214.3686 1
117.8040 159.6578 1
169.3957 210.8155 1
144.7713 17.7978 1
126.0374 188.9349 1
150.7957 150.5415 1
142.5536 133.8527 1
168.7476 24.3981 1
156.1986 147.0024 1
115.8916 240.1001 1
111.0867 87.7246 1
149.3140 78.4997 1
138.4065 233.8057 1
154.3288 158.0128 1
125.3412 232.8293 1
146.6673 3.2149 1
136.5261 30.2577 1
114.1122 56.9556 1
162.8005 121.3528 1
161.9040 240.9669 1
116.3420 92.1624 1
133.9182 139.8449 1
177.6874 4.3782 1
105.9782 221.7457 1
190.1282 152.5505 1
164.3060 205.2740 1
146.2052 132.7523 1
201.8570 159.2101 1
126.0579 151.4599 1
147.5258 88.7171 1
111.1037 36.6052 1
133.5490 35.6481 1
108.0914 21.6147 1
112.5366 231.5246 1
165.3916 19.8222 1
154.6139 195.8067 1
