225.8536 35.3523 0
243.0657 182.5333 0
246.5040 29.2878 0
223.2352 105.4085 0
201.2238 186.5630 0
228.5604 202.1382 0
243.0665 89.3861 0
189.1668 3.2097 0
227.2319 56.9085 0
236.4501 184.4927 0
242.5622 237.9923 0
215.2054 219.7372 0
231.2404 131.2274 0
203.1806 0.2668 0
197.9536 134.7807 0
207.0937 44.3410 0
198.6156 121.0671 0
205.6573 8.9287 0
205.7557 136.4677 0
240.1572 146.9265 0
233.1400 101.6959 0
216.2686 136.9344 0
231.4884 63.3354 0
248.5872 191.1009 0
100.8445 31.8975 0
221.0963 78.2832 0
203.5185 39.9390 0
219.7132 4.5352 0
221.2128 89.5717 0
230.3107 118.8466 0
228.7504 144.7901 0
212.5129 193.7816 0
235.6140 26.4460 0
169.2695 236.2022 0
204.6449 128.7555 0
212.3517 237.0154 0
199.9738 244.1341 0
196.2125 73.1117 0
242.5974 242.8839 0
229.0825 196.9714 0
238.3561 161.0447 0
193.9742 103.0293 0
207.1344 99.8549 0
243.9575 169.0529 0
210.8941 165.1906 0
216.1819 8.2722 0
171.3537 207.6343 0
217.0578 249.5468 0
229.6127 89.0916 0
196.5945 7.1551 0
248.3588 148.3699 0
223.6481 135.8196 0
242.0877 114.8619 0
231.9638 54.3586 0
222.3910 64.9967 0
247.4701 129.5417 0
227.9769 14.6387 0
199.9354 163.4382 0
200.5662 110.4882 0
230.6598 18.9059 0
236.1574 175.4662 0
178.4652 38.1801 0
202.0568 99.1348 0
248.0725 57.2483 0
189.0415 105.9871 0
234.0912 31.5545 0
204.3572 232.7006 0
186.1931 80.2579 0
247.1276 233.2120 0
188.2394 137.6133 0
242.8868 191.2573 0
173.8706 220.3600 0
240.3592 97.8685 0
219.1693 127.1511 0
241.8717 200.8240 0
187.5069 161.7067 0
183.7548 23.5177 0
213.6395 73.5762 0
241.2124 132.1666 0
230.5334 236.5082 0
201.6267 87.1289 0
192.3645 138.9102 0
232.4771 210.4557 0
219.4054 193.1937 0
177.2245 189.0597 0
226.4542 248.8035 0
216.1599 166.2017 0
184.6880 119.4936 0
199.2493 143.2755 0
248.6926 182.3760 0
214.0214 12.9010 0
247.9756 6.2476 0
226.8036 101.9564 0
247.2328 38.5693 0
208.0102 141.7287 0
245.8881 155.3093 0
225.1423 214.4439 0
205.8472 83.7444 0
239.3840 43.8371 0
197.8271 17.3139 0
198.1664 248.4423 0
200.8092 226.9894 0
227.3710 6.6330 0
233.6413 5.7560 0
222.8416 157.6272 0
235.1134 230.3853 0
238.6716 221.7355 0
207.4618 70.0893 0
249.4271 175.7627 0
233.9256 81.9018 0
232.0862 215.1830 0
192.1589 17.7790 0
197.8620 33.7609 0
203.9209 168.2082 0
185.0285 69.3325 0
178.9532 222.1034 0
208.3807 0.4929 0
190.4006 118.2464 0
249.0829 104.1900 0
165.1487 218.2773 0
196.3040 221.3224 0
142.6953 236.0509 0
241.5596 154.2076 0
197.8471 44.1327 0
214.5187 118.9580 0
185.8006 46.3569 0
233.4233 92.4451 0
204.8773 23.0529 0
225.5119 118.2707 0
209.6210 129.0939 0
207.1889 18.0378 0
178.0515 13.4096 0
242.6272 36.1956 0
213.0526 185.4544 0
191.4434 129.0166 0
215.9199 180.9461 0
235.8005 141.3084 0
187.4262 59.7205 0
243.4627 70.0518 0
201.1269 75.1300 0
221.1395 43.9259 0
200.6898 177.2843 0
232.8269 153.3232 0
217.4887 96.3640 0
219.7534 207.4189 0
195.1721 125.5572 0
197.6342 172.0279 0
230.2182 44.7378 0
236.4820 72.3871 0
230.0372 72.9239 0
202.1333 153.3564 0
249.0855 142.5088 0
213.5780 50.1703 0
189.4935 157.3361 0
193.7196 83.2431 0
239.9010 166.9933 0
219.5371 61.4417 0
211.3176 205.5841 0
240.3309 79.5664 0
215.2655 175.2169 0
227.9101 177.4983 0
229.3066 226.7818 0
223.5451 168.5967 0
245.5304 198.1929 0
225.3129 80.6698 0
244.3937 75.6124 0
209.4951 32.6958 0
209.8878 218.6624 0
214.9970 20.4483 0
243.7486 102.3110 0
215.5075 152.8821 0
221.3898 13.9674 0
189.9055 217.3163 0
209.5632 125.7100 0
212.4650 245.3345 0
198.7086 216.9020 0
191.6935 25.5275 0
205.7700 150.1595 0
206.9409 118.9016 0
216.4145 42.1936 0
182.7789 4.9439 0
244.4411 10.4186 0
212.2240 157.0517 0
200.7082 29.7553 0
226.7622 25.2927 0
190.3392 236.4361 0
238.0369 92.6984 0
230.1785 186.5010 0
224.1750 209.1750 0
205.1132 210.5939 0
203.3724 205.7235 0
249.2413 25.1696 0
215.8754 112.0893 0
209.4231 197.3550 0
244.2814 120.0981 0
247.5172 246.1670 0
229.9258 170.0588 0
219.4267 56.4140 0
241.5648 215.0491 0
244.3263 64.2610 0
211.4702 64.5150 0
190.5242 226.1307 0
205.0000 242.3734 0
240.1708 23.4655 0
213.3411 212.1126 0
216.5205 77.6580 0
250.0057 118.2600 0
233.6714 111.4574 0
192.0852 13.3969 0
214.2199 25.0270 0
181.0222 76.7340 0
221.9056 185.1716 0
238.4707 12.9821 0
195.1181 168.0167 0
240.6904 53.6929 0
206.7677 192.7558 0
250.7440 194.8274 0
189.7265 50.9569 0
229.1791 110.3827 0
234.7789 11.7294 0
204.4420 34.1104 0
178.4078 113.7162 0
199.3623 49.0873 0
237.2544 244.9261 0
186.4093 31.3788 0
215.7519 106.9845 0
168.6784 214.1771 0
236.7960 62.1425 0
219.7633 201.3475 0
195.6926 229.7807 0
208.2314 160.6874 0
181.8501 33.8274 0
246.7254 50.4551 0
205.9305 55.5922 0
217.2483 215.3600 0
247.0300 222.9605 0
212.1697 144.6462 0
223.2634 229.5475 0
193.5194 148.5455 0
207.7981 92.1885 0
245.8680 210.2000 0
193.3703 114.4138 0
245.9102 133.7122 0
220.5323 139.7047 0
234.6010 127.9579 0
204.8326 183.3763 0
226.2274 49.2593 0
214.8905 87.1055 0
218.1795 230.0038 0
220.7054 238.9387 0
223.2456 221.3849 0
187.0730 11.0076 0
201.5554 62.5400 0
223.3263 24.2787 0
230.9517 164.9906 0
224.7368 148.5971 0
230.3925 139.9647 0
155.4231 4.7837 1
183.1044 232.6511 1
141.3853 56.8055 1
153.7522 43.2195 1
100.7791 25.3752 1
110.5988 213.0806 1
102.5984 131.3326 1
111.9333 46.8474 1
133.4480 87.2540 1
169.2349 164.5143 1
133.4754 67.0920 1
148.1294 238.5598 1
115.5033 63.0117 1
105.6719 124.2513 1
105.6239 14.3271 1
132.9129 161.4322 1
109.2102 208.7440 1
171.4218 173.6267 1
163.4939 90.3614 1
174.7717 94.0855 1
114.4674 20.7581 1
145.9358 41.9631 1
174.1873 126.1125 1
151.8111 129.5248 1
144.2369 198.0198 1
140.9073 171.5707 1
155.0948 151.2556 1
135.2121 249.5951 1
173.3427 241.6778 1
148.5065 160.9773 1
141.9934 160.8591 1
140.4909 109.4261 1
133.5028 76.6318 1
188.0568 90.7815 1
137.0206 92.6938 1
163.1478 203.5284 1
181.4351 203.5939 1
183.9651 184.4203 1
128.7778 187.3216 1
124.2241 228.9869 1
138.4204 142.2069 1
131.3723 26.8448 1
128.2455 55.9080 1
155.2113 10.6402 1
114.8739 15.1483 1
122.3098 174.4861 1
160.2879 39.6658 1
178.5432 25.1363 1
176.1407 60.7279 1
101.4301 47.2739 1
155.8527 94.4910 1
129.1924 104.7042 1
124.5428 78.0457 1
153.8657 136.6708 1
125.7682 193.0786 1
164.6874 155.1261 1
101.4896 52.4910 1
127.4244 123.6326 1
128.4596 217.3630 1
131.3400 127.0298 1
142.2528 85.6966 1
100.3916 181.6853 1
113.4146 246.1402 1
190.8710 177.5239 1
196.3076 193.2026 1
119.0935 215.8874 1
103.4733 192.2252 1
135.3279 178.9497 1
171.9155 11.5608 1
160.5677 135.6982 1
118.3818 70.5741 1
120.4001 116.7402 1
150.4780 61.1434 1
172.2269 95.3811 1
104.3364 1.8728 1
164.3698 232.9502 1
183.0168 151.2811 1
145.8662 50.2289 1
131.8309 111.3906 1
129.4558 87.5024 1
116.4231 227.9611 1
134.0451 194.0745 1
150.4457 39.4215 1
174.3891 148.7286 1
103.3067 242.5793 1
121.6553 62.8836 1
122.2309 8.3831 1
169.4313 184.4009 1
145.0309 183.4872 1
171.3515 110.0176 1
175.9941 51.3430 1
174.2429 155.5209 1
115.6740 53.9465 1
106.7079 59.4888 1
161.1430 142.8936 1
122.3205 216.5809 1
190.9686 195.2165 1
154.2419 56.7365 1
150.3257 99.5142 1
198.7621 204.7491 1
128.1743 168.0826 1
108.4776 185.5421 1
168.8904 139.1577 1
171.2397 21.1743 1
135.7142 203.6527 1
147.2612 205.5128 1
120.3168 237.1843 1
151.1497 154.9597 1
169.6601 227.8467 1
102.2582 88.6048 1
155.9492 113.2469 1
199.0664 96.3420 1
137.9624 246.8828 1
182.6038 59.0226 1
122.8589 85.8382 1
120.9757 202.8588 1
170.1351 99.9379 1
118.6715 41.9872 1
109.2518 5.0128 1
190.1523 246.9043 1
177.8673 212.4850 1
129.7016 157.0277 1
106.7211 109.6038 1
111.0330 23.9930 1
145.8522 82.4317 1
171.6267 68.6626 1
138.0136 40.7736 1
186.7951 169.0670 1
155.6534 88.4336 1
182.2516 88.7535 1
165.0289 73.8702 1
109.4913 73.8699 1
135.1542 29.7284 1
168.6724 115.9223 1
167.9947 189.3428 1
126.1884 235.0362 1
160.5057 223.8114 1
130.0379 135.4261 1
159.1521 124.1812 1
158.4486 173.3531 1
163.1908 250.6552 1
149.7649 13.8087 1
130.1778 9.8550 1
132.2870 204.4558 1
178.4448 172.7394 1
155.9313 218.5773 1
138.4111 223.4635 1
156.7303 233.7516 1
156.1592 116.8369 1
141.8128 70.1348 1
128.9781 145.4457 1
176.7011 83.1977 1
118.3253 135.7925 1
130.5391 4.9333 1
179.4320 195.1955 1
152.0844 234.5115 1
177.9893 44.9579 1
186.9679 148.1434 1
113.2285 169.0168 1
159.1466 77.4240 1
130.4281 243.8427 1
151.0691 196.7740 1
133.1009 19.8854 1
145.6300 218.1420 1
149.2111 31.8358 1
112.6978 160.1336 1
102.9801 77.2678 1
116.9458 127.6319 1
100.3886 12.5560 1
170.3301 143.5911 1
175.9479 167.4175 1
157.2744 216.6911 1
129.4009 210.0843 1
142.5599 4.7608 1
113.8592 91.1946 1
106.5146 150.8275 1
162.3441 28.6578 1
150.7603 183.4196 1
161.1409 247.4200 1
161.1049 17.1873 1
116.6523 80.3396 1
162.2513 60.0196 1
147.4037 115.7485 1
103.6656 172.2921 1
124.4946 246.5812 1
184.4112 97.9245 1
133.9682 147.5109 1
158.8399 50.0508 1
127.7680 40.5760 1
184.9451 209.2491 1
170.6787 178.5436 1
119.6106 151.7413 1
162.5435 107.1415 1
180.8485 127.2570 1
135.4570 105.3187 1
118.0792 102.9811 1
180.6212 104.1583 1
112.1503 139.7228 1
168.4442 88.6989 1
144.5407 229.4671 1
146.6116 136.7372 1
105.7295 97.1058 1
138.6831 164.1434 1
121.9515 194.7946 1
101.3527 64.7802 1
102.8852 235.0815 1
143.5250 150.2817 1
143.9794 21.3079 1
121.3009 185.9016 1
144.5365 9.3512 1
149.8318 143.1095 1
132.7006 97.1967 1
114.7498 199.0256 1
155.2570 211.7060 1
108.5178 220.4213 1
138.8287 219.8709 1
115.2169 145.7509 1
152.6613 22.6322 1
145.3939 102.1020 1
178.8142 244.8811 1
133.3257 56.2187 1
163.7705 48.9874 1
139.1247 119.5011 1
124.5082 141.1978 1
119.6149 34.6960 1
106.3962 160.8264 1
118.5162 39.9670 1
134.3606 61.1133 1
138.9563 21.3547 1
116.3296 99.3189 1
107.9114 104.8661 1
116.5061 28.1467 1
139.8595 129.5497 1
110.7357 87.7696 1
169.9795 248.1465 1
180.0900 140.1153 1
159.4731 163.8386 1
151.1581 93.7515 1
142.5966 124.9531 1
159.2968 193.9661 1
173.0262 77.9942 1
120.2363 49.3957 1
107.8104 32.0854 1
115.2154 241.7549 1
168.2155 8.4311 1
138.8913 191.1657 1
