229.2964 81.1274 0
193.2903 250.5635 0
230.8030 50.2217 0
184.2912 87.9173 0
215.4816 195.2786 0
214.0755 13.6319 0
193.3541 189.8303 0
244.4502 95.2527 0
203.4205 47.2465 0
233.5033 77.8258 0
204.2422 39.9975 0
240.3482 88.0289 0
216.9034 188.8825 0
249.5486 96.8189 0
209.4962 142.9141 0
173.4828 217.1700 0
216.7427 35.0425 0
216.5364 138.3236 0
192.4670 38.5509 0
185.9189 129.7698 0
181.2597 201.5602 0
236.5256 152.0256 0
200.3682 169.4505 0
231.5715 150.5707 0
249.1307 169.7978 0
229.2366 19.7874 0
245.7887 213.3218 0
246.9365 33.2797 0
236.9119 74.7253 0
198.9523 91.7361 0
204.2251 52.3577 0
242.6871 17.4920 0
206.3860 234.5505 0
219.0835 106.8813 0
243.7317 136.9438 0
203.5773 196.1580 0
226.5066 33.6950 0
131.0665 183.1519 0
199.6636 133.1999 0
237.1457 96.7897 0
235.2748 66.6639 0
192.1207 236.3324 0
183.2237 21.8119 0
203.5926 128.9580 0
215.9495 18.2719 0
187.7767 106.0209 0
236.4449 161.5044 0
207.2267 84.1322 0
224.1105 219.7825 0
205.9811 18.3344 0
239.9747 200.5029 0
202.2213 246.3610 0
211.3138 236.2629 0
165.7576 219.1044 0
223.2944 90.3268 0
244.5992 181.0924 0
224.6544 171.9079 0
245.4173 223.6311 0
235.4260 117.2988 0
237.6544 30.7959 0
213.6973 4.9777 0
218.1981 91.6952 0
212.7039 51.4719 0
190.6519 138.0236 0
245.8515 4.9721 0
213.2710 151.0440 0
182.0336 15.8803 0
246.1862 202.9078 0
187.8828 119.6158 0
184.7681 156.8615 0
248.7048 52.6373 0
244.0789 168.5991 0
169.0400 182.6631 0
211.5314 69.1863 0
205.2163 12.8576 0
191.0925 28.6610 0
224.3478 98.4756 0
236.6122 210.4715 0
175.7301 209.8410 0
205.9761 154.2074 0
226.6636 131.8083 0
231.5616 6.4384 0
234.5893 137.7469 0
233.6386 107.6799 0
186.1437 215.8413 0
189.8957 100.3223 0
247.1940 80.9880 0
239.1139 206.7742 0
249.5721 191.7509 0
214.6566 217.1697 0
203.3072 119.0104 0
241.7317 46.3946 0
187.0999 245.1524 0
222.7032 118.2407 0
232.7655 192.8162 0
211.2708 171.1106 0
229.7409 209.1561 0
219.0931 27.7744 0
192.3582 173.1030 0
183.5392 92.0987 0
197.9006 178.4279 0
247.1766 64.1728 0
247.7654 57.5616 0
168.3044 43.6981 0
238.3481 8.5740 0
243.7851 110.1483 0
201.5698 154.4212 0
240.8505 59.4107 0
203.6147 241.1811 0
174.8127 132.6313 0
226.8248 76.0914 0
199.1444 26.4030 0
180.8512 235.7869 0
178.8004 0.7596 0
227.3647 44.5247 0
182.6228 225.6110 0
231.5169 63.0598 0
248.0453 250.4769 0
247.6065 160.8015 0
242.2255 74.7022 0
224.2527 20.1579 0
225.7406 249.2335 0
248.4385 187.3791 0
207.3014 78.5418 0
238.5559 164.9303 0
208.7431 89.8644 0
220.2163 247.2140 0
179.9907 62.7883 0
193.6823 92.2941 0
174.0079 223.5069 0
195.2083 79.4520 0
215.8543 41.6898 0
207.2922 221.7437 0
222.3214 41.8310 0
212.3323 128.2839 0
210.0229 185.3136 0
243.0904 36.5634 0
226.9723 200.9361 0
171.7282 197.5926 0
191.4839 146.2456 0
183.2852 83.4447 0
226.8515 137.0409 0
229.4496 167.6072 0
237.7420 226.5527 0
188.7865 66.4036 0
225.7536 145.8502 0
243.3302 237.7024 0
223.8830 13.7283 0
195.0578 129.2407 0
246.7230 155.7611 0
248.2268 18.0894 0
208.5217 130.8384 0
181.1313 29.8428 0
193.7602 42.8391 0
227.1772 95.7308 0
187.7198 164.9058 0
206.0198 226.0403 0
222.7066 214.8619 0
207.6541 57.3346 0
219.0026 8.5520 0
198.6221 57.5345 0
239.4842 83.6796 0
220.4826 144.3098 0
222.2726 64.1392 0
235.4091 249.9320 0
175.5323 113.0358 0
197.5673 203.7579 0
221.1445 68.1671 0
201.5517 107.0120 0
181.3979 51.9850 0
236.7951 238.7730 0
217.0410 129.0680 0
250.5795 211.8186 0
229.6908 53.8462 0
193.3380 87.6610 0
180.3684 104.6566 0
196.6704 104.6436 0
213.3516 163.5684 0
220.8347 83.0619 0
249.7337 206.4549 0
189.4872 181.7226 0
240.3671 194.4517 0
241.1564 230.3926 0
198.3815 208.5815 0
219.2415 160.7829 0
221.1233 242.0156 0
192.4675 63.2392 0
184.5466 34.1624 0
232.1123 200.4661 0
194.8137 20.1493 0
213.1102 113.7927 0
235.4620 218.7089 0
239.6040 181.4118 0
209.5528 242.2511 0
192.9711 47.4717 0
203.1188 188.1124 0
179.6153 143.2700 0
205.6021 169.2476 0
210.0742 196.0223 0
213.3762 31.4455 0
249.7828 129.6281 0
212.5819 203.2960 0
230.1423 186.3432 0
235.1518 142.5420 0
202.5601 72.9903 0
228.5955 237.2269 0
189.3720 70.9242 0
241.0838 51.6524 0
210.6368 162.0019 0
199.6542 31.8150 0
224.6949 205.2051 0
191.2169 6.9846 0
239.6432 133.7609 0
216.0066 173.5535 0
202.3664 4.6211 0
197.9221 194.9320 0
189.6466 240.7244 0
236.5402 128.5029 0
226.7976 181.8703 0
227.6654 28.4608 0
204.4515 183.6507 0
214.2432 74.5809 0
168.0681 210.8902 0
230.6413 103.6033 0
203.7044 111.5590 0
182.1985 248.0045 0
198.9362 228.0768 0
189.4662 207.1643 0
181.5054 37.8175 0
244.2537 124.1436 0
247.2905 243.5608 0
218.6719 123.1799 0
195.4623 246.1760 0
222.2115 36.6613 0
197.5663 118.6150 0
215.4378 155.3761 0
217.5789 53.3302 0
179.2708 162.9970 0
210.9737 42.9412 0
242.9579 214.7137 0
225.7970 192.5129 0
182.4992 72.9991 0
210.7977 122.2952 0
237.5395 24.7225 0
205.8055 60.9404 0
204.3598 137.6525 0
187.2169 147.4368 0
223.1516 52.2040 0
213.8810 229.1976 0
236.1623 38.6992 0
206.2257 209.7835 0
244.6937 102.7856 0
218.8140 180.0903 0
232.5804 125.4144 0
250.2837 116.2492 0
168.7086 205.5841 0
187.2480 10.7598 0
250.3665 25.6074 0
176.2822 44.3046 0
191.2405 202.1168 0
188.8898 227.7800 0
209.7997 213.6223 0
229.4025 158.4841 0
208.7534 105.2243 0
201.1819 8.3110 0
189.0728 155.4634 0
234.1951 16.6594 0
228.4982 70.7414 0
244.4461 26.2619 0
223.1085 229.6933 0
192.5926 155.4474 0
204.8812 99.4837 0
226.0089 113.6309 0
196.7537 219.9396 0
191.8930 227.1376 0
218.9363 209.7202 0
230.6404 231.4989 0
207.2383 26.9079 0
183.0539 45.4101 0
237.0725 173.1334 0
201.4397 67.7341 0
198.1171 162.0859 0
244.9404 148.1236 0
247.4643 86.4926 0
144.3745 204.4737 1
108.6441 8.0926 1
167.9892 63.9347 1
119.2349 158.9745 1
148.8589 30.2598 1
131.9138 164.3223 1
171.6295 125.5908 1
148.7233 246.1024 1
157.9118 200.9897 1
162.8353 115.1238 1
148.6074 51.7948 1
132.5035 230.4676 1
112.4110 58.4776 1
120.1475 247.4680 1
143.9149 246.9376 1
141.0269 7.6567 1
145.6205 236.1001 1
109.0884 139.4659 1
155.0799 249.7635 1
126.6890 62.7764 1
133.3972 198.0074 1
157.8304 127.6027 1
146.9285 95.0874 1
138.7059 119.7680 1
137.5690 240.0427 1
142.5542 123.1958 1
137.6355 209.7255 1
158.5348 13.4222 1
108.8089 214.3130 1
110.4697 178.3140 1
143.3954 29.9163 1
115.3217 231.6119 1
152.7749 142.5108 1
154.3486 69.7003 1
109.5200 236.1307 1
185.3403 193.7527 1
160.4067 105.4492 1
114.8146 29.1817 1
143.5105 55.8531 1
150.7769 211.1611 1
134.2327 178.6890 1
167.5553 15.5448 1
153.1871 241.0735 1
115.3096 67.9232 1
143.9981 221.9226 1
160.7327 244.1795 1
166.2564 84.0780 1
164.9059 148.5870 1
135.7364 193.5741 1
119.2662 144.3135 1
131.7488 72.2075 1
141.5730 111.3927 1
138.4167 217.0935 1
139.0311 154.2211 1
167.8031 122.7634 1
142.8322 177.9638 1
119.9549 232.9239 1
150.5753 149.8893 1
105.1932 61.6564 1
140.0448 85.5441 1
171.8335 105.3928 1
109.3541 246.3056 1
126.2317 236.6632 1
126.8967 152.2969 1
123.2870 180.6406 1
145.1099 102.7706 1
131.8739 90.0597 1
135.3966 77.5400 1
138.5717 230.1041 1
109.2150 184.6232 1
176.0425 189.3823 1
112.6453 174.4492 1
138.9280 23.0241 1
109.0004 223.0362 1
153.9809 99.2457 1
162.1135 26.5163 1
116.2996 90.9701 1
126.1143 215.6760 1
122.6047 24.9132 1
125.0994 7.8572 1
144.0502 45.7631 1
164.3474 57.6849 1
136.3164 142.7528 1
144.2546 143.7649 1
144.1007 182.1599 1
108.8958 160.2876 1
124.5107 101.4058 1
177.6906 122.6482 1
161.1419 49.5173 1
152.9549 81.7027 1
157.6228 189.4444 1
114.6964 189.3586 1
153.1477 176.4079 1
129.1840 12.9116 1
178.3079 185.0389 1
176.9969 26.1130 1
137.3517 5.8310 1
116.2444 216.5905 1
148.4845 100.1900 1
114.7874 116.4028 1
182.0105 125.7463 1
101.4087 47.4226 1
147.8591 89.3930 1
109.4501 69.9590 1
124.4671 54.3158 1
138.7436 91.1884 1
149.1249 170.3739 1
106.4928 156.1885 1
103.7657 34.2440 1
110.6084 21.3900 1
133.2963 56.1729 1
171.7498 52.2183 1
148.7614 155.0173 1
155.3779 114.5133 1
169.8543 132.6617 1
163.4235 197.6201 1
124.2119 92.5175 1
156.4389 21.9675 1
174.5848 175.7336 1
164.4945 137.7060 1
167.1850 25.1236 1
123.7043 209.8206 1
162.2901 171.1667 1
109.5272 88.5909 1
100.1925 17.3220 1
181.8472 9.4355 1
140.2600 135.8748 1
160.5051 140.3582 1
120.7978 168.1237 1
122.4556 45.3552 1
128.5637 172.2546 1
175.2050 230.7531 1
156.3912 37.5152 1
135.5527 31.5111 1
124.0893 70.9732 1
118.7778 136.3106 1
173.7226 142.4201 1
100.3901 243.7598 1
127.2494 136.0338 1
169.8581 166.3411 1
167.2681 92.5016 1
150.6395 227.4855 1
166.3132 185.8297 1
100.3080 160.0427 1
135.5381 19.8768 1
181.9820 171.2744 1
101.1211 140.8198 1
138.3143 36.5685 1
168.4304 144.7611 1
152.0011 91.2432 1
175.5119 86.1121 1
140.8490 197.9424 1
157.5172 222.3846 1
147.4800 196.4182 1
104.4030 237.7287 1
129.3924 119.0495 1
112.8430 109.0464 1
165.3415 238.1544 1
134.4710 13.9641 1
162.0771 75.6409 1
101.3930 57.2568 1
145.2633 77.9063 1
151.8549 120.1000 1
133.0137 206.8055 1
131.8378 35.4121 1
158.4542 28.5796 1
105.9936 28.7832 1
163.4756 37.8120 1
111.2975 148.2886 1
152.9387 188.3898 1
130.2569 240.9933 1
147.8303 63.7377 1
136.3693 107.0156 1
105.3969 104.1183 1
159.6439 152.7835 1
104.7494 95.0303 1
140.9597 69.8582 1
137.9395 46.0848 1
157.9588 8.2848 1
114.5624 102.8117 1
172.6151 155.1089 1
105.8186 169.1425 1
157.7642 214.0519 1
128.9072 159.7615 1
124.4755 79.8345 1
108.1243 195.6145 1
144.9605 38.3808 1
144.1661 161.5297 1
166.9827 245.6544 1
172.7831 41.5729 1
107.1995 79.8025 1
177.2112 96.3264 1
154.9594 237.2220 1
171.0434 74.5515 1
119.9117 129.4322 1
105.1664 15.6214 1
123.2470 116.5380 1
111.3369 40.0771 1
122.5114 202.9409 1
161.5484 65.6962 1
102.1951 128.8160 1
149.7736 71.7085 1
104.1651 224.7906 1
123.4234 189.9650 1
104.8811 2.6643 1
153.3905 131.9418 1
113.2940 77.0127 1
148.0926 220.4000 1
167.7914 71.5154 1
152.8304 161.8489 1
116.6338 202.7561 1
170.6328 116.4986 1
158.7309 179.5779 1
169.3828 3.6726 1
109.0265 121.5519 1
160.3764 166.6704 1
125.9581 124.4121 1
105.6729 148.9158 1
114.6584 51.2884 1
131.4918 131.7319 1
113.9786 239.8851 1
119.1390 12.7671 1
148.2346 10.7355 1
165.2529 228.3172 1
