245.1656 46.0197 0
247.3078 206.1737 0
237.4546 75.2114 0
212.5519 200.0336 0
240.2755 240.7915 0
234.5259 185.7007 0
236.7455 102.3640 0
210.3636 19.5367 0
227.8318 58.2303 0
214.8857 5.7926 0
203.4785 205.7494 0
221.5720 132.2194 0
199.8682 231.1946 0
212.3634 151.7879 0
207.5033 55.2956 0
204.7851 111.2071 0
228.9108 18.1538 0
230.6486 144.0484 0
236.9727 161.7693 0
223.9530 124.8966 0
242.5619 141.6499 0
244.6145 5.1540 0
249.2026 192.8979 0
241.5286 73.1158 0
215.5674 50.1844 0
246.2459 239.2286 0
222.7425 12.1677 0
248.0414 78.1796 0
233.8083 126.4877 0
248.8699 159.4746 0
206.3303 181.1461 0
217.1432 243.5216 0
209.3845 138.0432 0
205.6852 245.3961 0
193.1216 243.1902 0
208.7021 86.0056 0
229.6281 0.2509 0
240.2817 212.7233 0
247.5649 142.8585 0
192.7444 110.1358 0
249.9237 212.2502 0
226.5913 98.3464 0
246.9037 167.9525 0
210.2170 186.5367 0
240.8057 8.3707 0
194.3392 175.8233 0
195.0999 217.0989 0
248.4977 98.0845 0
245.5413 216.8954 0
208.4267 9.0810 0
227.2355 136.3468 0
239.3246 89.7090 0
236.8478 62.3085 0
245.8626 133.8046 0
241.8275 14.5250 0
202.4579 170.2611 0
222.5283 117.0143 0
249.9935 187.0928 0
202.4352 39.4589 0
219.0849 82.0175 0
206.8627 99.8949 0
248.7542 36.1527 0
200.9047 238.7778 0
200.6152 94.1691 0
232.4121 239.0272 0
187.3192 79.0082 0
242.2278 206.7490 0
203.5635 221.1303 0
231.5738 102.3535 0
215.2767 120.3482 0
242.7809 230.6162 0
211.6167 131.0792 0
187.0124 32.1048 0
227.6069 72.5032 0
227.0175 121.6741 0
218.9675 222.9278 0
199.0760 86.7474 0
221.9733 144.5092 0
237.7170 204.5821 0
245.2057 183.9878 0
201.8061 195.8219 0
211.6535 173.1484 0
193.5231 87.3312 0
225.6993 151.8517 0
250.6759 172.6792 0
215.3855 42.2243 0
247.6475 90.5469 0
228.1373 132.5835 0
234.7915 232.4817 0
228.6491 87.6236 0
205.9641 16.5516 0
206.6573 0.0619 0
208.3032 235.1110 0
219.4943 247.1783 0
239.4067 31.2507 0
235.6760 166.7523 0
247.5779 247.8157 0
238.1329 249.3362 0
222.8287 67.5537 0
250.0286 71.6680 0
189.5466 25.4026 0
193.0357 54.2319 0
198.8071 187.0963 0
192.1497 80.5238 0
186.2724 213.5148 0
217.6685 11.4584 0
211.1031 93.0918 0
164.1704 205.4810 0
194.5280 194.6158 0
165.1290 194.4342 0
239.3032 175.6952 0
220.8431 34.9131 0
217.2698 100.3589 0
195.2480 46.4090 0
242.7482 106.9769 0
216.2566 24.8382 0
216.7316 143.5335 0
204.0160 131.1344 0
237.7386 37.8149 0
194.4165 33.8871 0
226.6290 179.9506 0
226.4223 157.3155 0
216.6621 180.8785 0
235.0265 152.7448 0
208.1172 65.7996 0
215.8067 61.4204 0
249.7170 47.4747 0
203.6273 153.5205 0
247.2803 149.0364 0
227.8350 63.3185 0
231.3163 193.5858 0
204.3595 106.0139 0
215.3339 191.6172 0
242.8269 36.7391 0
246.8083 60.8173 0
234.7346 68.5714 0
210.2924 167.9440 0
224.8386 54.3192 0
206.4334 124.1721 0
218.2287 74.1380 0
247.7528 180.5500 0
244.1781 55.8814 0
231.2842 200.1494 0
199.9145 179.9163 0
245.0910 196.5701 0
235.8187 226.5197 0
236.2090 171.4875 0
235.4075 218.1231 0
226.1155 28.6784 0
220.7364 200.8796 0
232.9315 14.9517 0
232.3799 90.3724 0
218.8976 188.3961 0
233.4000 29.6232 0
190.3812 221.2641 0
213.2570 109.3826 0
216.4968 209.6761 0
190.0765 181.4062 0
207.1634 32.6453 0
221.1819 163.2916 0
215.5539 113.3830 0
224.3958 42.9369 0
196.8006 20.3647 0
230.8665 168.3934 0
232.7587 36.4374 0
242.3019 28.5378 0
196.8419 13.0646 0
224.0549 166.5509 0
237.5432 223.0567 0
198.9867 208.7655 0
193.7445 202.1246 0
233.1985 110.7299 0
229.1186 188.6444 0
234.0929 116.2867 0
234.2911 8.6700 0
239.8356 189.8441 0
220.6377 48.0523 0
224.7727 234.3605 0
214.8616 66.3575 0
203.3998 7.1470 0
226.0075 210.5843 0
189.2532 195.8120 0
210.6900 79.9718 0
228.0394 105.0968 0
221.4390 96.1950 0
190.0916 40.5118 0
232.9642 24.3498 0
207.1220 74.4532 0
222.3270 173.5033 0
248.6559 16.7664 0
212.0044 160.7868 0
224.5517 196.3851 0
238.8713 195.6263 0
198.6909 79.9975 0
224.4405 76.6621 0
250.6415 5.7895 0
240.2951 46.7635 0
197.7885 118.5150 0
198.7758 57.0102 0
223.3253 243.6043 0
210.3984 41.7422 0
225.0570 111.9019 0
186.7022 203.8753 0
230.5083 176.3470 0
241.8940 98.7308 0
196.5096 240.7619 0
202.4985 159.3778 0
211.3609 30.1874 0
203.4507 51.9256 0
211.1992 216.2663 0
227.4290 230.0858 0
235.6788 136.7762 0
228.6015 219.5606 0
216.4038 155.5926 0
242.9418 82.8401 0
245.2202 226.5864 0
197.1996 72.0352 0
244.3584 111.2840 0
226.8531 146.8513 0
242.6016 120.5144 0
197.9599 165.3452 0
243.6415 64.4345 0
227.5622 80.8282 0
206.4610 225.1938 0
218.7948 233.1295 0
220.6431 212.9940 0
201.8782 26.3983 0
190.3633 57.5513 0
233.4525 46.9030 0
238.5380 145.0943 0
242.8836 129.4638 0
127.4298 248.4989 1
159.2332 39.1987 1
179.3884 99.2610 1
118.3942 35.2072 1
104.7857 206.4952 1
100.4664 131.1034 1
182.6224 244.0483 1
173.4739 215.7829 1
111.4031 10.6473 1
183.5403 122.8976 1
164.5150 184.9161 1
154.7202 94.3479 1
179.2014 202.7012 1
114.7286 87.2859 1
153.3317 61.3215 1
103.0225 20.4358 1
174.3607 239.4260 1
125.6921 6.5521 1
119.9190 142.7861 1
106.0221 165.7409 1
142.3210 199.0656 1
185.3354 130.8450 1
109.1332 62.5959 1
116.7219 56.2258 1
127.2074 45.5372 1
118.9192 214.6023 1
167.4000 149.7894 1
188.4505 96.4343 1
171.5163 170.2113 1
134.0251 171.8599 1
177.7946 197.2151 1
167.0433 230.9504 1
194.9686 4.8591 1
150.5427 220.8290 1
107.1619 125.6427 1
113.0962 125.8807 1
159.5395 67.7862 1
172.0895 50.7170 1
131.5294 98.5896 1
164.2056 249.5697 1
154.9665 208.3636 1
180.3491 152.1683 1
110.0739 72.0442 1
111.0391 210.5643 1
155.1374 213.6758 1
175.4523 153.1221 1
121.7462 18.9151 1
142.5860 19.9073 1
101.3745 241.5606 1
165.2295 21.8146 1
176.1749 37.9849 1
130.4018 61.1348 1
174.4346 76.2752 1
137.1453 37.0900 1
144.5517 165.5727 1
104.6922 157.3220 1
185.8900 138.7960 1
149.0902 230.7387 1
138.3061 67.8906 1
155.3370 140.9031 1
179.1200 178.9904 1
102.6348 236.2862 1
135.1285 146.2337 1
153.3048 16.2858 1
168.0132 110.1204 1
121.6187 64.7477 1
133.6988 50.2825 1
193.4683 122.6029 1
112.8497 152.6994 1
145.3223 237.5928 1
161.6966 133.0477 1
183.4718 59.4458 1
190.9994 138.7408 1
137.4410 105.6551 1
112.4475 4.2938 1
157.1809 186.0585 1
154.6859 40.5136 1
144.3555 156.0485 1
140.0049 212.3143 1
146.3890 1.7282 1
158.4846 29.4427 1
138.6055 179.6706 1
146.3134 193.2540 1
163.3335 75.4939 1
183.1530 46.2737 1
119.9037 237.1883 1
166.3008 181.8057 1
113.0660 18.9411 1
126.4182 10.8981 1
151.6185 20.4746 1
132.9491 91.6780 1
157.7195 181.4059 1
102.1366 91.1963 1
135.3960 194.2381 1
147.7931 97.2377 1
199.1801 147.5974 1
173.8881 67.6327 1
144.5951 110.1210 1
158.7398 95.1295 1
207.3200 213.2192 1
148.8324 160.7881 1
143.0894 143.3939 1
187.2273 250.0896 1
181.1851 160.6938 1
170.8469 174.8720 1
132.3834 227.0267 1
108.1791 96.3175 1
156.6603 7.8974 1
152.1155 78.6703 1
128.2256 82.3296 1
176.2648 227.3139 1
172.6596 92.5680 1
169.0329 221.7610 1
167.1669 15.6065 1
142.7266 60.1688 1
129.2002 195.3992 1
178.2555 91.1853 1
112.8330 218.7305 1
105.8205 35.8358 1
110.8672 142.7245 1
142.6349 29.2406 1
103.1876 80.2766 1
133.2883 186.1861 1
122.9144 190.6450 1
140.1042 101.0844 1
185.1228 66.2055 1
165.2937 103.0090 1
108.4812 197.6547 1
152.1477 70.1443 1
167.3360 158.3234 1
158.4485 168.0812 1
133.9664 81.4164 1
125.5179 110.7488 1
185.3119 113.9689 1
147.6089 90.3786 1
121.0086 80.5195 1
124.0422 243.1473 1
164.0880 53.0669 1
197.7376 170.0261 1
147.6781 181.8487 1
180.5912 4.4968 1
182.8881 210.3628 1
104.4925 53.3809 1
103.2647 174.0484 1
169.7461 125.5716 1
179.7358 224.4397 1
185.1201 22.1022 1
200.8884 247.8550 1
117.8008 48.3385 1
100.9801 139.1394 1
133.6285 176.9906 1
160.3695 225.0305 1
140.5616 204.4311 1
136.6506 231.1839 1
105.3546 186.4216 1
157.8927 230.9247 1
126.9676 145.6242 1
152.6268 150.9293 1
140.3152 84.6037 1
150.9318 173.7113 1
158.3362 105.3236 1
124.4231 131.3105 1
187.1094 161.4397 1
110.3194 245.7336 1
185.6101 230.7894 1
142.8326 243.9305 1
172.2945 41.5126 1
191.6165 154.9834 1
111.9941 108.9925 1
164.7611 64.0709 1
125.1461 208.3340 1
165.4637 174.9095 1
134.7590 217.9385 1
180.1492 191.8365 1
110.2714 41.9230 1
142.4228 175.8943 1
104.4433 64.9988 1
123.9512 71.4649 1
172.6388 206.8698 1
192.4888 101.6109 1
152.2250 121.9255 1
175.8182 19.4481 1
111.9610 175.6234 1
162.6311 8.1654 1
143.0482 78.5903 1
132.0171 161.2274 1
119.0044 117.2671 1
176.5632 6.4283 1
122.1385 172.5791 1
146.3195 36.8954 1
104.6598 3.8058 1
103.8902 40.5714 1
161.3907 56.8561 1
190.4936 70.0535 1
148.0100 118.9121 1
165.0008 163.2084 1
111.7181 232.6800 1
174.3687 85.1963 1
120.9281 26.4674 1
155.1013 147.2438 1
188.9391 46.4669 1
130.3195 22.0694 1
160.9006 201.6543 1
165.0715 143.1080 1
100.6006 192.8194 1
121.5731 97.0520 1
179.2024 110.6029 1
180.5856 136.2081 1
142.3474 134.2000 1
108.4469 184.6835 1
159.7286 124.5857 1
161.9086 151.5321 1
120.6608 103.7370 1
147.9951 52.9927 1
176.3899 188.4922 1
147.6422 128.7025 1
176.0713 118.5921 1
114.9528 163.2807 1
145.4556 217.6786 1
127.3587 97.9586 1
138.9173 94.8843 1
114.8207 29.2084 1
108.6268 56.4279 1
193.1968 141.5010 1
187.3002 11.2047 1
151.0489 203.4874 1
163.4542 44.5503 1
142.0544 127.3241 1
125.4909 179.5157 1
171.0659 212.1858 1
153.3259 247.2611 1
118.6996 211.6507 1
185.9552 147.8701 1
105.1991 225.8606 1
175.0002 143.5035 1
177.6288 20.0066 1
151.2895 103.7084 1
112.9426 101.2340 1
132.9634 74.7598 1
104.3335 116.6069 1
135.0892 1.2579 1
121.7177 151.5513 1
151.3301 4.6188 1
125.3623 35.3482 1
171.1167 73.2738 1
115.6511 73.6334 1
162.8490 120.7978 1
151.6023 239.3474 1
138.5911 117.9653 1
127.3748 125.1751 1
176.4359 234.9021 1
137.9433 10.9165 1
102.4233 106.9313 1
186.5968 172.4604 1
162.0639 213.0636 1
157.9742 111.7741 1
200.5357 139.7035 1
124.3835 155.4536 1
168.0120 90.9836 1
121.6025 56.2742 1
143.3789 40.7494 1
125.6146 219.2931 1
115.4196 248.6904 1
172.5630 27.9486 1
158.3830 176.2026 1
