228.0873 68.9431 0
235.9974 198.7361 0
223.0905 90.7405 0
207.7719 222.8326 0
226.1142 219.5027 0
243.3176 120.6365 0
195.7331 76.9848 0
249.5634 77.2431 0
212.2878 208.5262 0
230.5734 224.5527 0
241.8128 40.0392 0
213.3710 220.9433 0
227.5554 146.4429 0
223.0399 249.1609 0
208.5774 142.2462 0
229.7537 79.6667 0
175.7468 100.0008 0
246.2381 166.0906 0
218.7643 135.0464 0
224.9324 166.7002 0
240.9839 113.0348 0
210.7453 155.4799 0
232.8831 71.2277 0
242.1488 202.7786 0
218.9680 105.3697 0
235.0165 79.9869 0
243.7454 14.8740 0
234.5937 99.6318 0
222.8028 98.8110 0
232.0580 147.4185 0
191.7226 212.6278 0
231.0844 118.0079 0
182.6093 209.8684 0
203.2743 114.5964 0
229.0714 2.3386 0
238.1373 20.2534 0
204.7484 79.5314 0
222.5321 230.4791 0
215.0084 180.8653 0
204.3622 96.8966 0
236.1611 152.2858 0
197.6137 64.8258 0
202.1921 190.5414 0
249.0370 7.7861 0
206.4492 215.9746 0
183.5518 96.5578 0
211.8868 27.8357 0
249.5216 126.6123 0
212.9717 145.6570 0
241.9025 92.9721 0
232.1790 136.6455 0
247.7688 138.8537 0
239.9421 62.8376 0
240.2381 133.6720 0
249.8052 29.6398 0
231.8924 175.2605 0
206.3011 101.0360 0
246.7783 171.2792 0
213.7791 36.2343 0
177.6271 109.4955 0
178.1823 90.1542 0
241.6259 23.8682 0
245.0185 152.2732 0
211.5248 229.6048 0
215.8795 70.1281 0
195.5914 133.1750 0
231.0703 200.1741 0
191.7114 217.6461 0
213.9926 104.8828 0
232.3633 214.0849 0
214.7784 128.3513 0
201.1405 21.7851 0
228.2841 134.5062 0
209.5259 88.5604 0
220.0734 126.2719 0
186.2737 82.7378 0
205.8077 148.3347 0
216.9391 230.2173 0
204.4058 172.9502 0
243.7233 246.3638 0
215.6622 194.5927 0
183.0155 116.1345 0
223.7521 179.0986 0
241.2305 176.7357 0
206.0613 5.8411 0
235.8914 109.4615 0
228.4718 126.3303 0
203.3593 134.3238 0
241.4758 146.3755 0
204.8821 203.4901 0
186.1778 92.2109 0
210.5331 32.9688 0
218.1304 13.2470 0
202.4681 31.1379 0
237.0177 245.6295 0
227.8975 162.5894 0
248.4232 219.2262 0
241.4881 216.2265 0
232.8658 92.8062 0
246.0155 186.0183 0
245.9737 228.3456 0
235.7436 32.0023 0
210.9559 83.6734 0
232.4971 178.4509 0
202.1642 71.5311 0
202.5281 1.5938 0
199.3009 39.5610 0
199.2242 104.0477 0
192.1993 207.2722 0
208.2778 240.9765 0
213.6003 245.9525 0
236.7253 188.6553 0
222.2825 59.3887 0
211.7003 109.6296 0
227.1007 52.8225 0
243.9237 97.8070 0
235.4458 62.5647 0
179.8954 121.5728 0
239.0906 129.2296 0
249.3678 112.4138 0
196.1017 123.9814 0
240.1564 11.8144 0
199.4897 56.1958 0
197.6003 151.2904 0
207.0722 118.8675 0
218.9768 181.4436 0
201.0253 164.3099 0
217.8320 51.4013 0
239.5003 84.3130 0
221.8933 82.0299 0
224.2586 27.7032 0
239.1680 183.5353 0
192.4185 164.2073 0
216.1247 95.4817 0
199.6115 204.3752 0
189.6461 111.1244 0
219.5944 204.3034 0
239.5034 100.6865 0
181.6357 157.7618 0
240.3345 156.3010 0
227.3716 64.7567 0
218.0288 168.8219 0
190.7182 101.1136 0
221.9931 209.9966 0
224.7366 76.4886 0
217.4062 249.5128 0
215.0987 173.1631 0
207.9597 199.1991 0
215.7233 5.3190 0
225.9325 201.5668 0
218.0767 86.2045 0
248.3348 13.3371 0
221.0460 222.3508 0
211.3888 22.7756 0
249.4480 116.7944 0
241.1061 173.3530 0
206.8858 158.3330 0
244.4716 31.1428 0
196.9318 182.3790 0
200.5780 130.1324 0
233.1886 10.6578 0
204.0352 242.0267 0
226.6066 35.7203 0
195.8083 155.3973 0
215.7234 118.3504 0
232.7997 23.3952 0
195.9819 18.8709 0
234.6793 166.0651 0
219.5699 22.2612 0
228.8567 24.6949 0
184.7381 213.8198 0
241.6668 107.7371 0
231.7694 209.6059 0
237.8347 161.3166 0
240.9127 236.8455 0
208.8446 13.0210 0
195.0979 202.3260 0
245.5997 52.0163 0
223.5269 107.2457 0
233.3699 233.3980 0
238.8773 123.3712 0
224.2096 193.8132 0
207.9497 67.0167 0
242.8678 66.5470 0
197.9210 96.4333 0
222.9273 8.3939 0
223.1403 14.7930 0
211.4476 237.6149 0
243.7438 76.2951 0
224.7924 112.8524 0
220.1901 30.8992 0
241.4955 48.7285 0
224.6015 42.0963 0
201.2430 215.7662 0
188.6891 167.1990 0
248.2446 85.6199 0
186.0443 175.0919 0
218.8391 55.9859 0
231.1278 131.0922 0
218.0396 65.5097 0
193.6154 113.9891 0
207.0123 41.8651 0
249.7264 62.8894 0
240.3500 2.5702 0
233.0677 45.6016 0
227.0371 100.0906 0
200.9256 230.1044 0
239.2681 212.3209 0
230.0900 242.9521 0
194.7289 174.9341 0
219.6096 42.5772 0
195.1511 82.9581 0
194.3873 191.0714 0
248.4577 214.0660 0
221.8441 141.9549 0
188.3716 135.0022 0
185.1294 100.6897 0
245.7496 195.8279 0
201.9915 105.5881 0
221.1781 146.8826 0
221.0251 157.8236 0
204.5616 180.3437 0
233.6725 57.3083 0
197.7691 88.6321 0
221.8999 239.4432 0
223.4593 234.5975 0
249.3828 237.2544 0
208.1156 51.5867 0
211.3388 59.4827 0
228.6750 154.5619 0
240.0619 32.4115 0
232.8341 195.0864 0
200.5544 140.6466 0
216.0897 158.9422 0
174.3913 226.8131 1
134.0763 45.2447 1
150.7329 91.0547 1
104.2695 211.9988 1
128.2916 152.0327 1
118.6690 107.0658 1
113.0108 29.0698 1
118.1889 211.3834 1
131.0007 106.9178 1
146.6941 172.7350 1
132.8811 13.5973 1
124.8180 41.7330 1
163.5501 20.9299 1
101.1212 21.6310 1
144.8535 7.6670 1
110.9678 103.7235 1
184.9455 230.6405 1
134.9241 207.2742 1
154.5813 153.8605 1
115.7351 200.3409 1
114.3414 112.1186 1
161.8453 83.0222 1
180.2622 71.9501 1
160.8027 35.8845 1
137.9085 156.1084 1
134.7007 123.7310 1
186.9062 196.5020 1
125.5261 210.3407 1
123.6460 170.1423 1
127.8928 203.0755 1
170.3905 234.0184 1
149.9699 212.2868 1
134.1914 176.1868 1
109.6267 153.3649 1
108.1770 9.3982 1
162.3508 54.9020 1
141.0604 91.4475 1
130.0347 164.3118 1
148.7590 198.3545 1
175.3400 146.8213 1
101.0373 245.1872 1
153.2364 82.4750 1
156.0680 1.0053 1
139.6392 228.0300 1
159.2420 213.4357 1
113.1262 68.5198 1
163.6215 187.5451 1
142.6773 71.0155 1
165.7968 107.6964 1
101.6097 13.4319 1
128.8676 61.7721 1
151.5824 28.9937 1
122.2972 75.6944 1
129.5200 72.2137 1
168.5076 130.3640 1
173.6669 159.4725 1
167.5802 142.2112 1
142.7518 244.0916 1
114.4810 86.2273 1
132.6033 188.5625 1
133.8393 22.4001 1
108.4880 183.4840 1
173.2889 212.4883 1
176.5537 155.4392 1
170.2819 218.5855 1
119.9008 193.3830 1
166.6556 162.4168 1
200.0518 51.5813 1
158.9454 163.5231 1
123.3090 12.4170 1
133.8669 144.8844 1
123.0222 83.7150 1
149.1480 33.5448 1
115.5450 244.2468 1
162.7996 8.2328 1
182.3264 128.6346 1
185.2957 67.3102 1
138.3523 67.0704 1
151.0728 189.0485 1
128.2144 111.2082 1
140.2242 186.3636 1
110.4358 35.9963 1
188.7939 24.4216 1
188.9612 152.2747 1
161.4143 168.9477 1
178.2972 41.7724 1
157.4121 67.3273 1
106.9349 21.3416 1
161.7177 134.7978 1
164.0835 209.8421 1
182.1486 237.8230 1
100.8794 71.6819 1
157.0431 143.7156 1
129.4964 80.2780 1
108.9529 192.6800 1
110.2451 115.1634 1
166.4893 26.8790 1
149.0131 118.6855 1
157.9826 73.4603 1
117.9299 47.7245 1
148.8139 222.6663 1
179.0062 182.6134 1
126.9425 140.3045 1
166.6702 82.4163 1
157.7204 15.7424 1
131.3314 38.4143 1
112.7808 248.4460 1
101.4080 195.6406 1
171.7297 245.8942 1
141.6674 115.9122 1
155.5186 129.6197 1
126.8811 26.0773 1
107.1860 64.8887 1
104.8227 77.5209 1
190.7005 13.2324 1
155.2393 94.3068 1
103.0943 156.4673 1
167.2738 70.0956 1
107.8630 163.4085 1
138.4508 6.6555 1
164.0060 245.7322 1
145.6540 83.9656 1
178.7766 220.2417 1
173.1564 168.0409 1
137.6387 161.5763 1
108.9830 70.7014 1
150.1725 249.6213 1
175.8645 67.7472 1
116.8526 54.0185 1
164.8642 13.9601 1
183.4105 187.3593 1
120.3396 155.8567 1
172.8991 237.1182 1
107.1118 60.8738 1
192.4497 28.7924 1
154.7558 102.0594 1
100.2441 47.8798 1
131.3286 210.3488 1
144.2206 138.1577 1
193.4020 234.8308 1
105.9959 230.4975 1
172.0363 26.9406 1
147.9494 179.6921 1
132.0226 90.0640 1
181.9441 8.9534 1
114.3443 235.0074 1
108.1969 79.0755 1
132.5495 50.3957 1
104.3079 181.0928 1
175.3777 141.9092 1
101.3529 104.2617 1
155.7815 203.6358 1
150.9824 239.9020 1
124.9995 194.8578 1
118.3675 231.2088 1
101.2798 174.8009 1
145.6078 53.9234 1
113.4696 99.2638 1
150.4240 61.6968 1
135.3174 97.9806 1
126.7236 180.5342 1
115.6390 223.1082 1
143.8611 209.6257 1
154.8163 162.8669 1
162.5571 231.6087 1
184.0495 75.4226 1
168.7118 109.7472 1
188.4793 47.1413 1
158.1093 195.1092 1
142.5522 12.2522 1
118.7209 8.4680 1
163.2061 221.5902 1
179.2799 18.4280 1
107.5365 138.7661 1
136.5835 170.9299 1
116.3666 147.4907 1
109.5929 119.7808 1
117.9467 138.5347 1
168.2766 118.3750 1
167.1691 175.3918 1
188.8829 185.9319 1
145.0762 222.2958 1
118.8801 219.1087 1
165.1781 42.0002 1
158.8725 174.9207 1
179.5252 54.8265 1
124.3418 246.7165 1
101.7500 240.3584 1
137.2013 247.5625 1
140.3600 18.7010 1
181.2932 0.7100 1
186.6618 42.8533 1
158.8513 151.2045 1
197.3157 8.5221 1
114.1358 168.2273 1
149.5876 112.7206 1
154.1837 58.1775 1
136.5106 219.2427 1
112.7487 14.8108 1
175.6687 209.4845 1
135.3843 138.6087 1
103.5211 31.1652 1
168.4423 196.2618 1
145.4214 150.3866 1
172.6664 114.6521 1
109.8185 132.5387 1
107.9374 148.1185 1
156.6618 106.9523 1
160.5083 122.9510 1
183.9326 141.9958 1
179.0804 85.6139 1
182.0147 245.3495 1
175.0938 122.1130 1
141.2941 52.9623 1
129.3287 0.0168 1
181.2318 173.0657 1
123.9947 226.5729 1
105.6585 95.3156 1
136.6163 32.3902 1
104.1422 169.2015 1
143.4953 39.3035 1
139.3657 196.1246 1
187.0316 223.3781 1
125.7465 125.0007 1
100.1456 5.0980 1
151.5648 131.2793 1
171.6030 191.7180 1
107.6563 201.0513 1
159.1897 234.1686 1
130.4995 234.5282 1
136.9314 106.7846 1
158.8325 51.2538 1
163.8778 139.0682 1
186.2031 249.0740 1
123.0303 55.3111 1
174.8086 27.1765 1
169.9392 61.6531 1
169.2626 92.0301 1
170.8780 4.8979 1
143.8882 229.8723 1
129.3467 131.0871 1
192.3900 4.3660 1
169.4155 54.1763 1
108.4526 44.6659 1
147.6845 167.1954 1
138.7108 176.5878 1
179.1030 195.1447 1
141.5822 101.1270 1
140.0399 153.5257 1
182.5682 34.5043 1
147.2106 79.2745 1
172.8737 37.1234 1
192.4035 64.8711 1
113.1357 160.4000 1
120.0246 35.1820 1
156.6215 6.7221 1
164.6484 200.1869 1
167.8066 18.8491 1
195.9882 247.0078 1
