199.3832 58.7918 0
240.5703 225.4989 0
224.0730 78.1185 0
204.4341 191.0126 0
230.8333 4.5307 0
215.7300 173.2562 0
248.5932 81.7517 0
236.1571 119.2908 0
194.3111 23.9945 0
236.7014 62.4800 0
244.1025 197.6020 0
209.6445 5.1837 0
217.0628 214.3969 0
210.6163 128.4285 0
192.5309 210.5980 0
217.3304 6.9494 0
205.7072 138.6135 0
204.5187 65.6031 0
189.4508 110.3929 0
242.2659 216.1890 0
197.1828 5.5647 0
239.4507 148.3199 0
248.2536 163.1540 0
210.6244 138.8914 0
238.5036 136.3723 0
220.9112 30.6334 0
245.9902 182.2833 0
221.9810 72.6716 0
218.9630 60.9223 0
223.9594 23.0125 0
194.6277 0.8687 0
234.0268 88.4361 0
249.3884 128.4352 0
217.1907 188.4755 0
235.4977 17.1737 0
187.2426 246.1420 0
197.4265 154.4304 0
249.9087 53.2726 0
182.9542 212.5894 0
177.4700 232.7334 0
195.3451 105.1731 0
197.8618 12.0919 0
226.0612 199.8158 0
193.8101 113.7207 0
236.2718 238.6012 0
197.4853 91.5581 0
240.5938 156.2247 0
217.0859 197.6103 0
213.3915 251.2299 0
200.1713 198.2933 0
182.0057 223.1007 0
229.7388 232.1225 0
183.7049 17.7669 0
241.0813 49.9606 0
240.7337 141.1692 0
240.2964 88.3178 0
225.8434 28.3922 0
240.3857 58.4605 0
210.8344 21.4262 0
216.4511 155.3133 0
247.6219 132.7634 0
249.7720 15.8904 0
232.9716 162.2183 0
184.8529 43.6489 0
246.4873 189.7256 0
205.5591 87.4689 0
248.0786 29.7402 0
213.4562 91.4531 0
222.8334 40.5559 0
187.8815 236.4494 0
183.7123 96.9041 0
218.8279 250.9580 0
176.7171 68.2233 0
234.2047 70.7838 0
231.5351 216.2094 0
189.9492 225.2455 0
206.4917 108.0930 0
215.5380 113.8101 0
231.3408 240.1768 0
229.6397 138.5199 0
179.9834 42.0204 0
251.4843 107.3892 0
229.0234 97.2850 0
243.2028 1.7302 0
247.7843 150.9531 0
251.4319 249.7334 0
191.1442 216.1075 0
206.2283 99.9327 0
246.1123 220.3503 0
215.1691 127.5835 0
236.4521 211.4493 0
227.6372 177.9073 0
209.6087 196.2441 0
231.0864 20.4878 0
220.3322 174.7556 0
203.8857 93.0170 0
216.8379 162.3521 0
189.9782 51.2865 0
240.7128 11.2075 0
244.0479 102.1119 0
248.1053 93.1886 0
209.7957 120.1990 0
248.1592 38.2560 0
204.2253 0.0882 0
220.1933 110.6829 0
225.6078 46.8921 0
185.8667 26.3690 0
178.1344 29.1138 0
251.9802 197.4202 0
188.2062 13.4061 0
201.1931 248.5484 0
195.2831 53.2456 0
250.4005 7.6722 0
226.9140 153.8670 0
216.9602 25.2895 0
209.1493 12.9471 0
192.3912 84.0154 0
230.7031 66.6754 0
231.8874 247.9861 0
201.4309 37.2971 0
181.7221 67.1728 0
204.6456 218.9966 0
193.0049 63.6026 0
181.1320 201.8583 0
204.2864 28.5791 0
215.8652 97.9644 0
248.3044 117.1281 0
201.0492 204.9068 0
189.6430 189.4759 0
188.9695 196.7837 0
237.9093 173.0241 0
204.8741 52.8540 0
214.4096 103.7195 0
242.2290 207.1699 0
191.7820 31.9777 0
227.6334 128.6567 0
204.1608 33.0597 0
192.8829 145.9921 0
241.5441 246.6978 0
199.5007 139.4034 0
198.7632 47.0041 0
183.0414 52.0156 0
234.2721 28.8043 0
208.6455 186.1300 0
219.0196 167.2794 0
202.9834 157.0395 0
249.4064 157.7083 0
199.3756 74.0580 0
230.4513 44.7549 0
189.6465 71.1380 0
230.8186 57.0671 0
231.6851 145.0069 0
217.5277 70.5061 0
226.1506 213.2395 0
177.3038 109.4553 0
207.9980 174.9923 0
219.9051 53.8063 0
243.8042 68.2442 0
221.4728 86.0932 0
240.5441 229.7794 0
214.9004 140.9594 0
204.7223 78.3100 0
200.9368 130.2789 0
190.4177 75.3701 0
244.6159 177.8766 0
235.9721 44.0744 0
219.9481 205.8942 0
200.7385 148.5472 0
236.2769 198.7034 0
248.4429 87.0037 0
214.9368 247.2900 0
226.6190 157.4750 0
224.8947 235.1904 0
229.3422 79.9596 0
212.5804 42.3023 0
217.4011 209.4446 0
202.6659 19.3025 0
232.7326 105.6515 0
229.3455 203.2585 0
196.1202 188.6474 0
236.0447 3.9285 0
215.8731 52.4790 0
200.4560 212.6217 0
192.2362 121.9683 0
212.7471 206.1369 0
190.5907 201.7865 0
213.2933 32.4691 0
243.7579 110.3108 0
207.1393 171.6103 0
223.0945 125.8697 0
199.6597 87.1593 0
246.0510 5.1724 0
189.6461 59.1878 0
236.8853 153.0233 0
206.1745 44.5494 0
227.3811 36.0933 0
202.7633 24.0474 0
250.7088 98.5533 0
238.9368 189.6895 0
230.7675 227.2647 0
200.5391 239.9151 0
220.8654 226.4333 0
227.6788 120.1731 0
213.5887 184.0002 0
242.3990 123.0076 0
225.0572 11.8242 0
228.3680 190.9624 0
213.0927 72.1015 0
192.6884 238.6782 0
238.0416 53.6675 0
212.7487 84.5442 0
193.5877 18.4522 0
227.4695 223.1900 0
172.3006 198.6929 0
189.3241 97.0981 0
218.9209 117.6997 0
241.8093 238.3665 0
220.6613 101.0382 0
172.6595 50.0349 0
210.9068 17.2811 0
200.0600 107.6516 0
224.3084 136.9140 0
217.1290 39.9502 0
226.6734 145.5043 0
239.8130 39.7237 0
213.5932 220.7313 0
224.4838 185.7623 0
181.5935 74.4334 0
222.5200 92.4086 0
230.3919 12.7162 0
222.9781 68.1459 0
200.7121 119.6386 0
181.0060 101.5627 0
210.1468 235.5868 0
213.2988 58.9447 0
235.9689 129.4521 0
174.6617 207.1105 0
250.3315 70.6581 0
232.7738 174.1344 0
239.1054 112.6326 0
236.1633 83.4019 0
209.8996 243.8565 0
219.1678 149.7917 0
196.0454 42.4644 0
245.3272 21.2131 0
170.2816 63.5533 0
196.2345 217.9760 0
220.4386 241.5789 0
208.5518 228.1935 0
234.3708 148.9211 0
227.9226 106.2597 0
226.1257 2.7343 0
186.0201 83.7927 0
249.6330 241.7162 0
247.2937 139.2158 0
251.1859 223.6470 0
210.9314 147.0899 0
237.9534 76.2324 0
231.7530 117.0821 0
203.3563 227.8749 0
196.1740 233.6074 0
243.5351 30.8792 0
216.3354 232.9449 0
236.3229 221.6282 0
176.5668 34.3788 0
188.1584 63.7536 0
237.3213 180.4416 0
227.3157 59.6298 0
242.9127 168.5444 0
245.0178 143.1587 0
142.4362 220.2043 1
100.0439 208.0910 1
136.8428 74.9188 1
158.8517 107.6063 1
147.3269 24.6730 1
108.9777 158.4121 1
183.0658 7.0713 1
169.1870 239.2487 1
189.0738 151.7268 1
164.5794 205.2060 1
134.7296 102.4615 1
170.4236 12.3452 1
113.9872 78.0348 1
115.4327 52.0219 1
148.1814 12.4886 1
154.2676 241.3391 1
109.9016 140.9657 1
106.3342 167.6626 1
129.1989 197.1080 1
172.2342 124.6000 1
113.2379 71.9244 1
121.1013 79.6337 1
109.7678 226.1284 1
134.8543 188.6094 1
120.4371 153.7939 1
168.1708 160.0469 1
146.2599 173.1969 1
197.3783 167.5359 1
174.2156 20.8961 1
170.2648 28.3339 1
180.9991 250.2913 1
123.8374 99.8878 1
116.3323 90.9101 1
167.2407 44.1168 1
112.5862 125.7986 1
143.8972 37.0096 1
173.2693 217.5446 1
183.8983 140.1073 1
146.1119 60.3332 1
118.1018 176.4813 1
131.2133 209.5335 1
155.5805 183.8043 1
145.1680 240.4662 1
127.8530 232.8649 1
106.9392 196.9920 1
150.3128 41.7519 1
135.9965 56.4143 1
180.2638 122.4668 1
101.8977 232.6294 1
119.5385 38.8962 1
156.4758 166.1555 1
127.5809 136.4927 1
174.5411 148.2965 1
162.0328 224.4420 1
142.6848 62.8013 1
129.1703 165.6535 1
194.7161 179.4944 1
108.6467 3.6135 1
110.2638 21.0292 1
111.8117 117.2129 1
144.8043 50.4994 1
136.8167 97.6209 1
138.0701 20.2006 1
162.5240 133.8707 1
100.3710 173.2710 1
130.5829 6.4330 1
105.8532 135.3780 1
144.4964 79.0528 1
138.7611 173.4024 1
115.0344 85.2945 1
163.2176 213.7614 1
113.6409 62.5607 1
191.8930 136.2776 1
141.6266 193.9566 1
100.3802 250.7587 1
136.4129 30.1378 1
119.0033 205.1349 1
181.9376 92.0642 1
124.8603 48.9799 1
107.9581 150.1845 1
104.2898 14.8226 1
168.5503 195.2767 1
159.8493 37.4180 1
121.8819 18.6419 1
105.2890 62.5417 1
159.9823 94.7715 1
176.0795 161.8053 1
123.2401 190.9806 1
118.4650 118.1657 1
167.0288 177.4978 1
161.7061 82.9133 1
137.8937 113.4013 1
101.0384 104.2462 1
183.4398 182.5451 1
171.4167 212.6534 1
128.3359 111.5613 1
160.2640 23.5745 1
142.1269 164.9709 1
176.4429 179.2331 1
139.3570 198.2255 1
171.2406 251.9964 1
105.2998 89.6340 1
169.2630 69.5105 1
152.1162 97.4334 1
157.7348 1.0553 1
135.2833 92.0122 1
169.0211 234.8889 1
170.4051 56.7329 1
145.5019 117.1558 1
137.7854 212.0737 1
120.7278 102.1951 1
141.6743 233.5872 1
123.2711 144.7606 1
165.5235 52.3686 1
110.7844 188.7897 1
167.8031 164.3165 1
164.6382 102.6891 1
146.8374 202.5108 1
157.2974 126.1591 1
179.7836 113.2917 1
138.9622 86.6527 1
180.1527 172.7090 1
173.7789 140.6519 1
109.4436 84.1726 1
164.2308 113.3487 1
134.6272 83.3045 1
101.5166 72.9544 1
111.0224 235.2693 1
156.1160 64.8835 1
168.6002 170.4121 1
176.1353 191.4947 1
175.2712 242.6873 1
148.8671 1.4350 1
106.0361 75.1576 1
114.2094 205.7027 1
147.7097 121.7948 1
148.2891 234.8056 1
170.4350 35.0586 1
164.2140 5.9428 1
110.3410 37.9437 1
116.2285 134.5916 1
113.3263 194.3668 1
148.7462 212.5899 1
150.8497 172.1932 1
121.4874 222.5674 1
131.1149 247.0212 1
148.6746 156.0309 1
149.2869 143.7260 1
147.8707 88.7382 1
153.8907 223.2079 1
137.9413 127.2025 1
138.5531 136.0463 1
148.6483 194.1830 1
164.2133 228.5665 1
142.1556 20.2514 1
152.9591 60.9308 1
182.9216 164.2033 1
127.9673 105.9364 1
105.7735 229.2262 1
164.1164 183.0929 1
111.2884 184.1101 1
160.3474 193.8248 1
129.4467 174.9810 1
114.3599 227.2170 1
117.4750 9.1186 1
177.6319 245.9541 1
173.8258 118.5851 1
133.0312 124.8453 1
136.4067 44.5721 1
101.0413 191.4899 1
113.2444 246.3113 1
126.0658 70.4653 1
102.1062 144.2865 1
164.6648 22.5555 1
117.1200 165.6751 1
176.8799 81.8877 1
123.3451 3.7685 1
156.4787 83.4277 1
174.7841 97.1294 1
127.5726 96.3298 1
148.3333 136.5529 1
154.5497 106.4798 1
168.2258 148.0055 1
150.6983 73.9291 1
101.2862 66.2470 1
127.1506 170.3536 1
102.1236 80.6945 1
156.6864 110.6109 1
188.5761 170.8981 1
111.9824 127.4315 1
103.9967 210.8900 1
144.2991 101.6273 1
147.7869 188.6778 1
114.0265 66.8356 1
174.2560 154.6488 1
125.9498 126.3686 1
158.7136 118.1031 1
100.2486 165.2764 1
137.7337 204.7906 1
147.9891 131.1314 1
134.2065 70.8632 1
108.0595 29.6425 1
130.5829 79.1243 1
176.2313 166.6347 1
148.9199 28.6022 1
143.4828 185.3530 1
127.2063 237.0848 1
153.2396 57.0004 1
156.2257 90.3949 1
102.3035 36.1985 1
135.7492 154.2180 1
149.5403 198.6723 1
135.4962 35.5843 1
129.3682 218.3925 1
159.0002 144.3430 1
108.8879 15.0577 1
139.8720 144.4090 1
125.9331 37.1702 1
182.7025 121.3839 1
138.8650 237.3242 1
161.7435 73.3746 1
156.4236 237.4572 1
156.4316 151.3599 1
111.9101 214.8221 1
154.6141 28.7080 1
101.7617 44.1428 1
120.2487 53.3830 1
131.9375 142.5375 1
161.8259 241.0800 1
113.4533 103.0510 1
122.9222 161.2771 1
157.3222 6.8850 1
185.6531 146.1384 1
163.9336 246.2736 1
103.0879 185.5162 1
190.7097 161.7496 1
115.0099 151.2719 1
169.1830 87.2202 1
105.9733 49.6738 1
125.2137 28.3133 1
144.8896 250.3646 1
131.5896 223.6656 1
138.2218 11.1828 1
155.1198 203.1179 1
