192.2731 86.2126 0
195.5904 81.5677 0
203.6222 0.7557 0
230.7220 43.3985 0
239.1981 128.5201 0
233.6956 245.3264 0
243.7917 78.2740 0
230.8265 127.0544 0
215.2170 15.1018 0
187.1759 23.1678 0
206.7701 174.6527 0
174.0320 98.3048 0
244.8412 68.9251 0
191.8510 64.9201 0
196.5469 72.3107 0
214.3073 154.7130 0
191.9131 198.9153 0
244.2932 198.2523 0
231.6667 77.4962 0
235.2307 219.0884 0
248.9684 61.4719 0
200.1279 242.9633 0
207.4677 103.3392 0
205.8519 153.7233 0
200.6232 197.9807 0
197.3159 154.4479 0
239.6007 233.2053 0
204.8975 189.1920 0
249.4831 3.8991 0
197.8216 63.5005 0
227.0466 177.4795 0
169.6313 143.4463 0
177.7395 83.1126 0
220.9544 133.7333 0
223.3493 17.0952 0
210.7825 226.8111 0
247.1668 250.0836 0
212.6678 140.5431 0
216.0356 165.0251 0
230.5309 24.8639 0
176.5557 244.5689 0
195.0316 9.4856 0
219.6062 61.9787 0
189.9297 16.5386 0
240.0764 10.9573 0
192.6475 191.2429 0
217.4080 200.2180 0
236.2787 59.4753 0
215.8746 45.1791 0
191.6111 56.2278 0
203.9725 108.9828 0
207.6159 38.4898 0
182.5680 174.9001 0
182.4162 123.8531 0
211.5687 180.7957 0
182.7799 211.8715 0
243.6821 59.5037 0
165.2107 145.9978 0
237.1116 133.5317 0
233.8878 207.5357 0
219.2892 234.1198 0
212.0443 63.8067 0
227.9451 97.2692 0
197.2193 50.7701 0
248.3989 14.1450 0
226.6780 171.9520 0
249.4690 132.1792 0
195.5490 106.1759 0
183.0307 248.9618 0
213.4639 20.0909 0
180.2718 132.4588 0
196.2617 205.7770 0
220.5401 189.2131 0
246.2495 216.5578 0
215.6043 81.4464 0
236.1645 195.3740 0
165.7879 93.7055 0
223.4897 228.9281 0
216.1383 238.6426 0
229.9574 186.8831 0
197.0430 149.1670 0
227.8870 88.8620 0
228.7180 10.8663 0
175.2344 186.7121 0
238.2917 27.5196 0
211.1426 2.4350 0
226.5926 56.8132 0
246.1349 171.9829 0
185.5804 142.2108 0
212.0387 213.0118 0
226.7038 67.8456 0
203.2031 21.2947 0
182.7112 119.6873 0
228.0187 39.4653 0
234.8388 32.7488 0
237.6422 7.3989 0
214.0867 115.6143 0
249.6307 107.2169 0
204.6085 231.9730 0
194.0820 126.1819 0
211.4972 53.1343 0
224.6911 235.5989 0
208.3002 181.8412 0
165.8965 103.1585 0
186.8159 179.7257 0
207.5386 148.7995 0
211.6407 78.1933 0
217.2097 186.8470 0
214.9539 70.0214 0
242.6143 87.3924 0
235.8253 86.1035 0
218.1638 248.1515 0
218.0467 147.8828 0
243.7856 49.3045 0
248.5958 158.2267 0
215.5649 159.2230 0
219.4955 98.6436 0
214.1061 221.1528 0
212.9939 33.0575 0
234.2985 176.8852 0
219.0540 51.7545 0
233.0066 54.1811 0
243.6253 220.1723 0
244.7892 52.9964 0
209.6567 199.0689 0
240.3306 159.6318 0
177.9929 12.0022 0
247.5874 193.9357 0
232.7579 216.3659 0
172.8205 86.3139 0
243.6124 98.3438 0
226.9676 221.2083 0
242.6975 248.3674 0
217.4945 90.8735 0
193.3530 76.4335 0
248.6769 228.2684 0
189.4525 146.2745 0
245.2715 92.5237 0
191.8938 230.5701 0
233.6479 103.5529 0
215.4465 122.9636 0
227.9682 182.5899 0
188.0856 205.3820 0
222.1647 34.5721 0
227.4554 196.2881 0
183.5162 60.5338 0
238.4275 184.7855 0
235.6599 119.5101 0
194.7740 177.2346 0
219.3561 124.8374 0
205.8193 116.2483 0
220.8629 103.3983 0
188.6722 95.1113 0
190.9774 113.4942 0
187.0155 241.6933 0
208.7157 165.5923 0
203.1003 141.0412 0
189.4139 237.0985 0
198.8515 226.9040 0
228.8069 105.2655 0
183.6237 218.6859 0
235.5179 68.4899 0
184.5061 69.4655 0
232.7106 229.2134 0
176.2576 116.9473 0
178.4247 229.7720 0
244.5607 241.4478 0
233.8335 141.4957 0
171.9755 74.8187 0
228.4326 247.7657 0
237.3217 92.3321 0
184.5518 196.8570 0
224.2864 48.3767 0
206.0678 47.8774 0
238.2496 42.0447 0
235.4804 200.2455 0
182.2583 111.1942 0
212.8693 189.7023 0
196.1468 215.5143 0
186.2158 90.9946 0
218.0463 110.5001 0
239.5582 112.4091 0
220.1027 180.2140 0
178.1998 148.1271 0
226.7002 119.9909 0
179.4456 164.3758 0
206.9740 33.7389 0
197.2277 21.2913 0
177.9362 235.5806 0
197.9084 42.7218 0
219.4794 212.7421 0
241.7995 104.5206 0
203.5412 87.9130 0
177.5086 74.5127 0
219.7410 218.0540 0
216.3190 205.7035 0
176.4674 66.1373 0
226.1697 127.9991 0
225.4217 143.4608 0
200.3449 98.1309 0
185.0653 156.8541 0
241.6693 119.8383 0
197.7934 140.9138 0
175.0601 128.3068 0
242.9323 208.9364 0
226.1813 204.8328 0
221.1229 6.0156 0
208.1648 236.6118 0
224.3057 153.5291 0
247.0709 111.3997 0
196.1926 247.4007 0
182.9785 74.6818 0
225.2985 84.4430 0
175.9763 89.6878 0
210.9082 131.7354 0
201.6914 51.3876 0
201.1712 235.7314 0
230.7039 2.0283 0
216.1705 170.2878 0
200.1409 30.0562 0
188.9345 154.6407 0
245.1376 139.5002 0
193.0552 31.2471 0
236.5902 146.8986 0
197.8882 94.0707 0
190.9628 243.4451 0
249.7550 19.4058 0
243.3541 125.8313 0
165.9643 127.7216 0
178.7481 97.7243 0
239.8961 75.2446 0
177.6072 108.5598 0
191.8701 13.7304 0
213.0416 233.3457 0
242.8599 189.6669 0
200.1038 81.6656 0
236.2635 237.3756 0
204.7054 205.5112 0
204.2884 69.7410 0
210.4565 208.2367 0
192.5462 163.1924 0
246.7068 26.3645 0
204.6025 59.1498 0
246.3526 35.5500 0
237.6171 250.1235 0
184.5209 104.1092 0
188.3960 221.8493 0
178.5217 152.6335 0
183.0622 84.1798 0
228.2163 136.9892 0
219.3573 77.9835 0
200.1462 133.9560 0
227.3510 75.3253 0
225.5100 25.9564 0
232.4533 163.7613 0
171.2801 5.4299 0
168.0663 119.6191 0
243.2650 144.6954 0
206.0868 24.7750 0
215.0183 5.6534 0
236.1847 13.8832 0
209.7423 70.3195 0
210.3528 99.0328 0
183.3717 9.9387 0
224.0196 242.0126 0
200.5990 165.1141 0
250.7711 70.3892 0
239.9182 170.4673 0
195.3205 134.9928 0
250.3585 38.3612 0
208.6685 87.9519 0
247.4555 188.4902 0
225.5178 19.8970 0
205.0836 224.3153 0
191.5550 168.4920 0
244.6803 162.9353 0
224.1989 163.3266 0
226.7573 115.0059 0
201.4256 113.8917 0
187.8109 5.5579 0
201.1284 124.4311 0
200.7391 185.6176 0
208.8596 246.0166 0
245.0887 39.9146 0
205.3697 10.8385 0
223.3979 148.5917 0
101.0061 67.6103 1
172.3134 178.8932 1
136.6761 211.1269 1
160.9292 34.9463 1
133.4651 148.6056 1
110.8464 151.4895 1
147.4988 122.8304 1
108.4701 50.6436 1
146.4062 166.0650 1
129.5345 102.8372 1
146.5194 135.4788 1
105.3397 142.9043 1
107.4903 237.7042 1
160.3410 117.2422 1
143.0003 185.1219 1
114.7565 115.7504 1
162.2339 88.0389 1
162.1777 180.1684 1
157.5536 243.9708 1
160.1175 208.6933 1
101.9388 180.6621 1
143.8727 44.4470 1
153.9844 51.0725 1
116.9114 3.5086 1
127.5900 49.6843 1
114.2618 125.7327 1
165.5308 111.5593 1
104.4178 104.5318 1
156.0137 69.3685 1
143.0067 225.7549 1
135.4026 4.8114 1
167.7717 58.7520 1
162.0123 78.1098 1
142.5097 30.4702 1
112.3636 192.2843 1
126.3659 232.9194 1
100.2042 48.0110 1
157.1576 214.9158 1
169.6741 169.9530 1
131.3829 195.9896 1
138.9336 136.1043 1
132.5965 45.2192 1
138.5751 167.1409 1
145.3892 26.8391 1
143.3260 39.9537 1
132.5651 13.1887 1
125.1218 116.6928 1
174.3631 210.4581 1
122.1872 155.9985 1
107.5559 246.3714 1
164.0939 156.3657 1
153.0187 11.3281 1
147.3060 55.8534 1
124.5932 36.8373 1
147.0235 60.6752 1
153.1314 89.1225 1
122.9143 57.6530 1
145.3715 92.0604 1
102.1645 187.2396 1
137.2176 145.3092 1
133.2035 27.9606 1
142.6042 174.4396 1
142.2962 117.4450 1
129.6149 236.9364 1
149.4893 76.7224 1
106.2240 186.5773 1
162.5377 6.0125 1
156.9324 248.7719 1
179.3236 197.9439 1
117.0564 212.3789 1
137.3433 242.9685 1
143.0754 245.5483 1
155.2247 169.7850 1
105.6688 77.3055 1
110.9842 242.2389 1
178.3219 51.4889 1
112.5652 105.9578 1
161.5311 29.7355 1
145.3683 191.2367 1
157.8337 123.6705 1
116.0012 202.9349 1
125.4502 205.3912 1
174.4093 192.1013 1
162.5241 164.9383 1
171.1860 31.5346 1
141.3474 17.9360 1
157.8824 14.0972 1
115.6978 174.2732 1
109.4562 34.5289 1
154.3927 100.9406 1
181.9049 45.6419 1
165.1921 235.3535 1
112.2510 42.7531 1
160.1290 173.8015 1
100.1665 85.6802 1
135.1170 35.3863 1
158.6348 139.6029 1
175.4778 35.3566 1
159.0088 231.8858 1
136.4173 180.2900 1
150.4011 144.6295 1
133.5641 95.5135 1
145.1324 147.0969 1
118.4894 194.6579 1
150.3102 218.9387 1
149.7328 35.7531 1
149.2586 196.2219 1
114.5176 196.9322 1
102.5492 123.4908 1
110.4322 167.8748 1
160.0967 157.0648 1
111.8801 97.5089 1
113.7611 83.3442 1
181.1846 28.2715 1
121.3853 127.0147 1
172.9600 47.1775 1
151.8844 224.7394 1
164.0960 196.4661 1
130.6884 136.7145 1
153.8267 180.0616 1
151.9331 0.0570 1
126.7241 127.2009 1
110.9863 229.6048 1
190.0819 48.9688 1
120.5368 104.1437 1
164.5862 217.7743 1
137.3929 158.0270 1
133.9691 227.3123 1
160.0611 61.3048 1
172.7066 157.4420 1
117.3925 137.8975 1
103.7059 12.2576 1
168.2571 244.9161 1
148.8874 15.7789 1
138.4309 200.4249 1
152.0224 111.4170 1
154.9302 191.2986 1
156.2721 149.7289 1
145.1673 7.6110 1
133.4736 22.4071 1
109.1739 203.9328 1
168.5203 3.3513 1
104.9537 221.1773 1
119.7236 94.4445 1
103.8705 39.3378 1
155.9876 149.0116 1
134.9120 188.5571 1
133.9927 131.3368 1
128.8177 143.8764 1
108.6492 25.3782 1
127.7425 14.8096 1
163.1129 224.6431 1
167.9389 84.1976 1
121.0574 229.6103 1
139.9887 81.4462 1
106.1245 58.9127 1
130.3771 86.6857 1
175.4292 19.6123 1
171.3134 19.7886 1
188.6459 183.3880 1
108.6933 208.2710 1
138.4547 187.1451 1
146.0501 105.9351 1
117.8715 30.7857 1
152.2093 188.3848 1
150.0641 232.9407 1
174.4755 231.8302 1
135.2362 72.8093 1
124.6167 5.6038 1
118.5562 221.1572 1
138.8753 113.3949 1
161.1490 75.3064 1
166.1458 11.6291 1
114.6494 233.5846 1
179.2701 223.8451 1
127.1351 219.2960 1
114.7718 68.8216 1
110.6547 132.9677 1
163.7263 3.3983 1
102.7063 130.1751 1
140.8854 54.8705 1
152.9384 237.1407 1
150.7284 98.5478 1
125.3760 84.7771 1
102.7223 2.7704 1
166.7240 46.8823 1
107.1378 48.7368 1
127.6853 165.1885 1
116.7476 63.9480 1
157.2634 22.8958 1
126.4693 190.1514 1
113.0871 154.5060 1
133.5349 58.5644 1
163.9700 133.2690 1
113.6048 164.8573 1
143.4946 69.6462 1
125.2095 95.4135 1
155.3026 40.7296 1
135.8925 50.5129 1
122.2775 69.4168 1
143.3775 178.4213 1
140.1693 234.5616 1
121.1650 180.9792 1
123.1815 167.5181 1
130.6011 39.1409 1
104.0934 215.2104 1
136.7455 124.1679 1
151.9847 25.6106 1
116.7656 186.1552 1
153.9540 175.3940 1
127.9020 113.5845 1
160.4143 186.1680 1
150.4326 161.9088 1
122.7058 74.8081 1
135.9740 103.3317 1
146.8390 156.9833 1
128.6914 174.7788 1
131.9174 116.2059 1
124.5226 246.5794 1
121.4892 25.0240 1
173.0838 26.4239 1
155.3648 200.6818 1
119.2027 240.1427 1
122.1261 212.4011 1
116.9973 19.2830 1
