245.0510 35.0980 0
243.3524 205.3631 0
234.3765 80.6453 0
210.9376 186.2145 0
226.6061 185.4058 0
248.7634 93.7823 0
207.8899 17.4385 0
238.5578 55.9020 0
238.5220 178.2596 0
213.9622 248.9847 0
201.7262 208.1808 0
209.4717 116.1501 0
188.7407 230.5621 0
246.8352 224.0819 0
202.1643 138.3496 0
223.1841 49.3811 0
182.4744 88.3485 0
212.9193 26.2966 0
205.3085 129.3364 0
241.1076 146.7623 0
220.3479 103.7728 0
222.8332 129.1365 0
244.0737 238.6924 0
246.6440 67.5424 0
248.5498 177.1292 0
237.0582 68.9434 0
224.1360 40.4460 0
249.9648 239.9226 0
210.2941 9.2919 0
241.2399 87.5887 0
223.3157 116.7544 0
229.7976 147.7571 0
200.3670 156.5955 0
195.1188 245.5639 0
202.8500 119.9873 0
212.8140 243.2582 0
185.4816 241.6251 0
201.7711 85.5238 0
222.1120 239.5564 0
225.2905 207.2773 0
237.3596 129.7356 0
189.6547 101.3685 0
219.4833 91.1952 0
234.7975 161.0246 0
207.4305 164.2991 0
223.8781 248.6900 0
196.1574 178.6400 0
202.4017 234.3025 0
205.2903 21.6541 0
246.7775 146.1427 0
212.5090 122.5654 0
236.6544 91.0348 0
246.4827 18.5773 0
233.1696 60.5822 0
248.6691 125.6216 0
228.4648 9.4075 0
192.7658 162.0918 0
214.1257 98.1899 0
247.1289 9.6364 0
248.9287 163.2671 0
197.6695 43.5036 0
214.2690 88.8433 0
196.3486 73.1838 0
243.5202 27.5864 0
195.5555 237.5886 0
207.0188 82.2582 0
183.5237 100.5039 0
234.9847 201.1952 0
181.9019 214.8296 0
239.0959 104.5212 0
210.4952 108.1122 0
236.4064 214.3603 0
197.6342 148.0068 0
188.7325 28.2933 0
228.5587 68.8131 0
222.6675 112.7584 0
249.1138 15.8756 0
218.5846 223.3636 0
197.9152 80.4340 0
195.6850 127.5492 0
231.3633 205.6821 0
226.4549 171.6698 0
173.9893 202.1076 0
233.4633 9.9356 0
217.4054 174.9695 0
190.2304 92.4400 0
196.7800 132.3797 0
244.7193 169.6446 0
208.1366 35.7021 0
216.8653 125.3143 0
224.6880 213.4893 0
214.7503 84.2094 0
195.7467 22.9130 0
201.6226 1.7380 0
247.6717 117.1134 0
215.1437 234.6716 0
209.9611 4.0703 0
238.1046 21.4918 0
243.0013 247.7475 0
225.4781 150.2195 0
230.2768 233.9195 0
231.0105 228.9184 0
229.3284 56.3109 0
245.0776 73.5097 0
245.0762 215.9947 0
183.5333 17.7820 0
198.0723 49.2915 0
198.2201 168.0495 0
203.7895 70.9997 0
195.4818 228.6740 0
212.9011 14.7961 0
207.3193 94.7403 0
242.6451 109.8178 0
145.6158 220.0645 0
189.9972 212.5115 0
155.5803 220.3820 0
230.0192 158.9062 0
215.6355 39.3327 0
199.8995 94.7326 0
207.2635 47.1610 0
245.8468 97.2051 0
216.3029 33.4910 0
201.6378 111.8177 0
245.6363 134.6025 0
189.2807 136.1039 0
225.3739 26.3301 0
185.6455 22.8233 0
249.5153 27.8891 0
221.8054 184.6583 0
215.9648 142.8680 0
210.5165 177.2774 0
234.8033 140.8033 0
203.5672 51.2822 0
216.4723 54.3797 0
246.6605 42.7416 0
204.7856 156.0277 0
238.9596 137.3636 0
227.2281 76.6086 0
226.0479 197.6145 0
183.1622 109.5074 0
201.3140 186.2779 0
231.4087 25.6369 0
249.5601 52.0433 0
238.5016 76.8328 0
209.2238 156.7096 0
245.1384 129.6012 0
225.6825 59.6717 0
191.5718 112.2322 0
216.3145 70.1434 0
239.7344 168.0123 0
241.3514 41.9328 0
215.9736 200.3040 0
216.8777 151.8878 0
230.8260 174.3516 0
237.1404 222.9225 0
221.1124 166.0112 0
219.1211 210.2570 0
247.8569 83.6889 0
220.0400 16.5369 0
205.3905 190.1614 0
220.3621 6.1710 0
234.8225 96.1401 0
215.5571 183.3890 0
225.2875 17.8928 0
187.4171 221.5888 0
194.4715 102.7301 0
200.7336 229.2200 0
199.4219 177.2538 0
193.5409 30.8173 0
247.5707 108.5181 0
221.0852 145.2548 0
201.3678 104.7154 0
236.0882 41.2083 0
247.8973 248.4476 0
188.2475 8.1113 0
235.3987 236.0299 0
215.2079 165.1060 0
223.5821 33.8341 0
233.4517 21.7231 0
200.9683 10.2349 0
234.5493 181.3150 0
242.2616 159.8864 0
232.7071 210.9423 0
211.0451 206.4816 0
181.9982 198.8057 0
213.2581 112.1457 0
219.3567 192.1427 0
235.1879 114.4037 0
231.2794 242.9586 0
230.5037 167.4465 0
233.6740 49.6261 0
227.9197 220.1942 0
211.7860 61.7871 0
185.7374 0.6148 0
207.5234 227.8668 0
198.4172 214.5033 0
209.8575 77.8666 0
225.9629 97.1598 0
248.3468 211.3993 0
222.6949 88.9374 0
204.2679 35.2997 0
217.8815 24.8582 0
196.0037 61.5105 0
225.1972 179.9445 0
236.2125 0.2849 0
206.8904 169.5587 0
213.1743 195.3933 0
238.9472 196.1037 0
191.5113 71.2224 0
220.9125 78.8188 0
228.6633 249.3411 0
229.2170 42.4842 0
190.8126 118.5965 0
206.8264 60.7338 0
206.3571 247.7126 0
198.9470 34.6578 0
229.3566 102.6088 0
183.5361 204.3252 0
231.6168 187.9602 0
188.9837 237.0085 0
193.1077 154.9550 0
202.2117 28.2068 0
215.5593 43.7996 0
209.2166 212.2196 0
221.6373 231.2767 0
224.7087 134.4965 0
216.0027 216.1618 0
208.7806 147.4800 0
226.7305 85.0892 0
239.3748 206.2362 0
195.6664 91.6389 0
232.0936 117.5358 0
226.5169 140.1632 0
238.4062 122.9452 0
187.8197 169.6021 0
242.3947 58.2534 0
223.3951 68.9229 0
213.1352 229.6458 0
203.4631 243.9732 0
202.2052 224.5516 0
244.0269 190.6026 0
193.5274 16.5683 0
202.6460 62.4582 0
235.3229 35.1872 0
238.3258 150.9593 0
212.5336 135.7923 0
228.7190 125.3070 0
132.2177 239.7313 1
177.1990 41.0595 1
162.9760 82.9356 1
143.2887 70.0355 1
111.0585 115.4851 1
108.3542 6.5049 1
137.2144 203.3918 1
136.6437 133.5839 1
115.6951 45.4802 1
122.8624 104.0971 1
191.8867 181.3637 1
160.1460 95.4920 1
152.8921 212.4618 1
148.8025 40.8866 1
122.2078 54.2513 1
146.8937 229.1626 1
121.1237 21.9773 1
134.6770 150.2359 1
112.6072 153.3623 1
156.0540 178.6996 1
182.0800 131.3502 1
133.3264 94.9858 1
121.6920 32.2683 1
142.4660 57.3394 1
101.1611 200.2732 1
176.5052 123.8973 1
167.5952 114.0904 1
177.0055 183.2645 1
102.9471 154.9407 1
160.2891 188.5191 1
134.4322 226.4340 1
171.6611 10.1499 1
143.3009 174.0894 1
133.8592 137.5206 1
113.6671 103.9432 1
146.2623 65.0406 1
178.4312 70.1245 1
124.2810 113.2220 1
171.3092 1.2666 1
154.5071 197.1673 1
178.5609 177.9793 1
101.3497 87.7165 1
116.6484 192.2910 1
131.7882 212.7393 1
182.7606 152.3205 1
117.2186 29.6365 1
146.1753 18.3485 1
108.8260 246.0432 1
162.8644 19.2352 1
168.1054 50.7842 1
151.3175 54.2145 1
156.0137 71.7544 1
134.6829 51.3474 1
141.4215 35.8304 1
142.2845 151.4957 1
118.4929 168.2282 1
159.3287 132.9622 1
155.0337 229.7010 1
155.3768 88.4108 1
163.5248 146.4290 1
190.2484 196.9586 1
118.2546 139.3930 1
181.1741 248.4410 1
162.1564 111.8312 1
105.6751 54.3989 1
117.2769 62.5055 1
156.2354 30.5286 1
177.3519 102.6190 1
125.7491 182.8501 1
157.9902 239.4807 1
154.6070 118.8050 1
168.3807 59.5340 1
172.6665 114.1716 1
106.3345 129.1410 1
120.7720 217.6104 1
124.0402 169.4910 1
171.3627 35.9886 1
129.1568 159.6588 1
122.7476 225.9783 1
128.3943 9.5884 1
165.9510 26.6297 1
130.9531 164.1123 1
156.7232 164.1943 1
170.8520 65.8412 1
184.7022 54.7770 1
116.4948 249.4823 1
153.8692 174.2472 1
106.5166 47.2772 1
111.3233 240.1747 1
132.7147 25.1203 1
112.9182 93.0658 1
151.8279 152.6472 1
109.0795 138.0437 1
102.2410 102.9537 1
113.8144 206.0446 1
182.6702 160.7375 1
159.5448 64.4395 1
133.8323 111.3007 1
121.0820 92.4916 1
196.0146 204.4267 1
137.1589 141.9388 1
184.3441 144.1420 1
160.9427 6.0595 1
172.5383 166.7760 1
194.5868 188.5049 1
119.1927 203.0977 1
112.1849 123.9055 1
141.0951 232.4125 1
158.0384 98.7840 1
134.3093 2.4603 1
154.8498 75.8757 1
129.6833 220.9278 1
159.4912 45.1360 1
127.4745 61.0813 1
102.9484 208.3231 1
177.5454 80.3792 1
100.7379 238.9720 1
101.2987 149.3046 1
149.2379 7.0839 1
186.4794 182.4472 1
108.1374 173.0625 1
131.8768 103.1753 1
101.6075 230.8417 1
154.0518 57.4663 1
149.3196 79.0424 1
103.8384 182.4056 1
126.5911 77.6496 1
182.7210 187.1895 1
164.6640 176.3706 1
146.1414 93.3694 1
167.8677 86.5515 1
123.7875 69.3517 1
103.5992 26.3320 1
185.3387 60.9564 1
164.3877 168.0927 1
140.2892 165.6457 1
163.4134 248.9532 1
175.0815 244.7166 1
133.3304 49.5016 1
145.9648 117.4456 1
182.0555 219.7265 1
179.2342 24.9004 1
167.2780 18.9676 1
125.1079 86.8429 1
102.6949 62.6284 1
130.3618 179.9996 1
138.2555 186.7361 1
149.4778 197.0479 1
124.3374 197.3589 1
123.9818 191.1182 1
163.1420 227.2707 1
118.5501 119.0566 1
172.5027 135.3827 1
154.5088 62.5466 1
152.1701 184.9044 1
151.8829 83.6717 1
142.2711 135.7161 1
174.8803 191.3057 1
101.6109 7.0935 1
177.0293 235.8151 1
121.8799 237.8502 1
178.2018 53.2409 1
193.6165 138.6183 1
181.9260 45.2812 1
137.5558 211.3287 1
158.5912 203.8507 1
110.0828 232.9864 1
164.0294 209.7066 1
132.2601 31.1136 1
142.1048 157.3515 1
115.3659 72.4168 1
169.9988 210.0560 1
182.8924 122.4051 1
156.4821 136.2419 1
170.2372 232.6246 1
110.1159 186.2270 1
151.0361 244.2831 1
141.3010 88.6164 1
104.5617 119.4999 1
153.5154 18.0986 1
130.5150 185.6380 1
128.0110 247.5750 1
110.4041 65.0964 1
159.6240 12.4119 1
117.8001 84.0881 1
191.0323 53.5812 1
142.3920 126.7571 1
117.4615 162.5832 1
181.2440 76.4590 1
124.3538 43.1926 1
156.4947 150.6863 1
190.0713 41.1572 1
150.9843 26.9568 1
162.8854 195.9780 1
179.5548 138.3564 1
101.5640 143.6186 1
166.6367 99.7846 1
168.6652 122.7687 1
141.7797 141.0730 1
160.4824 106.5595 1
125.4132 149.1487 1
139.6712 120.0072 1
141.6857 44.2183 1
160.3738 212.6681 1
152.2981 139.9993 1
128.5224 125.1951 1
107.2126 162.5422 1
144.5302 202.3254 1
108.6844 78.1112 1
174.7866 159.9126 1
176.0007 23.6927 1
149.3486 209.8243 1
164.1078 35.4137 1
112.0522 146.5185 1
144.0312 103.1550 1
136.5443 195.5640 1
177.0796 228.6643 1
109.0036 12.6562 1
118.6936 198.3103 1
173.7308 101.7194 1
109.6088 226.5808 1
163.0261 123.4963 1
146.0731 241.1778 1
129.9815 119.6405 1
110.1038 36.3371 1
124.4897 127.5858 1
108.4936 83.6847 1
104.6308 107.1577 1
122.3534 13.8813 1
111.4228 165.6504 1
110.5622 19.9237 1
141.8899 22.9461 1
163.0512 51.5892 1
117.7212 52.2835 1
150.2769 106.6836 1
120.6507 8.4932 1
151.8653 125.2100 1
126.2203 91.2426 1
154.1096 2.0224 1
178.6671 173.1507 1
171.3679 184.3355 1
176.1336 92.7044 1
192.1660 150.2726 1
137.9896 191.2400 1
167.4953 72.4193 1
132.8120 39.6766 1
122.5882 242.9362 1
128.2819 200.2799 1
107.7969 23.9184 1
172.9031 42.1914 1
165.1126 154.9782 1
