228.2277 51.7886 0
228.5652 65.8299 0
206.3190 246.7061 0
240.6540 39.1286 0
243.0678 35.4770 0
219.8566 90.4645 0
182.9140 221.7290 0
210.1781 41.3471 0
238.0336 102.6969 0
232.2039 109.5831 0
209.9102 12.9856 0
193.6510 44.8104 0
231.0214 145.9285 0
197.3489 58.5156 0
239.7737 81.7758 0
182.5200 32.3665 0
213.2371 124.2374 0
198.1243 64.3774 0
238.3384 158.2148 0
196.2015 184.6248 0
236.8012 222.3056 0
207.2641 67.4007 0
229.5888 2.0967 0
228.5355 231.8217 0
203.6266 88.2766 0
212.3577 142.9251 0
193.7318 159.2412 0
236.7721 95.1085 0
184.4882 103.1803 0
202.8760 206.2231 0
227.3428 168.7431 0
240.5341 241.6339 0
187.5588 74.8288 0
180.4233 79.3281 0
190.1879 31.3693 0
248.3481 227.2265 0
222.4178 215.2885 0
244.5838 132.2066 0
198.7743 129.7929 0
205.5565 228.8731 0
182.3902 61.0487 0
240.6661 121.9084 0
182.5758 7.2983 0
238.0973 213.4982 0
217.4572 121.5678 0
240.1167 168.0035 0
236.0359 70.2429 0
228.6729 28.4251 0
193.1700 50.8543 0
186.5064 125.2464 0
206.8843 25.4689 0
219.2620 154.1927 0
184.3151 111.0799 0
196.0763 220.6265 0
171.0730 48.4296 0
201.8057 109.3542 0
227.5076 101.5609 0
213.0564 232.3313 0
226.5446 56.3753 0
217.5438 103.7650 0
201.7188 8.3597 0
248.2287 211.1292 0
246.0020 75.8121 0
239.1002 144.2996 0
218.3755 43.1481 0
214.7399 108.9425 0
200.1330 46.3635 0
214.0606 248.0947 0
175.2941 132.9515 0
191.2597 166.3561 0
218.6774 189.5274 0
220.5023 112.9385 0
236.6425 46.5303 0
216.7497 194.3022 0
222.9202 199.2949 0
206.5361 62.5182 0
199.9185 192.6874 0
203.8539 214.6047 0
249.5129 194.8160 0
188.4265 175.1617 0
246.1208 88.6000 0
247.2984 100.5212 0
196.5428 174.2625 0
199.3290 29.1295 0
248.2401 43.2277 0
185.5273 65.8762 0
218.0320 184.4838 0
245.7201 156.6709 0
201.4223 242.9892 0
194.0701 107.1821 0
232.8040 33.5368 0
245.1413 240.3796 0
190.0529 120.7923 0
196.0891 209.9891 0
185.5576 98.1274 0
229.4642 11.1842 0
243.1662 203.3200 0
217.3432 164.6472 0
201.1777 78.1081 0
248.9748 95.1939 0
169.4586 119.3042 0
248.8405 143.6288 0
194.6071 243.5446 0
230.7668 120.6319 0
229.8977 155.4065 0
232.9678 44.4371 0
227.4480 71.2487 0
217.8512 51.6891 0
210.7626 31.8795 0
235.2190 126.8013 0
245.6991 49.4408 0
231.3356 207.0588 0
224.0466 16.3097 0
238.4785 172.2852 0
205.9362 43.4099 0
241.7122 21.0613 0
229.6671 240.9079 0
226.5537 110.7914 0
216.7156 235.9158 0
179.3926 152.2632 0
192.0058 81.0614 0
245.5633 187.5881 0
248.5163 232.0772 0
192.7919 15.3587 0
245.9718 219.2458 0
177.8790 102.2895 0
229.5570 89.7491 0
226.8767 205.6246 0
235.8766 84.4013 0
226.1810 77.9388 0
226.0587 192.0810 0
201.8481 155.1727 0
208.4184 90.5230 0
223.2462 36.7004 0
222.6344 204.8712 0
174.8810 11.5699 0
233.4254 138.2386 0
185.2036 165.2975 0
199.9967 73.5560 0
239.1039 109.4042 0
212.3379 134.0091 0
176.5240 121.2279 0
213.1638 59.5143 0
218.8373 136.7871 0
225.1296 185.8988 0
205.2792 134.4935 0
169.6086 88.6260 0
225.0525 4.4523 0
214.1336 202.2356 0
245.8637 64.3736 0
237.8836 31.2133 0
201.9091 168.4301 0
183.3906 42.4497 0
242.2559 222.5884 0
209.4623 99.8181 0
189.0991 81.6579 0
239.9238 8.4698 0
224.9932 231.5360 0
247.4778 2.0153 0
209.4092 77.4167 0
201.0241 56.5625 0
214.7290 220.0950 0
222.8093 81.0874 0
208.6417 184.0997 0
247.4800 24.4387 0
202.6670 35.9696 0
234.0552 14.4182 0
196.3790 97.5386 0
221.6833 170.2140 0
215.6508 173.2830 0
232.5482 245.2521 0
184.4217 91.7613 0
203.3253 130.5031 0
234.2985 80.5381 0
240.5406 190.5312 0
177.6669 91.0186 0
207.1230 156.8497 0
234.5247 163.9973 0
247.9001 13.8993 0
206.8861 236.1198 0
222.7278 245.3232 0
248.8239 105.7623 0
184.8278 19.4116 0
206.8490 176.5925 0
241.6450 62.8988 0
177.1352 34.9087 0
185.3837 25.6736 0
232.4081 197.7932 0
239.8825 195.0815 0
238.9799 137.4925 0
214.6164 22.2793 0
226.7007 144.1228 0
246.6000 176.4714 0
213.5748 44.1811 0
191.8142 149.3456 0
215.1028 74.4442 0
175.7046 106.8935 0
185.9781 135.6261 0
200.5489 198.0521 0
202.1686 223.5201 0
211.3407 209.1105 0
213.1014 82.6556 0
179.0087 23.7247 0
189.9146 58.4946 0
220.9700 64.8283 0
193.4510 66.9057 0
200.0597 146.7969 0
196.9318 23.6966 0
209.1163 221.2090 0
218.5008 241.8488 0
225.5386 153.4312 0
190.1272 38.2987 0
205.3434 139.3656 0
227.6412 223.2146 0
196.2141 137.5475 0
199.7952 0.9403 0
219.3696 210.4622 0
219.5598 98.3041 0
184.7262 84.0633 0
199.0138 100.8286 0
241.3854 71.9711 0
194.4101 71.8701 0
208.2209 18.4801 0
212.7742 2.6647 0
193.3043 100.2183 0
240.6057 208.6013 0
234.6029 117.2663 0
216.9368 160.1007 0
216.4171 67.9546 0
209.3866 193.5066 0
204.1671 186.7065 0
246.9636 247.2990 0
205.5148 52.4972 0
244.3890 10.4370 0
210.8310 114.1358 0
236.7863 232.7756 0
204.1765 122.2911 0
191.7295 193.9564 0
214.3513 167.9775 0
242.5141 112.9573 0
184.4150 52.7764 0
250.5178 135.9693 0
227.5598 124.7075 0
246.1563 54.4535 0
181.3376 115.0025 0
234.2770 59.4609 0
236.2015 22.9247 0
246.6559 166.9005 0
244.4650 143.2135 0
124.1098 18.2728 0
178.5339 136.1062 0
249.1459 129.2540 0
223.0931 141.0530 0
226.8443 19.7554 0
205.1069 5.4667 0
221.6507 24.9824 0
197.2160 116.8362 0
232.1563 225.2883 0
198.5029 233.6072 0
215.1531 151.4930 0
238.4015 181.6364 0
205.5654 164.1681 0
225.8174 47.2083 0
242.3944 92.2016 0
214.5412 178.8625 0
199.6813 121.6930 0
179.2486 46.1406 0
224.8835 89.6378 0
196.4975 84.8665 0
190.2463 227.0594 0
207.7013 118.4626 0
230.5540 182.1367 0
241.4171 236.5207 0
218.3945 13.3626 0
242.6598 151.7489 0
134.1253 107.2876 1
112.2828 122.7369 1
135.0481 156.3530 1
172.8519 8.2547 1
106.6102 165.9937 1
118.0318 202.6431 1
169.7519 110.4421 1
140.2549 37.8250 1
101.1827 110.6351 1
102.2900 199.6332 1
132.9961 149.2753 1
161.8408 153.9062 1
161.0884 191.9373 1
116.6638 85.0743 1
123.9447 105.9550 1
116.6741 18.3107 1
147.6967 190.5658 1
114.2831 156.9416 1
155.9265 220.6699 1
170.6291 174.6647 1
136.3466 239.1014 1
144.2451 202.6848 1
175.9588 199.5167 1
117.2271 184.5160 1
146.5726 120.7651 1
130.0806 24.3961 1
164.8517 218.2691 1
113.0185 76.9773 1
122.1222 170.0357 1
104.3488 77.7158 1
177.1436 215.7015 1
160.0072 104.1767 1
170.1144 82.1445 1
163.0881 113.1142 1
166.3230 117.3511 1
102.8366 106.1671 1
129.8317 243.8683 1
107.2690 33.5027 1
105.1118 15.9329 1
119.5571 208.5977 1
145.0771 162.9234 1
155.4499 148.9921 1
131.3085 140.4980 1
119.3895 69.7575 1
154.8504 154.2685 1
117.5673 65.9888 1
100.3779 3.4094 1
143.3661 69.9478 1
127.8035 185.4195 1
170.0659 185.5949 1
115.4608 237.7762 1
176.3795 184.8830 1
152.6419 113.4581 1
131.3315 117.8908 1
143.2202 235.4363 1
151.3576 146.5630 1
112.0878 24.4932 1
121.4990 3.5833 1
176.8982 0.9331 1
165.4691 74.2425 1
164.9772 91.6627 1
120.5683 125.3691 1
107.8743 131.7211 1
116.3117 143.6841 1
134.7938 31.7642 1
170.9014 158.5363 1
113.9328 214.6800 1
139.5098 137.5132 1
117.4459 153.1795 1
162.1349 241.9009 1
119.1367 53.7011 1
135.6935 13.9078 1
133.9249 81.9338 1
101.1729 176.0144 1
149.0523 52.0485 1
170.7392 4.3364 1
153.3343 202.8147 1
145.0524 154.5585 1
159.4026 25.6025 1
171.6211 65.5239 1
153.9967 166.4420 1
125.7702 250.0285 1
114.6102 6.8891 1
115.7407 109.8035 1
135.7565 64.6671 1
112.3763 92.6602 1
109.8527 46.9870 1
131.9776 130.7504 1
149.1854 43.0162 1
162.4919 143.5287 1
183.1802 213.3469 1
102.2791 24.5703 1
107.2176 64.9016 1
137.3325 214.3995 1
152.6530 172.5987 1
121.4056 25.4707 1
151.3027 94.5285 1
147.5692 78.3966 1
158.0993 42.9244 1
184.6869 195.4214 1
120.2563 37.5443 1
126.5944 234.6453 1
123.9944 75.9484 1
150.6208 137.5866 1
103.2963 123.3076 1
123.6774 138.1920 1
161.0284 204.4139 1
144.2305 100.8021 1
133.9028 178.0264 1
166.9591 205.4944 1
180.1718 142.8147 1
130.7748 76.2151 1
107.4224 162.5319 1
162.9170 148.6445 1
183.4245 183.6036 1
125.7912 91.6949 1
180.4197 159.7963 1
118.0525 176.4812 1
150.1486 129.4451 1
106.7957 190.7566 1
118.0279 118.1023 1
158.5828 125.0942 1
147.6523 205.5590 1
104.7372 153.6069 1
148.8094 21.8695 1
131.0605 171.8542 1
145.8179 33.4832 1
156.1032 239.9599 1
144.3653 4.9116 1
151.7705 64.6920 1
156.8571 10.3763 1
143.0814 147.8315 1
105.4176 147.4655 1
133.6853 190.7021 1
128.1981 31.2664 1
140.4877 89.2100 1
126.3116 212.8409 1
122.3542 47.3537 1
182.7087 146.9319 1
128.2295 9.2928 1
170.8753 27.5096 1
105.2437 141.9790 1
179.5653 173.4396 1
157.1633 86.3753 1
114.3601 228.0218 1
192.6273 203.4065 1
163.9147 31.8675 1
178.9635 191.8747 1
137.4798 54.3053 1
156.7172 181.0158 1
110.4398 8.1538 1
158.9379 99.0913 1
169.3569 141.7713 1
177.0902 60.3744 1
116.5868 100.8993 1
118.0960 232.1219 1
138.6750 23.2019 1
152.6102 1.9679 1
112.1757 174.2880 1
125.4606 129.5252 1
105.2918 50.2750 1
105.9542 240.0707 1
126.7234 97.8044 1
134.2992 202.3821 1
142.0590 131.9939 1
152.6879 85.9954 1
162.3540 46.9437 1
170.7913 20.2027 1
127.1656 46.7014 1
181.8694 250.4467 1
115.2157 194.8841 1
108.1539 203.9635 1
157.9018 132.8118 1
136.1821 165.5649 1
160.5901 93.3729 1
139.9521 76.3747 1
177.0414 204.6489 1
158.6001 69.6935 1
174.3384 219.2372 1
105.2190 3.4014 1
120.1286 194.2211 1
135.5751 250.3971 1
152.2500 212.5160 1
191.2304 181.0434 1
156.0791 75.7182 1
145.0801 95.8564 1
168.1805 227.9867 1
133.2108 219.6573 1
119.4089 189.1313 1
137.9032 124.1576 1
106.9912 100.0597 1
168.2972 249.3868 1
169.6584 55.1099 1
105.5724 247.6580 1
188.2775 205.9432 1
166.4055 11.6096 1
151.2055 230.8638 1
143.6615 193.3626 1
157.2162 33.5416 1
168.1503 137.7459 1
159.8389 247.2947 1
162.2586 167.9967 1
104.3791 95.4139 1
117.0173 147.1290 1
105.0691 69.0172 1
112.1067 198.5689 1
172.3146 235.7441 1
100.3771 228.3605 1
165.5287 181.6616 1
102.2939 183.1295 1
126.5333 65.3814 1
127.1109 162.0950 1
158.7894 15.4673 1
175.7833 67.2934 1
117.2028 224.4645 1
172.5454 42.1477 1
136.1666 68.8823 1
155.0847 50.9194 1
165.0775 243.1701 1
141.1413 174.4985 1
133.3529 226.4323 1
112.3299 208.6734 1
109.8016 229.6158 1
179.6746 230.7738 1
139.9832 185.3960 1
110.1862 186.5871 1
140.1218 113.3761 1
167.3518 130.3783 1
161.5858 137.1856 1
105.3504 58.9372 1
176.7911 168.2688 1
104.5543 219.6342 1
144.1542 141.7548 1
147.1954 30.2142 1
143.2850 45.4631 1
194.1450 234.2914 1
146.6137 240.7965 1
101.4246 208.6568 1
144.0801 221.9758 1
120.2838 246.6281 1
163.5938 231.7110 1
116.7709 58.1147 1
184.0437 245.7190 1
101.8808 54.0136 1
