216.0400 70.9610 0
224.0952 72.1615 0
213.0973 12.9569 0
244.1073 26.2753 0
239.0975 97.0356 0
193.1138 203.2283 0
222.8159 52.8672 0
228.9203 115.0481 0
215.2904 250.3899 0
176.7083 52.3019 0
228.8575 145.0016 0
217.0484 79.0019 0
204.0511 52.4004 0
242.9471 111.6946 0
206.5692 75.7881 0
236.5567 134.1533 0
192.2122 187.3999 0
242.8436 203.5966 0
217.5419 83.7669 0
231.6028 234.1794 0
218.3678 241.9090 0
211.6360 87.5183 0
218.8321 127.9715 0
185.8609 177.8313 0
186.0678 149.1239 0
201.7073 195.8547 0
225.3777 152.3511 0
230.1963 222.9809 0
188.1773 73.3496 0
231.2753 170.2657 0
181.1429 84.6516 0
191.4471 77.8795 0
242.2007 232.1405 0
210.6911 234.4305 0
190.5293 116.5280 0
241.3908 171.6671 0
204.3283 215.0061 0
174.2339 58.8669 0
244.4044 4.2760 0
241.7245 35.3666 0
194.3687 32.8310 0
212.8655 214.7177 0
200.5472 126.8462 0
216.9356 163.9630 0
238.3723 27.8638 0
202.6723 32.7323 0
199.0356 112.9126 0
245.9861 13.1942 0
206.4850 28.9886 0
216.0783 148.8377 0
181.0647 125.1601 0
200.1395 208.3524 0
172.6278 94.8522 0
220.7373 109.1169 0
244.1610 193.8053 0
198.4117 231.6167 0
218.5556 48.4323 0
229.1853 106.4741 0
194.2541 21.2899 0
234.3863 224.0792 0
228.7611 67.0269 0
238.8770 147.9031 0
236.2334 119.7596 0
244.1899 43.9912 0
226.0859 96.0302 0
189.0349 49.2075 0
223.9501 248.5871 0
207.3022 133.0204 0
190.6082 152.2811 0
199.1974 187.4865 0
247.6979 89.2433 0
245.7603 214.2108 0
219.9104 36.1371 0
217.0012 182.3392 0
226.0181 194.9032 0
197.5868 85.3819 0
211.9089 195.2267 0
189.1136 234.8752 0
228.3266 182.8093 0
182.4699 180.4271 0
244.4408 57.1083 0
242.5389 244.8577 0
177.7902 184.1898 0
214.7245 34.7540 0
235.7605 43.8629 0
161.3867 92.3368 0
201.5328 171.7269 0
246.5325 30.6420 0
196.5536 13.9005 0
192.2595 107.7773 0
228.9671 35.4568 0
236.4081 232.6141 0
214.7453 99.4827 0
207.7852 208.6600 0
180.8003 115.7423 0
209.2213 16.7201 0
230.5008 192.5462 0
218.0594 141.1777 0
192.7328 92.1759 0
187.0050 137.0645 0
241.5264 137.9235 0
204.7896 18.2923 0
237.2167 161.1973 0
227.4893 47.5277 0
228.0779 56.6375 0
217.7069 51.6664 0
220.1820 11.2785 0
232.4531 137.4237 0
236.6226 187.3630 0
247.5197 150.1173 0
232.1373 51.1238 0
217.2079 208.4436 0
224.3069 26.4017 0
224.9359 168.4436 0
197.1821 57.2496 0
231.7314 24.1372 0
234.9867 218.8038 0
229.6149 166.5480 0
246.3850 163.1353 0
201.7621 248.9692 0
249.1499 209.6512 0
200.3678 141.3357 0
238.8658 79.5192 0
248.6674 191.2960 0
233.3488 60.1902 0
199.6176 47.8314 0
243.3565 218.8910 0
163.9731 108.9230 0
210.5296 188.9089 0
241.0610 84.1868 0
232.0131 83.8369 0
218.2633 172.6575 0
188.5487 165.3320 0
206.0650 41.4432 0
211.5621 204.9285 0
179.9732 71.2442 0
221.4655 188.3232 0
213.0563 116.9215 0
206.5365 153.2244 0
208.3060 92.0830 0
228.2039 132.6587 0
204.1752 102.1801 0
227.6482 81.0409 0
222.2309 121.6534 0
215.6925 157.6436 0
190.3466 128.2560 0
172.1147 110.8845 0
209.4167 244.6742 0
216.9777 223.0016 0
240.4820 65.6980 0
194.5207 169.8275 0
189.4106 59.7659 0
243.9301 227.5693 0
211.6500 108.5686 0
165.8348 107.0710 0
233.1660 250.4589 0
213.3496 3.9281 0
220.8666 234.8214 0
234.4990 113.9574 0
187.7082 81.7903 0
186.1632 6.2640 0
228.5579 87.8676 0
199.1384 182.1140 0
227.8302 12.6984 0
186.5593 38.0782 0
241.2151 15.7397 0
239.0161 192.3350 0
182.2003 108.5762 0
191.0630 166.2386 0
188.1477 173.9291 0
248.4463 236.9653 0
199.8908 103.2084 0
218.4724 118.2499 0
235.0548 92.6713 0
232.5780 180.3089 0
185.2024 127.7834 0
210.6063 145.0969 0
221.1969 154.6172 0
237.9045 17.4320 0
187.7547 13.7243 0
225.3995 214.9419 0
184.6552 63.1235 0
205.4992 159.4687 0
240.5918 60.4525 0
205.6321 65.9646 0
181.5196 53.9944 0
214.9423 199.3261 0
232.9718 201.1672 0
243.3826 123.6864 0
215.1742 25.0857 0
229.9414 123.3763 0
244.6266 157.4767 0
205.7488 60.6094 0
179.3992 168.5646 0
243.5936 103.2882 0
187.6996 141.8755 0
195.8607 134.7222 0
243.6848 209.9417 0
192.1663 192.9275 0
209.0073 221.9440 0
219.2680 200.2805 0
238.9362 104.8897 0
180.8275 44.6896 0
201.3875 80.8635 0
223.2919 62.7616 0
176.2686 98.9218 0
197.0921 156.3700 0
190.1754 41.4984 0
203.7379 200.8264 0
223.3671 228.8808 0
233.2888 158.3425 0
196.2130 42.6220 0
189.5827 156.2671 0
194.5883 4.9573 0
243.9818 146.3669 0
209.1923 123.9748 0
187.9982 19.7767 0
220.5967 214.5854 0
250.9160 93.2981 0
177.4897 106.5839 0
198.3998 94.9765 0
233.1649 69.9584 0
186.1790 99.2184 0
209.2683 9.8681 0
183.6634 10.9147 0
206.7872 87.0957 0
225.8151 208.1287 0
222.7719 160.2279 0
212.0782 66.2777 0
209.2672 178.6160 0
198.2376 146.8405 0
236.7537 241.8583 0
208.3335 56.2967 0
226.1167 237.7525 0
245.8233 119.7218 0
234.7651 209.3956 0
203.8656 119.2200 0
188.4225 205.8324 0
178.7251 160.6721 0
243.8902 182.6198 0
198.3030 72.7652 0
249.8612 37.6628 0
159.6618 100.9663 0
244.2648 49.1905 0
220.4178 17.8452 0
245.9295 135.7959 0
148.1132 243.3563 0
207.5986 114.9405 0
236.5122 128.2381 0
229.1546 28.1599 0
221.7873 7.2666 0
218.1153 43.9229 0
221.1554 88.3397 0
196.7344 246.3601 0
211.5588 229.8434 0
214.4769 133.5952 0
223.5226 177.5780 0
194.3900 149.0717 0
226.7912 42.0436 0
245.8437 172.3748 0
236.7985 3.6366 0
243.9079 74.3391 0
204.4074 180.4757 0
209.5345 140.1108 0
167.6455 98.9804 0
247.8726 98.2342 0
190.1905 95.2514 0
191.7011 247.4303 0
209.0956 100.2079 0
211.0155 165.7903 0
203.4487 239.6314 0
197.5301 23.8823 0
249.8158 128.3322 0
146.1236 78.2272 1
108.6386 66.2992 1
172.1397 149.1596 1
196.1351 223.3472 1
106.7995 172.1837 1
158.8414 123.6504 1
185.0452 28.2586 1
147.3683 163.8782 1
108.8513 4.3770 1
129.2344 24.0703 1
111.4831 166.5540 1
161.3724 160.2215 1
117.5109 213.2315 1
120.6844 38.3764 1
145.9821 89.5692 1
142.4481 167.0457 1
112.6088 59.8490 1
142.6326 221.5427 1
102.2732 209.3904 1
159.5296 214.0142 1
133.1225 196.6863 1
162.8674 245.1678 1
144.0125 68.9643 1
122.3138 109.8704 1
144.6361 12.5310 1
134.7787 60.1794 1
157.7778 205.8289 1
170.1802 51.9679 1
150.6808 226.8818 1
113.1036 229.5335 1
134.0729 87.7765 1
152.9094 60.1670 1
116.1597 90.1985 1
175.5027 140.1178 1
107.2998 111.7860 1
144.0953 60.2467 1
155.5414 200.4141 1
128.5835 171.7659 1
133.0435 158.7604 1
111.3590 52.4675 1
137.0260 33.0754 1
122.4643 34.0601 1
117.7949 12.0908 1
141.8685 42.2476 1
120.3690 3.9123 1
113.1511 79.2851 1
145.3767 233.9569 1
141.6243 177.6673 1
173.6322 216.5587 1
153.1220 147.3955 1
116.6058 156.6573 1
165.0201 138.7794 1
105.3044 28.9415 1
164.2664 223.1434 1
119.4341 171.9208 1
173.7431 120.0301 1
152.8545 39.4546 1
182.4750 19.5022 1
115.6045 107.2301 1
147.5519 85.6190 1
149.0138 48.6361 1
106.6185 218.5121 1
123.9666 160.0241 1
121.8328 128.8098 1
142.1269 136.6559 1
142.8410 33.6139 1
116.1595 192.7575 1
115.7571 21.4249 1
129.4471 140.3118 1
169.4499 213.1875 1
161.1801 88.5041 1
124.6268 184.5766 1
135.1969 51.5924 1
156.8504 16.5519 1
107.5131 17.9464 1
120.9115 188.9977 1
166.9418 207.2117 1
138.5127 26.6895 1
129.9536 94.6934 1
130.0902 248.4885 1
167.8376 174.3780 1
101.0396 10.5561 1
132.4526 15.1749 1
102.9744 76.3570 1
155.6265 81.4106 1
138.6645 144.6246 1
140.2094 11.1824 1
104.0008 244.2227 1
176.6605 9.9031 1
158.2213 160.7238 1
134.5829 6.3567 1
172.9666 3.5217 1
160.6305 31.8385 1
152.2382 240.9031 1
161.8226 166.0444 1
137.7233 20.8644 1
151.1711 69.9331 1
139.8056 128.3399 1
169.4412 87.6391 1
181.1017 216.8850 1
172.1515 33.1240 1
127.9961 239.8270 1
108.1648 85.5468 1
109.6686 129.4043 1
115.1157 145.6486 1
132.9707 76.6505 1
135.4928 208.1349 1
147.4624 184.6736 1
129.1308 104.4135 1
168.9454 157.1995 1
165.7959 126.0743 1
130.8574 49.0138 1
157.9184 173.5764 1
147.1514 198.8483 1
101.4669 189.5008 1
101.7157 236.2186 1
112.1921 188.8490 1
164.4022 144.6400 1
118.6063 176.4655 1
175.1724 24.5143 1
134.4337 167.7080 1
168.5928 75.5660 1
153.4953 215.7668 1
196.5958 215.2933 1
179.4197 143.5798 1
129.8474 219.2979 1
152.4499 165.5922 1
101.3396 36.5632 1
162.0920 64.1380 1
126.6368 67.4454 1
127.5704 196.0765 1
169.3491 187.6042 1
110.5752 29.0082 1
166.6880 31.0336 1
118.5612 69.1301 1
121.4715 217.0807 1
142.4970 158.5221 1
106.9687 201.9794 1
182.9953 209.5223 1
156.4183 45.7644 1
181.8648 192.4467 1
136.2968 73.2627 1
151.2137 124.3410 1
156.4671 115.0560 1
170.6404 68.2037 1
159.5982 132.9200 1
146.9006 219.7430 1
151.6185 236.2588 1
123.7148 96.2183 1
124.8317 200.8689 1
151.3264 140.4255 1
161.5043 82.9216 1
166.4959 43.3946 1
101.9122 121.2940 1
179.9509 243.0561 1
165.9727 16.3871 1
156.0440 227.5291 1
146.3306 114.1716 1
121.6378 209.9107 1
120.8223 73.9387 1
132.0743 37.6875 1
182.8344 226.8509 1
122.0794 52.1367 1
172.4233 204.3803 1
160.6774 178.6478 1
122.4392 17.1537 1
118.0374 121.4875 1
159.2983 197.8281 1
162.2853 189.6240 1
107.8505 98.1734 1
106.3367 99.0753 1
176.4656 234.6076 1
125.2452 79.1848 1
107.4096 248.3388 1
161.7926 19.3443 1
120.6776 5.6427 1
132.2344 109.6832 1
102.5723 59.7995 1
141.0561 247.9118 1
103.1140 139.1346 1
167.1579 63.0721 1
171.9378 12.0901 1
164.2807 226.6162 1
122.2189 225.9937 1
125.4459 58.9935 1
186.6874 195.8846 1
109.1266 241.8673 1
138.8716 238.3872 1
133.8436 131.1419 1
112.8510 10.3090 1
139.9654 95.5368 1
128.4697 120.4704 1
133.9704 41.8310 1
173.5766 195.4675 1
131.3144 181.3448 1
146.4322 53.0138 1
109.7182 219.5080 1
146.9250 212.4513 1
170.5612 246.0262 1
111.1361 137.8527 1
116.3739 181.7291 1
183.7696 245.7951 1
152.6561 104.1315 1
125.7293 233.2229 1
129.1159 72.2314 1
116.3064 47.2465 1
139.0579 182.9676 1
116.8761 204.2337 1
113.0621 239.6899 1
114.1056 249.0913 1
120.7024 117.1026 1
110.6507 38.6630 1
153.2141 206.0460 1
106.0359 178.3073 1
134.1541 229.2762 1
181.7868 158.8974 1
135.2563 103.3972 1
162.5390 40.5713 1
170.0974 180.6154 1
138.7009 116.5606 1
159.7781 26.2902 1
149.6582 96.1892 1
156.3192 7.7290 1
147.5251 5.2033 1
117.8792 195.5160 1
165.7389 238.5136 1
151.9313 23.7735 1
163.1075 7.8331 1
