249.4697 32.6946 0
221.8518 175.7645 0
228.7756 85.3497 0
212.5727 195.3332 0
236.8585 183.4486 0
206.8332 177.8124 0
249.2135 118.4796 0
217.2517 56.7186 0
239.7837 42.5826 0
200.9327 168.9025 0
224.2965 202.8584 0
213.0117 199.9272 0
205.7930 119.4666 0
238.3841 206.0731 0
249.6825 191.9579 0
172.4681 117.5986 0
239.7609 78.9845 0
187.3962 51.3846 0
244.9911 136.4585 0
179.1141 123.8627 0
207.0556 146.8039 0
238.7741 102.1507 0
178.6597 137.3478 0
218.6522 75.9411 0
234.0900 50.4799 0
217.8437 96.2164 0
240.4661 65.9268 0
217.6103 118.5502 0
193.3350 201.5866 0
219.6289 105.8904 0
198.2770 181.8016 0
222.5452 81.9368 0
221.3326 207.0035 0
237.3688 229.2709 0
227.2048 62.9247 0
230.1614 233.8011 0
192.3103 145.1271 0
194.7514 39.9008 0
234.9336 125.1652 0
224.5905 22.2965 0
202.1961 214.6263 0
199.7231 223.4322 0
199.0761 78.6885 0
248.3614 10.4194 0
180.8069 127.1163 0
212.0350 118.0770 0
244.5677 121.9459 0
235.9931 154.4092 0
219.3761 123.6542 0
247.8399 61.9443 0
238.5254 148.5960 0
233.1272 1.7559 0
245.7137 154.0773 0
207.9579 97.1314 0
189.7127 107.5770 0
233.7998 140.1060 0
220.7401 213.9971 0
205.5394 56.2194 0
173.1159 122.5605 0
241.9284 182.5033 0
210.7206 223.8765 0
217.4599 88.2323 0
206.9011 189.2936 0
184.7001 116.0355 0
245.9615 228.1107 0
203.5181 110.8612 0
243.6504 52.6286 0
200.9017 103.6083 0
192.8545 65.0435 0
168.1679 123.5324 0
202.5959 199.3999 0
188.0608 142.9105 0
232.3776 203.9979 0
200.9880 125.3959 0
174.0382 83.8274 0
212.3258 163.0157 0
236.4945 172.5079 0
225.0016 6.5481 0
230.0421 94.7546 0
209.7327 104.6231 0
181.2970 105.6746 0
231.2503 117.6309 0
185.1029 164.4901 0
209.9610 43.8981 0
240.4198 129.5552 0
244.9088 5.9222 0
238.1077 223.4744 0
239.5568 140.2115 0
232.1911 130.4097 0
220.7257 231.3928 0
226.9562 198.7945 0
191.8833 122.9986 0
231.1050 188.8042 0
236.6191 163.7301 0
225.7977 99.9448 0
211.7890 185.5321 0
228.7492 52.1049 0
230.6189 164.1198 0
208.5500 38.6605 0
224.6246 228.1145 0
216.0078 243.1491 0
207.7632 61.9087 0
200.9338 191.6833 0
235.5626 215.3091 0
219.7368 222.1300 0
248.9758 178.7676 0
224.1611 31.4701 0
209.5186 92.4475 0
197.5749 83.7092 0
238.7818 116.3703 0
243.9708 93.7702 0
217.0159 62.1105 0
217.5562 0.1584 0
186.5469 94.0458 0
193.3467 106.2831 0
219.7987 168.8275 0
208.5799 127.4616 0
233.8629 35.7749 0
243.4972 82.4974 0
238.5153 60.6862 0
247.4962 2.1965 0
218.8880 155.4617 0
194.0399 135.3612 0
226.5148 71.0144 0
192.9758 189.2231 0
202.6356 87.3863 0
201.7994 165.3134 0
249.1566 53.4192 0
238.6012 93.4423 0
243.8673 160.4901 0
187.7513 138.2673 0
228.2361 140.2907 0
238.6243 33.7301 0
220.7431 146.0370 0
196.4900 49.0795 0
226.5721 135.2739 0
219.2495 33.8332 0
226.3952 220.0721 0
212.3891 154.2381 0
208.0823 171.1288 0
216.2671 236.5866 0
213.6107 170.8471 0
247.3287 70.8639 0
243.8033 217.2299 0
189.0405 203.9600 0
237.4797 243.0685 0
228.6365 147.5281 0
242.1576 112.3240 0
185.6018 130.6396 0
195.8394 153.3721 0
200.8350 100.0758 0
230.0062 240.2492 0
249.1590 162.2863 0
170.8656 111.6995 0
209.2698 80.2445 0
216.9621 8.8222 0
226.0167 123.1312 0
236.3844 247.8729 0
247.7017 236.9881 0
197.9689 197.9943 0
231.7631 88.2253 0
227.8741 172.8452 0
226.5677 116.4760 0
243.3781 205.3145 0
211.3325 243.4669 0
189.4476 195.1337 0
231.5635 70.9914 0
214.5368 206.4162 0
221.5822 110.6512 0
246.6654 213.3624 0
216.1220 143.4792 0
202.1358 66.5611 0
226.3628 184.7136 0
217.5309 48.2783 0
191.4250 56.5258 0
234.4046 220.2500 0
200.6327 205.9803 0
226.4228 38.8253 0
230.0406 109.1329 0
242.1341 23.3549 0
241.9679 18.2682 0
194.6089 210.6812 0
205.1742 128.4250 0
243.9464 74.1309 0
196.4097 140.1656 0
248.9295 168.9928 0
229.6033 14.6579 0
212.2485 111.1641 0
231.4580 21.2228 0
208.2336 75.5465 0
226.0443 247.1078 0
234.8421 30.2584 0
233.4609 76.0199 0
211.4349 230.4646 0
248.9202 141.0285 0
222.8094 192.8604 0
246.0322 86.3005 0
208.2335 219.2851 0
194.0596 160.7999 0
237.7877 10.0973 0
223.3790 51.7966 0
216.4243 187.8576 0
238.8531 192.6672 0
206.6306 137.4868 0
195.3707 91.5103 0
196.7234 73.4687 0
244.9181 184.2843 0
209.2882 70.2654 0
246.6830 104.5204 0
218.8799 130.5779 0
210.5284 135.4067 0
204.2820 158.4128 0
245.3268 40.0071 0
216.3400 26.6723 0
202.9718 210.1294 0
216.1699 175.3675 0
226.7956 1.6055 0
201.8290 22.7125 0
193.7561 117.7304 0
223.8960 156.4327 0
196.4671 124.8830 0
219.2519 135.6416 0
116.1802 239.7792 1
188.1539 223.2885 1
137.6954 58.0569 1
112.4576 230.7151 1
142.1622 26.3739 1
123.8140 178.4287 1
110.6786 110.1334 1
150.9458 188.6437 1
176.0295 66.0862 1
146.8173 218.1055 1
157.9786 5.0755 1
118.5663 69.9497 1
137.2164 78.2378 1
135.0871 65.3428 1
143.1483 126.0617 1
105.9857 229.9573 1
141.2522 177.5202 1
137.8442 116.0403 1
121.2416 208.0766 1
104.9161 134.3190 1
130.8748 86.8409 1
111.8903 87.4459 1
193.9358 9.7551 1
103.7613 190.9328 1
147.1411 118.7490 1
128.3380 122.9084 1
142.1323 211.2609 1
138.0866 169.8955 1
182.1143 211.1403 1
161.4217 208.3463 1
183.3937 219.8320 1
115.8920 165.2903 1
136.7023 9.2122 1
147.3690 171.4129 1
137.6458 46.4672 1
199.6269 43.0223 1
146.7449 92.4304 1
121.5986 229.9831 1
170.4529 165.1866 1
115.1991 4.5477 1
144.4392 114.4796 1
120.3575 35.8367 1
133.1784 2.9337 1
142.7681 204.8232 1
133.7634 37.0693 1
103.7997 69.4629 1
164.3411 154.0738 1
154.6873 125.9729 1
109.9571 231.8541 1
157.0535 75.6818 1
145.2043 39.6443 1
122.3244 116.7469 1
136.5849 50.8452 1
113.3125 173.5060 1
165.4121 135.2037 1
130.4690 129.8713 1
149.9080 33.8847 1
134.5094 181.4287 1
149.5343 54.5607 1
126.2901 23.6435 1
138.8946 223.9155 1
100.2430 171.0153 1
180.2068 232.6623 1
108.6230 182.9677 1
144.0228 226.2411 1
151.9803 235.3000 1
166.5273 182.8478 1
187.9189 86.7077 1
114.8862 144.6087 1
116.5485 17.3682 1
157.3271 139.2326 1
166.7705 106.1176 1
157.7087 108.9229 1
110.2096 201.4432 1
174.5163 59.9765 1
153.1306 160.8320 1
167.3337 232.8427 1
121.7496 95.3236 1
125.9185 193.4417 1
175.1044 226.8873 1
163.3810 176.5735 1
138.0878 4.6199 1
196.0373 2.1076 1
116.4401 218.4080 1
175.7574 157.7905 1
166.2675 197.0067 1
169.8740 26.1450 1
187.8202 231.9729 1
106.6119 51.4607 1
170.5002 69.6475 1
155.1273 148.8801 1
208.9583 238.5350 1
100.0514 218.3350 1
145.4722 10.4436 1
153.6615 98.9332 1
124.3349 159.1826 1
163.5465 38.2523 1
161.1218 53.8410 1
182.3639 80.2581 1
163.9401 88.0931 1
173.3302 55.3118 1
120.4026 218.2995 1
158.7096 186.2910 1
122.0646 101.9435 1
150.9611 65.8314 1
149.4154 107.9444 1
158.7002 61.9733 1
181.6311 248.3684 1
115.2520 46.4573 1
143.9664 243.9889 1
150.8088 90.1150 1
148.1048 159.9180 1
158.0174 177.6772 1
166.6154 24.3047 1
114.7685 101.1734 1
170.8616 17.4274 1
165.6598 111.4150 1
176.1047 176.4996 1
120.9147 64.0009 1
126.3497 243.5811 1
105.4162 78.8681 1
138.0112 188.9710 1
125.3629 233.7567 1
144.8206 141.1642 1
164.8925 236.8732 1
112.8947 62.6364 1
162.7806 164.9974 1
157.8410 201.5456 1
105.0694 39.6857 1
122.6280 0.3277 1
130.2905 65.9482 1
159.9448 198.9362 1
131.7096 52.1019 1
177.9887 147.0307 1
165.1150 159.4342 1
175.5609 74.5091 1
155.4848 36.3348 1
199.5775 6.2196 1
163.8228 82.3312 1
189.9565 43.5593 1
184.0449 14.3204 1
186.6484 72.8980 1
181.5839 173.2539 1
115.8894 54.0822 1
149.8965 7.0923 1
143.1463 233.2419 1
101.6639 155.9655 1
103.8963 58.9836 1
165.6003 206.9025 1
151.3812 16.5963 1
156.9199 31.5729 1
134.2069 153.4577 1
196.3248 33.2430 1
131.1125 191.3369 1
170.1513 141.2327 1
105.9728 108.4452 1
154.9499 227.6171 1
148.1158 238.2735 1
181.4810 190.7248 1
181.4923 22.1853 1
124.0542 202.1951 1
113.0067 211.8858 1
122.7407 89.9344 1
165.4050 71.5760 1
109.5172 152.8696 1
181.5173 151.7509 1
101.2631 3.9646 1
160.5418 48.6551 1
201.5804 230.4914 1
115.3137 199.5003 1
166.9962 0.2499 1
157.3878 94.3768 1
132.3347 97.2578 1
100.3213 106.5674 1
218.7109 40.9111 1
172.3174 189.0874 1
126.1522 43.1943 1
173.6346 209.1524 1
178.6547 221.7457 1
165.0356 144.5647 1
124.0145 136.3477 1
101.9989 178.1779 1
120.5358 126.9518 1
106.4749 214.0521 1
140.9527 147.8233 1
147.3462 148.9764 1
189.7674 172.0837 1
136.1297 229.9409 1
124.6589 242.1190 1
170.6597 32.4701 1
138.7302 123.0666 1
179.2130 181.3226 1
179.7165 50.9950 1
187.4026 14.1109 1
144.3788 195.5418 1
145.0609 69.6066 1
180.2742 25.7719 1
151.4553 248.5380 1
159.4858 13.9260 1
185.9836 179.9241 1
101.9352 241.0869 1
133.2630 157.5341 1
176.6314 7.3485 1
106.4095 154.4221 1
130.8196 195.4491 1
106.2561 21.1335 1
167.2729 215.3300 1
116.4707 118.9005 1
145.1576 96.6887 1
152.1197 214.4745 1
159.8018 118.7444 1
137.2313 174.5827 1
106.8844 124.2823 1
137.8224 139.1087 1
155.0442 86.6894 1
167.0322 172.6949 1
163.7796 97.5573 1
175.2054 91.8882 1
192.4055 242.1057 1
191.4133 179.5528 1
215.5916 17.4663 1
143.0407 18.3989 1
169.5221 143.4888 1
128.6632 213.7608 1
100.3830 231.9384 1
180.2715 10.2745 1
130.3090 105.6517 1
127.3695 29.7003 1
105.1985 10.3058 1
125.1440 224.8145 1
135.4927 76.3351 1
172.2425 99.2311 1
195.7785 171.6767 1
134.7474 23.6576 1
114.8089 28.9163 1
182.2869 88.2822 1
190.0609 244.1278 1
148.2603 132.9552 1
187.0159 31.7262 1
110.8406 91.4434 1
211.0567 5.0249 1
123.5904 70.4695 1
144.2516 81.1500 1
102.8886 99.0816 1
139.2024 91.2512 1
183.9510 205.3590 1
178.0783 38.6806 1
197.8716 18.6350 1
164.1487 62.1484 1
100.2041 29.1193 1
111.8192 34.2665 1
187.5864 155.3148 1
123.3929 83.3673 1
158.6862 218.2438 1
156.4029 131.4168 1
103.1123 116.9199 1
102.1914 49.7661 1
117.3217 183.8561 1
174.3360 244.0137 1
153.7215 78.6877 1
157.9168 22.6374 1
192.4766 26.1580 1
119.3389 154.6736 1
179.3267 46.5395 1
169.0449 48.6630 1
134.3764 240.5888 1
124.0302 12.5914 1
170.7759 41.6983 1
168.8425 227.1565 1
