229.1740 73.5203 0
197.3681 17.3971 0
248.5021 75.5355 0
189.6172 133.3021 0
231.7386 188.2409 0
236.4353 34.7148 0
200.0320 180.6084 0
232.0120 141.1908 0
199.4292 68.7606 0
236.1753 103.4919 0
211.2538 64.5742 0
221.3861 112.5540 0
243.2378 190.4907 0
229.4471 152.1240 0
188.1335 218.6803 0
212.8991 54.4068 0
218.4765 168.2083 0
191.2090 53.5213 0
191.8009 156.1989 0
241.0376 3.9146 0
197.1830 197.5064 0
207.2256 195.6539 0
245.0640 144.8279 0
226.3249 35.0191 0
248.8715 225.3229 0
233.8664 60.3816 0
221.4797 122.1876 0
196.9884 77.1678 0
225.6381 4.7104 0
200.0454 115.9499 0
244.4287 136.1341 0
225.9211 192.7305 0
218.8346 66.5757 0
139.0027 229.5130 0
204.0929 171.9929 0
243.9350 98.6925 0
202.4880 243.7357 0
210.3053 40.8343 0
206.2154 137.9341 0
230.0838 28.2437 0
215.1811 129.2121 0
202.8112 95.4759 0
231.1643 223.9153 0
210.8261 20.3754 0
181.7113 23.7297 0
225.4555 245.5532 0
204.1653 210.5122 0
209.6665 107.6930 0
241.2259 175.7150 0
238.2321 241.2398 0
230.9956 119.0203 0
234.7412 49.0008 0
207.0108 15.5574 0
218.0572 118.9927 0
212.9450 77.6981 0
212.7946 176.8457 0
237.4469 22.1400 0
241.1391 160.7275 0
194.4378 46.2069 0
195.0404 170.9216 0
206.5388 185.4367 0
245.1709 48.5771 0
244.6960 245.2917 0
168.9496 189.2471 0
246.9784 56.7978 0
230.3860 66.0560 0
223.0172 23.0083 0
195.1686 55.7160 0
246.7838 230.2235 0
205.5510 107.1387 0
240.9274 222.1318 0
212.4683 222.6265 0
227.1227 164.7269 0
210.3755 151.2082 0
238.6569 30.1854 0
226.9374 147.6511 0
221.3092 130.3312 0
193.0846 246.7711 0
209.9761 120.6191 0
220.8312 214.6515 0
203.9072 167.7592 0
243.7478 58.4579 0
188.8562 213.9259 0
225.9744 135.5708 0
246.8048 200.8219 0
228.0612 175.0651 0
223.3829 234.6329 0
212.1201 33.6715 0
186.7274 190.8321 0
181.5240 126.3744 0
195.2282 189.4625 0
204.4634 39.0739 0
244.9414 26.6973 0
245.1137 103.4680 0
245.6430 110.4400 0
223.3568 175.1598 0
197.9952 3.4247 0
200.1602 159.9732 0
238.2228 98.5760 0
218.0108 45.7574 0
181.4589 12.2543 0
199.6358 9.8279 0
219.2214 82.2455 0
196.6054 225.9727 0
240.4353 66.3828 0
220.5011 36.7790 0
226.4220 20.4638 0
209.0288 115.7875 0
186.4939 75.0388 0
216.8027 15.1856 0
192.4628 86.9786 0
198.8942 125.0764 0
187.7125 4.4394 0
187.2420 110.4495 0
208.5787 84.7714 0
247.8210 3.2231 0
221.4102 238.9770 0
216.1261 58.7695 0
200.6318 145.8733 0
190.6393 182.7825 0
233.1680 56.1918 0
234.6190 217.4265 0
208.7009 218.6094 0
204.8595 180.7715 0
192.3757 104.3457 0
222.9528 159.3454 0
249.2660 170.1979 0
238.3649 231.6700 0
187.1189 115.5938 0
237.1301 148.3425 0
247.8936 13.7687 0
224.8996 42.2158 0
200.8325 151.6968 0
205.3839 145.9613 0
199.8911 26.1535 0
200.8970 60.7837 0
226.4595 86.3725 0
215.7358 181.3049 0
218.0279 229.1446 0
247.6027 215.3041 0
226.5776 94.6643 0
233.6483 41.2641 0
196.5241 93.5216 0
241.8995 88.8086 0
218.5213 156.2214 0
235.5096 18.6384 0
205.8164 123.8481 0
212.4615 208.2009 0
241.3313 80.7225 0
203.7634 132.9983 0
181.2212 55.2839 0
238.0005 11.4538 0
227.9797 118.0230 0
231.5899 85.2401 0
199.9939 109.9887 0
184.2283 121.0125 0
190.6081 144.7711 0
213.9914 169.2207 0
217.4332 102.6894 0
215.7198 194.2889 0
233.4344 0.7566 0
208.4812 223.2546 0
239.7068 168.0204 0
219.6989 11.1749 0
218.1006 78.1658 0
179.0452 3.0901 0
237.8213 208.7052 0
197.1049 33.7145 0
229.9229 111.3269 0
232.5124 241.8266 0
209.2377 11.3146 0
205.3412 89.2392 0
217.3421 199.1799 0
190.3816 177.4324 0
170.9152 192.6109 0
221.1004 187.3098 0
206.7122 53.1453 0
239.3742 125.4602 0
225.6667 228.7222 0
243.2475 180.6804 0
210.9885 100.7553 0
226.4969 14.6963 0
227.2759 100.0106 0
233.8189 69.6248 0
238.0872 180.8396 0
205.7595 75.5983 0
225.1806 198.6669 0
206.8627 32.1251 0
247.7099 123.7872 0
187.2848 13.1703 0
207.7034 203.4337 0
208.2829 243.4326 0
234.7174 137.2051 0
231.5586 205.6219 0
247.0587 131.8404 0
231.0212 46.3897 0
192.3145 204.8516 0
219.3847 106.5726 0
200.7504 213.2161 0
220.8733 93.1507 0
191.1544 161.5270 0
185.9728 19.3313 0
215.7591 3.3167 0
199.8979 207.5479 0
200.8427 52.4435 0
247.6663 23.5491 0
216.6954 148.1958 0
206.4600 3.2485 0
223.9468 55.1996 0
198.4997 142.0105 0
236.3354 171.6784 0
223.5321 73.4272 0
180.9636 181.9772 0
207.8083 62.5336 0
244.8813 218.8247 0
233.9730 212.7010 0
192.6462 95.6347 0
211.0287 138.7196 0
215.7404 93.7146 0
230.4359 156.8089 0
208.5923 155.8738 0
226.2618 240.6622 0
240.0882 50.3957 0
226.4751 207.5707 0
237.5617 108.9048 0
232.9901 195.4329 0
222.4783 143.6230 0
229.2219 126.8677 0
189.8689 208.4260 0
176.9054 23.6928 0
184.6255 64.7904 0
199.7382 192.4030 0
210.5897 236.0512 0
215.6996 219.2833 0
244.0588 154.4854 0
236.9113 115.3630 0
201.9939 21.9576 0
180.3429 189.2888 0
240.3797 37.6525 0
244.6020 40.3325 0
232.3579 233.3165 0
172.9270 185.5177 0
193.6132 121.2020 0
228.2435 106.5891 0
206.3796 232.7722 0
215.9116 245.4804 0
216.9495 206.5101 0
231.3311 10.8148 0
216.9122 31.5241 0
192.4085 63.7007 0
233.2855 90.0732 0
197.0213 175.5127 0
168.9874 226.2343 1
142.4165 18.6957 1
127.1101 54.8199 1
104.1614 140.9012 1
146.6179 34.3601 1
152.3011 177.5789 1
176.5021 145.8033 1
132.1115 230.1678 1
180.5672 210.1397 1
118.5636 67.0262 1
159.2450 143.6208 1
115.4604 210.3843 1
175.7176 52.1802 1
108.6376 245.9240 1
101.8442 61.7256 1
129.3111 63.5477 1
139.5943 2.9743 1
144.6564 45.7554 1
150.8278 24.5221 1
103.1588 2.1887 1
110.4060 30.6545 1
145.2313 108.4356 1
137.6870 64.1567 1
167.9556 50.1455 1
160.6925 210.5921 1
132.2603 97.4539 1
175.7271 87.6645 1
152.7298 95.2168 1
173.8416 159.8334 1
129.2518 205.7260 1
171.0734 232.9124 1
123.3562 164.3324 1
160.5835 222.0036 1
111.8286 109.3686 1
132.4974 189.5636 1
191.0802 39.2306 1
118.9894 126.7411 1
124.9389 199.8658 1
114.7170 185.0224 1
141.1049 151.3436 1
177.3655 76.7202 1
103.3952 102.1677 1
137.9602 246.8333 1
149.5757 212.5072 1
177.4866 101.9772 1
142.6235 52.8546 1
121.1475 54.6409 1
188.2943 230.9767 1
117.5040 137.4473 1
168.0199 33.3007 1
158.4684 31.6609 1
119.6527 106.1663 1
152.3078 233.0192 1
144.3268 176.1786 1
107.5056 12.1228 1
179.5394 124.0032 1
150.4745 192.1948 1
113.4301 229.0650 1
165.0247 150.1897 1
130.4270 20.3907 1
156.9612 107.5095 1
143.3712 223.3825 1
151.9290 148.6047 1
160.3199 152.3094 1
111.4249 159.5241 1
122.7571 10.0726 1
102.9157 168.2567 1
158.2566 156.6551 1
155.1906 86.7169 1
136.3309 84.1377 1
107.3555 175.7166 1
108.5328 87.0247 1
184.6947 96.3393 1
114.5014 13.9911 1
100.5544 149.8737 1
159.9457 244.4762 1
140.1712 74.5342 1
170.0048 94.3380 1
132.8289 239.3411 1
166.4520 83.0326 1
181.9102 240.5842 1
119.8563 228.9648 1
137.4422 192.9403 1
116.1551 177.5610 1
174.6341 48.5921 1
128.3929 224.4095 1
150.7188 130.4096 1
199.2563 234.8495 1
118.5075 18.6671 1
120.9758 248.2039 1
178.8184 69.1379 1
170.5129 61.4930 1
164.1483 205.2973 1
135.1461 101.6517 1
142.6832 209.0472 1
145.8658 143.4669 1
114.5360 71.6519 1
161.3059 97.5716 1
122.0266 42.7741 1
119.0733 98.3060 1
165.1636 109.5622 1
149.1190 225.5001 1
173.9207 217.4137 1
121.8279 223.0037 1
133.5134 71.3823 1
170.0335 206.1677 1
170.0819 21.9428 1
142.4967 33.3718 1
156.1495 240.8080 1
119.4268 149.3005 1
138.0057 91.0573 1
182.1158 155.7390 1
108.6676 44.5354 1
165.7918 121.6892 1
114.2445 47.8417 1
101.8054 79.1574 1
115.8632 236.6331 1
144.0821 81.1479 1
173.7940 137.9270 1
122.7986 160.0598 1
102.7719 15.9741 1
102.0713 43.3925 1
146.4511 160.9127 1
162.4624 56.4033 1
102.3547 155.0274 1
142.5848 166.6909 1
173.6052 113.0036 1
143.7016 183.7615 1
165.7406 1.3139 1
103.3410 86.9552 1
129.1177 6.0128 1
158.4736 197.5735 1
137.6891 210.4027 1
158.9606 190.0239 1
154.2604 36.5380 1
104.1403 228.9674 1
145.5641 195.3940 1
100.8582 66.7437 1
117.0409 38.3346 1
169.6050 28.2013 1
133.8587 187.5207 1
173.2201 207.2486 1
111.3922 119.0703 1
125.5347 66.6811 1
138.1961 11.6505 1
116.1184 117.6224 1
136.2571 43.6080 1
161.5375 41.2754 1
103.3335 180.0160 1
161.2624 3.7187 1
147.0435 89.0769 1
159.8555 121.2706 1
174.3410 149.7400 1
152.5394 107.2784 1
160.2294 174.0017 1
170.3902 126.8429 1
168.5027 214.3150 1
137.1051 197.5212 1
141.2878 124.5248 1
139.0967 56.8912 1
123.8212 144.5229 1
172.8972 167.9256 1
144.8260 96.6676 1
153.2617 174.8084 1
116.8809 193.7588 1
170.8420 133.6926 1
182.5330 132.6793 1
158.5930 226.0573 1
161.6381 24.1688 1
162.1858 185.7497 1
100.1905 221.2044 1
113.4558 201.2090 1
147.7199 121.4267 1
130.5918 103.4950 1
178.2527 34.5996 1
168.1740 73.8008 1
159.3623 73.3460 1
148.7247 75.3187 1
135.2552 159.4374 1
162.3269 135.0983 1
147.6731 243.8149 1
142.1930 65.9170 1
123.6553 190.4677 1
170.4111 37.5060 1
105.8612 203.1450 1
153.6139 66.5331 1
134.1223 165.4568 1
135.7585 217.0275 1
163.9628 18.5263 1
121.1541 90.6332 1
123.9004 80.8566 1
109.9089 97.8815 1
136.9256 139.3981 1
153.0032 186.2724 1
151.9709 58.3631 1
184.8812 84.0183 1
156.2608 47.1443 1
142.6021 117.5645 1
181.2474 165.8295 1
102.7542 110.9799 1
185.1970 200.6802 1
128.7629 188.5738 1
104.7489 55.4386 1
142.2874 22.5621 1
109.8810 205.8395 1
130.3239 46.6030 1
112.9021 166.8627 1
110.1622 81.1350 1
129.1891 153.1320 1
143.0623 232.4145 1
187.6728 35.3095 1
155.0500 123.7508 1
172.9161 245.7626 1
100.9578 162.6745 1
173.1238 118.2279 1
104.7775 119.1171 1
150.4669 13.2085 1
167.0754 87.2479 1
143.5526 40.8312 1
103.9106 211.5750 1
123.7126 29.6833 1
184.3269 47.6339 1
167.2678 14.3927 1
133.8217 129.4195 1
165.0519 95.6961 1
170.8450 2.6664 1
103.0436 243.4156 1
147.9251 204.2892 1
103.7886 128.2003 1
102.8602 233.3297 1
163.6125 235.5435 1
128.1460 94.7517 1
138.5771 175.4476 1
122.9432 169.6093 1
112.9928 20.9198 1
193.8016 136.3403 1
176.4132 203.2655 1
132.1150 12.6543 1
133.7935 120.2363 1
167.2346 180.5420 1
123.1574 119.2176 1
121.4006 114.8945 1
111.3675 132.1787 1
129.1590 37.3955 1
143.3462 158.4555 1
156.2380 5.7644 1
112.7897 220.3683 1
150.0582 2.0966 1
177.7548 225.2851 1
