233.3030 53.4943 0
231.1665 91.7958 0
181.7760 242.8927 0
239.4490 63.3706 0
247.6242 43.8022 0
242.6519 17.2951 0
200.8802 123.4045 0
172.9856 232.0067 0
171.8085 14.1839 0
196.9556 116.6850 0
189.4410 0.5430 0
187.3600 67.8364 0
226.3182 220.9001 0
182.7125 68.4636 0
204.3894 78.0884 0
198.9755 137.8994 0
217.8757 91.4901 0
228.1470 172.3782 0
178.8250 228.3616 0
247.3077 237.1303 0
230.3023 104.7904 0
196.0493 0.5544 0
220.0432 110.1547 0
211.4439 231.6496 0
181.4918 146.9180 0
247.0294 147.7391 0
193.6804 203.6365 0
207.7852 177.8987 0
202.6020 238.8408 0
229.0170 196.5538 0
241.3928 9.9872 0
246.2316 90.3463 0
242.5538 213.0166 0
197.5539 75.3001 0
186.6866 22.7973 0
236.5301 196.3712 0
250.0886 5.9250 0
209.3665 221.1691 0
205.1979 130.5431 0
246.8408 142.1240 0
250.1399 192.5221 0
246.5177 36.6045 0
204.6923 151.4017 0
203.3320 8.1328 0
130.6302 50.7236 0
218.2581 131.4057 0
249.6380 48.1714 0
180.2809 11.0769 0
207.1347 3.9836 0
198.8452 102.7536 0
235.0220 178.2130 0
238.6277 58.0445 0
224.0898 78.1409 0
198.4190 177.5099 0
234.2352 20.2438 0
184.2174 3.2478 0
193.7119 180.8315 0
181.8518 160.3204 0
190.2763 227.6977 0
239.0840 154.6320 0
178.8018 62.5744 0
174.3480 138.1991 0
210.3398 144.3361 0
187.6492 231.7007 0
232.4152 65.7953 0
201.3838 88.9195 0
236.0326 76.5621 0
243.5087 249.3093 0
232.4558 113.4975 0
227.3119 167.4607 0
208.2587 40.5133 0
217.1864 167.2807 0
216.7184 58.2046 0
193.6547 246.5682 0
218.3557 138.1954 0
209.8483 205.7917 0
214.8306 204.0753 0
210.7575 132.5620 0
248.3202 16.9144 0
210.2100 25.9885 0
244.1998 233.0508 0
225.2054 203.0745 0
190.6549 106.1800 0
187.7040 205.5586 0
191.0811 219.5763 0
199.3404 199.0387 0
238.2823 111.3993 0
241.4871 51.2271 0
246.0153 115.6325 0
176.9169 213.2327 0
217.4495 63.8020 0
241.0916 68.0985 0
184.0682 59.3272 0
219.6527 199.1190 0
240.8314 96.4103 0
232.8361 188.1755 0
177.1867 20.0250 0
180.3891 138.5083 0
213.9272 39.6044 0
238.6391 29.1089 0
201.0215 185.5900 0
172.6578 222.6982 0
206.5171 119.3367 0
182.0038 15.4366 0
236.2850 237.1084 0
219.6024 220.6629 0
240.1490 2.2818 0
178.0971 83.1981 0
192.0542 137.7625 0
229.1525 160.0165 0
162.0951 221.8007 0
247.3244 109.5494 0
239.4368 183.1786 0
212.7875 55.9769 0
235.5595 87.2655 0
230.6342 61.7396 0
191.0682 46.6089 0
230.6811 150.3307 0
234.4276 14.3466 0
202.2767 26.1383 0
243.1092 220.7781 0
197.6158 52.5428 0
216.0204 48.8811 0
195.8735 13.1148 0
244.5736 135.2981 0
176.7957 5.9030 0
192.7462 210.9697 0
186.4639 90.6279 0
242.9406 187.2000 0
195.7204 65.0234 0
224.5837 243.5010 0
191.2265 80.4501 0
187.5400 136.8770 0
220.8722 246.7712 0
201.9891 111.1943 0
199.2335 133.2673 0
228.5063 215.3452 0
224.3686 26.6471 0
204.6679 166.5182 0
179.7930 98.1046 0
202.9023 37.6064 0
204.7342 228.2529 0
189.9125 56.7577 0
236.9715 228.4811 0
222.3589 123.2316 0
229.7658 185.5865 0
203.1681 68.4643 0
242.0343 119.9067 0
221.8451 160.4791 0
208.1569 153.3898 0
211.7198 46.5057 0
225.2698 142.4106 0
217.3084 152.4733 0
238.5985 150.7837 0
231.3472 79.4009 0
186.9572 13.6460 0
223.5188 235.7609 0
223.5220 41.2457 0
242.3014 21.8626 0
167.6837 143.6808 0
175.1476 129.7639 0
220.5269 177.0620 0
216.9511 79.0026 0
229.0723 19.2622 0
222.4086 14.9086 0
229.4505 12.2380 0
224.8010 85.1923 0
224.3138 98.2559 0
198.9630 229.5364 0
209.2029 114.1106 0
188.7045 198.3948 0
248.1770 56.9412 0
178.5034 50.6254 0
218.2416 18.6438 0
210.0669 85.8779 0
236.0340 218.3623 0
219.4345 189.7278 0
199.4300 21.8197 0
196.6206 90.2130 0
213.6711 124.8078 0
195.3723 95.0984 0
194.6655 125.5796 0
231.7968 210.7825 0
231.8073 125.8916 0
232.4443 228.0272 0
197.5817 30.9217 0
230.5647 131.8879 0
186.4372 242.4474 0
216.4677 9.0369 0
236.5211 124.5298 0
166.5396 4.8785 0
207.1888 198.1281 0
183.0900 42.2411 0
211.4171 65.1089 0
232.4920 241.3314 0
222.6762 192.0547 0
203.4418 16.7121 0
235.0389 147.1652 0
215.8944 246.3299 0
209.9444 72.7165 0
189.9738 165.0407 0
186.3078 121.1561 0
199.0588 143.6592 0
184.9212 153.9651 0
214.2612 189.7478 0
195.8568 234.0511 0
196.9930 213.6101 0
249.1021 168.1422 0
249.7378 124.7511 0
224.8753 68.0066 0
170.4647 244.8246 0
194.1173 60.0174 0
213.2416 94.9803 0
233.9952 71.1075 0
234.4310 170.9518 0
199.0002 46.4161 0
203.2891 244.5956 0
202.3009 249.4891 0
234.7939 204.5620 0
241.4833 76.3887 0
242.6831 158.9086 0
169.1994 234.8949 0
189.7348 177.7504 0
165.1381 233.8583 0
230.1515 98.8134 0
201.8631 214.9830 0
210.2595 169.7487 0
218.0759 101.4271 0
195.1387 157.9177 0
243.8629 85.4365 0
179.9070 107.7634 0
195.1698 38.5599 0
166.9001 19.7940 0
187.2349 146.3399 0
226.5669 4.2402 0
220.5918 211.6409 0
223.4046 90.9118 0
216.4737 229.4154 0
196.0565 221.0853 0
238.7213 42.0489 0
202.4468 60.2585 0
245.7393 30.4754 0
226.0715 107.8903 0
235.9477 249.9990 0
213.6419 182.8883 0
211.3846 216.5869 0
206.4252 172.9721 0
237.9285 143.3041 0
244.5812 98.6303 0
206.1707 83.5299 0
220.7663 117.3176 0
249.1169 67.5120 0
197.5619 173.0793 0
228.7594 37.8470 0
208.1004 49.8518 0
246.8082 204.3029 0
245.0890 178.4088 0
114.8580 138.7697 0
190.4320 170.4693 0
228.3006 138.3299 0
243.2091 127.1715 0
192.4182 23.6904 0
247.6138 154.3099 0
191.1671 19.8738 0
222.3720 31.4873 0
224.3167 117.8716 0
213.1011 13.1065 0
178.8461 247.3998 0
232.4512 181.2288 0
242.4109 106.6488 0
214.9376 239.6760 0
195.4279 193.6774 0
223.0959 54.2465 0
232.5568 31.9776 0
215.0663 111.3875 0
202.8166 189.3662 0
201.3833 162.4649 0
186.4016 86.0357 0
207.6696 100.6618 0
185.1394 129.4456 0
181.4886 219.8082 0
215.9466 161.0110 0
226.8909 227.9707 0
232.0446 4.7758 0
188.8649 31.7768 0
219.6436 146.8315 0
141.7924 97.0251 1
138.8499 78.8129 1
170.1998 72.1402 1
138.4155 157.2805 1
108.8231 139.1223 1
109.4271 6.4647 1
105.9778 232.3469 1
169.7159 167.8878 1
152.5934 229.4027 1
120.3608 155.4373 1
134.2887 101.5002 1
172.1153 172.5064 1
121.8483 68.4559 1
100.1456 58.1394 1
116.5627 242.7513 1
132.0558 136.5401 1
114.7606 121.3142 1
122.0941 214.9882 1
146.9122 184.6647 1
161.4294 150.2473 1
141.6396 192.0984 1
161.8477 33.9379 1
145.3484 116.7779 1
166.1377 188.3922 1
125.2914 26.6396 1
117.1488 176.3282 1
162.8948 94.9003 1
146.8992 207.6342 1
139.6732 104.6563 1
143.4660 122.5064 1
109.7567 147.2949 1
156.7601 124.1005 1
100.2588 173.8889 1
119.5067 2.4020 1
129.4088 237.3009 1
123.5128 142.7286 1
147.4146 150.5188 1
127.7161 120.9971 1
125.2058 227.9204 1
131.2388 184.2020 1
128.6450 109.8912 1
159.4454 101.1194 1
157.2161 239.0321 1
128.5932 4.2151 1
104.5856 175.9602 1
154.5323 97.5032 1
127.6234 210.0574 1
146.3140 217.6064 1
121.8581 87.6711 1
113.7951 93.8909 1
142.4641 45.1908 1
154.4720 39.1709 1
120.2675 234.4709 1
113.1112 166.2874 1
141.4380 40.4010 1
163.3273 109.6575 1
101.1441 73.3215 1
116.0973 156.4942 1
143.8283 174.0435 1
171.0380 155.4521 1
151.6545 249.1284 1
156.6411 140.6798 1
136.8696 10.7926 1
122.0091 113.3575 1
175.2032 116.4533 1
147.7468 8.0772 1
143.9735 15.7181 1
159.0790 18.4497 1
127.0280 60.4730 1
105.1916 104.8670 1
115.8042 112.6147 1
104.3820 82.6660 1
101.0347 11.0541 1
142.1920 63.4757 1
102.8661 114.2627 1
108.9232 95.9871 1
100.4814 140.4408 1
131.2791 247.4898 1
150.8080 129.1429 1
148.9242 201.0089 1
110.8065 41.6236 1
149.2317 50.9298 1
184.4220 187.6733 1
181.9846 172.6709 1
102.2673 52.7607 1
171.0247 132.6330 1
134.6112 65.2619 1
161.1259 42.5975 1
147.4838 22.8093 1
117.8956 58.1717 1
152.5758 57.8459 1
137.6166 178.2965 1
174.9618 180.8903 1
130.8724 149.0248 1
110.8745 54.1190 1
169.6989 176.3118 1
120.9070 168.7331 1
182.8726 114.1921 1
118.0155 105.3319 1
135.3009 198.0033 1
156.4758 183.6679 1
120.3092 161.5038 1
109.1890 172.0021 1
139.9594 145.0223 1
162.0830 133.6887 1
103.4117 164.6536 1
173.0751 107.7466 1
109.8316 112.2504 1
120.4591 62.4910 1
146.2852 138.6781 1
114.9434 75.9090 1
100.3637 36.0485 1
160.4469 46.8499 1
145.7440 65.8932 1
152.6336 88.5033 1
162.6825 76.9747 1
168.3219 204.7144 1
120.6284 35.4831 1
106.2745 124.1066 1
115.0766 19.8291 1
161.1017 127.7239 1
148.0265 80.4564 1
154.3604 197.0919 1
163.9387 243.2196 1
157.1021 66.2872 1
153.6176 157.9145 1
173.5952 43.0027 1
141.1229 150.1773 1
111.6117 65.9731 1
140.0348 184.7310 1
105.6971 28.9758 1
119.2285 128.4852 1
107.7363 185.2220 1
167.8105 192.8910 1
147.3783 104.4655 1
133.4883 32.2485 1
163.6935 57.5830 1
127.1979 19.8319 1
134.0473 170.1532 1
135.8514 39.1843 1
178.3795 88.9492 1
167.7484 211.5137 1
122.4135 168.2022 1
107.1454 71.6326 1
174.1573 33.1886 1
118.4250 147.0452 1
102.3786 228.6915 1
129.7955 14.2735 1
166.0881 198.4904 1
119.9104 121.2977 1
155.9493 168.7440 1
129.2204 188.8347 1
179.1134 72.3456 1
128.8199 31.7275 1
141.5935 243.8249 1
145.6491 74.0390 1
137.6870 234.8211 1
115.2324 223.3664 1
178.8729 197.9981 1
119.7986 185.9751 1
147.6920 163.6738 1
152.3762 176.1305 1
145.3020 93.5807 1
119.0996 190.0853 1
113.0341 228.6671 1
131.9499 206.5942 1
107.9295 202.6369 1
128.8119 70.7186 1
142.5843 223.7455 1
110.6702 84.4414 1
108.5155 212.2288 1
117.0666 199.5129 1
134.7067 23.0270 1
107.3808 242.1906 1
128.3595 219.1533 1
159.4470 204.2241 1
125.7079 200.7601 1
174.0555 27.9442 1
168.0289 120.8622 1
150.7648 233.6000 1
147.7785 189.7816 1
117.9438 44.3594 1
156.4162 26.7500 1
114.8724 30.6811 1
169.1957 49.8017 1
125.0754 43.7019 1
133.0430 48.9872 1
180.8173 124.5022 1
153.2298 105.7261 1
136.5182 133.4849 1
156.5041 114.8263 1
155.4276 3.4475 1
101.0931 155.2666 1
160.8678 177.5833 1
157.2705 83.3699 1
167.2192 67.9760 1
166.8999 79.1677 1
167.7670 63.5650 1
127.3950 102.4374 1
127.2776 81.5359 1
154.8681 212.2876 1
104.3157 194.9469 1
108.9662 151.8578 1
173.1270 215.8774 1
121.5098 241.5361 1
142.6036 200.8343 1
136.0226 70.7927 1
160.1762 171.1729 1
187.0838 77.8708 1
113.8284 33.0764 1
130.9913 153.3571 1
171.8601 101.0474 1
133.4609 89.9481 1
143.7612 31.8736 1
143.4353 234.6685 1
109.1829 193.2014 1
124.7147 10.8359 1
109.1801 237.5623 1
157.3555 227.8944 1
100.5038 242.5539 1
