240.1267 78.9866 0
187.0298 22.6630 0
247.9688 105.7060 0
170.7352 133.7517 0
231.2777 193.9036 0
236.3329 65.1905 0
211.2689 173.3017 0
233.2149 159.6135 0
185.1497 71.0061 0
222.8487 123.3442 0
240.1253 230.9323 0
203.0608 60.0052 0
207.4364 108.6707 0
238.9063 193.5341 0
232.8761 167.8552 0
208.7251 249.0919 0
229.2476 69.7480 0
203.8161 164.9790 0
184.2702 57.9753 0
180.6101 157.8898 0
232.0160 23.9471 0
211.4311 207.1988 0
249.5425 180.6227 0
226.7306 206.8227 0
241.1817 153.7990 0
250.8641 199.0257 0
234.9689 55.9137 0
248.9983 84.0522 0
199.4802 129.7166 0
191.0414 66.8342 0
227.0182 12.7649 0
191.1221 126.2870 0
234.9106 147.3521 0
228.9124 224.8763 0
242.8864 87.0755 0
121.1691 239.4722 0
197.7287 183.3528 0
243.8038 124.2494 0
209.0954 4.3341 0
212.9295 63.0089 0
192.8903 144.8108 0
234.5867 46.6818 0
222.2511 137.9899 0
248.4046 63.3640 0
212.8457 107.4754 0
220.3464 248.7858 0
208.0481 39.9188 0
247.5443 227.3193 0
167.6206 21.7755 0
226.0459 4.3326 0
213.2093 225.2685 0
248.8219 243.6177 0
193.9428 90.4745 0
245.6754 211.2534 0
227.3596 191.0560 0
242.9201 2.8519 0
227.3302 132.0085 0
199.5462 29.8735 0
205.0005 130.8933 0
213.5306 77.9337 0
207.5333 176.5317 0
235.0560 37.3548 0
248.0558 171.5741 0
178.8735 51.4850 0
205.7410 185.8699 0
207.1410 194.7732 0
249.7344 72.4244 0
247.0241 250.8627 0
239.8791 20.3992 0
188.2089 203.1776 0
231.2673 95.9602 0
217.8858 49.0483 0
212.4995 52.9715 0
169.5277 120.1420 0
235.9267 232.3746 0
211.9465 218.5177 0
248.8325 8.0820 0
232.7843 176.7760 0
209.7949 155.5466 0
245.5955 46.2217 0
227.0982 152.2764 0
230.4112 148.2772 0
206.5365 17.7346 0
191.8192 133.7744 0
249.5787 125.1819 0
213.0548 243.1304 0
198.9801 166.4328 0
193.3520 239.5651 0
214.9333 129.0855 0
238.9164 198.1304 0
223.2517 174.2443 0
203.7490 247.1189 0
219.4837 59.9549 0
209.0028 212.1872 0
178.0628 131.0612 0
202.0885 196.4891 0
242.6888 99.9715 0
196.6319 53.8886 0
240.2717 41.2946 0
241.3413 112.0745 0
233.8401 132.3654 0
224.9967 166.7315 0
199.2160 6.9314 0
193.5875 172.0655 0
237.2777 103.4214 0
222.8748 70.5717 0
177.3934 19.2918 0
250.9279 34.3481 0
180.8315 27.2955 0
209.8303 93.2092 0
195.5284 15.5750 0
250.1163 97.9369 0
224.7601 60.7768 0
228.2407 40.0534 0
186.8320 118.9742 0
186.9947 75.4964 0
213.3336 34.4952 0
201.7091 90.8425 0
175.3508 140.3583 0
190.8787 38.8100 0
191.6739 104.7358 0
208.9930 98.1310 0
244.6105 18.0212 0
218.2898 4.3410 0
209.3489 68.5111 0
198.7310 155.6216 0
245.7112 146.5618 0
202.1306 174.2410 0
229.6783 81.7900 0
230.5013 239.1929 0
200.3776 228.7774 0
238.9833 11.4091 0
218.2320 186.7141 0
198.1400 112.8556 0
221.5666 160.1933 0
243.5930 185.4200 0
235.6858 223.1166 0
186.0322 100.2030 0
247.2891 164.5258 0
241.2659 26.6380 0
236.3513 71.8557 0
189.6855 164.1409 0
250.1906 23.6958 0
194.4117 137.5430 0
191.9250 51.7309 0
184.4926 62.3812 0
230.8075 103.1049 0
216.2614 198.9392 0
172.8180 215.7901 0
241.7249 226.6410 0
228.0233 110.2762 0
243.3455 70.5573 0
195.2648 80.1573 0
228.5181 99.8230 0
213.9607 147.9335 0
250.5621 115.6422 0
243.7334 116.7028 0
225.2822 45.3145 0
185.8602 127.6680 0
207.9433 226.3006 0
240.7390 95.5123 0
206.0316 147.8974 0
182.1454 44.5549 0
227.4286 29.0040 0
179.0547 122.5925 0
235.5562 86.8255 0
189.1623 92.4927 0
200.3748 108.4072 0
184.7134 145.6088 0
216.4047 168.9003 0
197.0556 97.1096 0
219.2742 209.9025 0
221.6569 12.5214 0
184.8888 236.0813 0
225.5043 179.9232 0
222.8152 31.7995 0
222.3161 93.3415 0
173.4197 30.2106 0
240.0036 208.5563 0
186.2457 31.6005 0
194.7260 117.4304 0
238.6790 244.4950 0
249.0661 218.4801 0
208.5233 26.0181 0
202.7213 87.0031 0
231.6852 206.7804 0
187.6762 195.6573 0
192.3251 184.3945 0
221.0576 198.5874 0
217.4305 71.2318 0
231.4361 120.0959 0
228.9890 251.0417 0
240.5525 188.6121 0
220.8419 110.8643 0
220.6329 41.6593 0
219.9584 120.6764 0
220.4448 85.3432 0
219.3167 181.9806 0
207.7258 84.9640 0
230.7389 231.1042 0
211.5373 43.9175 0
246.1540 141.3480 0
246.0232 189.0347 0
200.9955 34.4615 0
222.7211 227.8326 0
215.7015 19.3888 0
217.1775 151.4337 0
229.6532 213.8115 0
245.7380 155.5785 0
231.7191 60.8972 0
197.6648 209.7076 0
204.0481 120.6565 0
205.0463 220.6169 0
220.5444 102.0554 0
182.5120 172.0395 0
186.9687 50.7654 0
205.7058 31.7319 0
200.1877 217.0889 0
199.9631 63.7080 0
235.1360 28.5566 0
213.3385 142.7565 0
240.9757 131.1004 0
197.4213 20.6924 0
225.3180 76.7238 0
202.6952 140.0652 0
233.5422 184.2480 0
215.8994 86.4402 0
199.3331 187.8152 0
193.0594 62.0967 0
242.6569 235.7760 0
238.7387 218.3572 0
176.7587 116.5615 0
211.0699 125.5928 0
244.6590 59.9668 0
211.7315 117.5423 0
240.2743 169.9970 0
191.6430 155.8998 0
240.2410 240.0346 0
249.1829 92.8887 0
227.4796 243.9391 0
227.7655 124.2088 0
231.4566 199.1828 0
211.2913 159.9613 0
235.9148 139.6894 0
192.5861 228.8269 0
194.4885 42.6969 0
189.2872 82.4583 0
215.6552 191.3564 0
217.0461 250.7837 0
213.2298 234.9213 0
227.8660 143.1931 0
206.5454 52.9964 0
198.2603 205.3484 0
242.1246 54.5908 0
234.3866 5.6700 0
185.8747 178.0388 0
183.4819 140.1747 0
208.5808 134.6440 0
203.6819 237.4521 0
217.6083 9.3518 0
223.2185 237.0950 0
222.2220 26.4748 0
228.4285 48.9710 0
199.4623 73.0663 0
228.0239 114.7802 0
196.2881 197.0722 0
162.7209 1.0213 1
159.6955 54.9968 1
132.4426 68.8834 1
125.6836 143.5842 1
155.3787 30.6446 1
172.8803 154.2822 1
150.3582 145.4809 1
127.2413 199.0367 1
154.6158 229.4012 1
120.4684 174.6869 1
129.3363 66.4228 1
162.8628 163.1672 1
157.6119 69.4723 1
109.7803 243.7251 1
113.9604 80.1994 1
103.2453 108.2008 1
137.0613 234.6745 1
119.0312 26.9924 1
139.0524 17.5732 1
128.3703 55.4556 1
101.4382 55.3632 1
137.6465 94.6066 1
106.4676 53.5525 1
152.0379 28.8092 1
175.2380 238.3389 1
158.0691 140.1578 1
170.4939 72.3222 1
162.6043 114.2260 1
186.4192 185.3376 1
117.3786 186.0705 1
109.1247 180.1707 1
148.7455 203.1828 1
113.9277 212.4387 1
166.5827 52.2190 1
134.4388 123.8805 1
137.9553 99.7145 1
176.5872 183.0894 1
143.9481 118.8391 1
160.6105 85.5628 1
109.7063 206.5350 1
160.1253 192.0176 1
170.1111 84.7920 1
115.5075 229.0126 1
167.3952 37.4982 1
166.6226 236.2274 1
143.1964 41.3438 1
159.8530 23.7334 1
110.8084 118.3782 1
160.4286 18.5588 1
126.8727 154.6335 1
168.3544 110.8564 1
143.4056 182.0839 1
147.6707 231.0293 1
152.0495 187.9835 1
152.7884 108.5138 1
175.1638 207.1451 1
137.2507 177.4734 1
139.6257 109.6506 1
100.2563 0.3076 1
137.9904 155.4328 1
142.9215 188.2941 1
134.5611 41.5856 1
121.1634 84.1727 1
102.1938 197.3038 1
111.9460 90.1626 1
181.7438 86.6882 1
114.8868 144.3646 1
130.8392 17.4462 1
108.7262 142.4791 1
169.8341 0.4221 1
151.6484 57.6245 1
163.1445 73.1953 1
122.4593 6.7509 1
185.2463 111.1043 1
181.5108 0.1124 1
158.2545 217.3085 1
172.1487 194.4073 1
121.5098 163.1802 1
143.3958 100.6188 1
120.6971 208.5325 1
144.8168 154.1934 1
189.5276 22.1956 1
100.8109 92.9601 1
129.3883 7.6013 1
120.3857 232.3343 1
167.5806 65.7751 1
179.9523 67.3992 1
166.2518 209.3198 1
157.0988 130.5648 1
133.4746 227.6262 1
142.1884 120.3525 1
128.4216 114.0188 1
172.5392 102.9891 1
109.0804 44.9121 1
148.1580 135.9747 1
158.5343 200.6158 1
182.6903 223.9767 1
141.1194 227.5534 1
129.4137 65.0504 1
173.8327 175.1614 1
169.0610 12.4225 1
119.8988 49.6006 1
165.7689 231.5170 1
152.8394 49.7615 1
153.8069 162.1888 1
104.3958 96.4822 1
145.1992 144.9326 1
105.8945 64.8246 1
113.1005 234.9605 1
154.6346 77.1153 1
146.8220 168.3285 1
103.5788 224.4612 1
107.7304 236.1209 1
148.7927 125.9649 1
140.6185 91.3093 1
109.1424 189.1798 1
131.4674 132.1379 1
134.0416 167.1535 1
126.8754 184.8141 1
171.3414 7.6229 1
114.3658 2.0080 1
140.7066 196.8268 1
163.5597 171.4888 1
125.8083 237.8131 1
167.8800 215.1057 1
118.7176 112.9331 1
145.2582 74.7202 1
168.3006 182.0392 1
162.9696 213.6578 1
105.4675 133.4593 1
157.1764 239.0940 1
131.7109 76.7160 1
152.3316 64.4279 1
155.5949 92.1458 1
150.4036 214.7089 1
175.4161 231.5992 1
164.6138 93.2148 1
149.9742 116.6976 1
100.1118 206.3028 1
102.0818 174.9952 1
172.3200 162.7323 1
128.6082 84.3487 1
180.2101 198.5111 1
159.0405 173.3595 1
137.3608 201.6352 1
131.2191 211.4933 1
147.8728 95.2960 1
126.3616 43.9366 1
120.2139 37.8493 1
136.2231 133.3507 1
139.7296 54.6216 1
122.3172 131.7451 1
133.8391 146.7181 1
150.7013 177.0165 1
154.9153 168.9495 1
181.9849 243.8286 1
150.6700 19.1348 1
175.9658 166.8143 1
145.3722 245.9571 1
104.1240 154.2873 1
107.2726 168.4877 1
108.9708 101.3778 1
105.1217 68.6341 1
173.0983 43.7988 1
177.0877 84.7577 1
142.1369 67.8189 1
112.4413 55.4677 1
124.7050 75.9913 1
145.4218 149.2440 1
124.8246 219.1676 1
105.7425 25.8919 1
116.5898 200.0737 1
165.6268 29.5350 1
102.0313 230.0373 1
124.8263 12.3168 1
123.6545 178.4507 1
122.1818 98.3786 1
147.3066 174.6181 1
151.8584 8.5187 1
111.0344 62.4475 1
108.6054 105.9930 1
107.9376 83.0780 1
121.5773 118.6017 1
140.5791 161.2493 1
131.0724 46.2299 1
173.3184 92.6643 1
141.8839 16.0345 1
164.7525 127.2663 1
172.0433 202.7303 1
107.6848 196.3463 1
138.2840 220.1385 1
113.6700 195.0428 1
153.3177 40.2117 1
132.9874 34.8411 1
162.6913 194.4110 1
110.3280 160.7921 1
135.8302 116.3412 1
119.4334 151.7517 1
132.2053 243.1718 1
163.9806 78.5968 1
143.8677 105.0020 1
170.1142 243.6553 1
162.2008 143.6592 1
126.1098 126.9700 1
124.0174 248.0219 1
146.9551 89.7893 1
132.6932 2.6516 1
133.4926 192.5537 1
100.7238 18.0727 1
161.0619 46.0699 1
154.5918 251.6237 1
115.2944 126.8752 1
155.8257 125.0412 1
177.6830 9.4476 1
148.3542 239.9931 1
106.2106 214.6645 1
147.6924 195.0117 1
185.8215 211.0203 1
141.1264 82.0704 1
136.5194 215.8828 1
132.5713 162.0792 1
147.1330 21.6902 1
157.8479 155.5978 1
169.5611 223.3544 1
164.4028 245.5389 1
162.8287 140.9687 1
140.8322 136.3136 1
101.3785 124.6171 1
117.8628 76.6543 1
121.8760 89.5175 1
111.0413 138.4681 1
149.0820 10.4933 1
109.7030 22.1892 1
131.3652 30.5021 1
159.5647 12.2277 1
191.7128 1.3371 1
