231.6373 75.8232 0
242.3958 204.4023 0
232.5962 99.3890 0
214.1606 234.1725 0
231.5708 219.5857 0
243.9098 129.7051 0
194.4286 75.1111 0
241.9477 84.0884 0
219.5276 210.3365 0
238.3148 235.7776 0
243.8570 55.8393 0
211.1004 230.4182 0
231.6222 152.1539 0
232.5306 7.8025 0
202.7735 148.2920 0
229.6925 91.5312 0
191.5332 107.8539 0
242.6029 181.0828 0
206.3061 137.6382 0
221.5675 176.1819 0
240.3186 123.8100 0
207.9836 157.2064 0
238.6129 79.1462 0
250.0307 212.8951 0
222.5008 108.1091 0
234.0558 86.8180 0
242.0058 106.1682 0
228.8199 113.1310 0
232.4780 165.5710 0
189.6530 223.1484 0
226.2196 130.7994 0
194.5349 220.1004 0
207.2631 130.0843 0
238.9291 8.0374 0
236.7218 15.4456 0
207.9772 98.3375 0
251.0920 1.5893 0
219.3187 223.5184 0
214.3981 189.1774 0
200.5318 115.2251 0
240.7105 171.1438 0
208.6432 72.4804 0
192.9358 209.6330 0
205.1433 228.3553 0
208.2503 106.7254 0
219.1487 34.4260 0
246.6545 142.1908 0
203.3512 156.0266 0
248.6287 94.9261 0
235.6152 147.6424 0
248.1612 153.9047 0
237.0460 69.0265 0
235.8172 141.1436 0
221.4420 184.9458 0
211.8544 117.1666 0
249.3239 187.9609 0
209.9806 33.5383 0
194.7298 107.3449 0
181.8530 98.1763 0
247.3378 33.7160 0
239.1264 162.3234 0
212.9416 245.9137 0
212.9054 76.9051 0
179.0167 137.6927 0
246.2568 206.1247 0
188.9845 227.5111 0
212.5009 122.3698 0
236.5037 227.6686 0
197.0156 146.2774 0
196.3219 33.0408 0
224.2827 146.3857 0
221.2211 93.8350 0
214.1053 142.4607 0
189.7579 100.0151 0
207.6670 165.3528 0
225.1346 229.0767 0
187.3395 190.6099 0
249.5840 6.1027 0
207.2384 199.5267 0
184.5707 133.7263 0
214.9888 179.6499 0
249.8350 192.7965 0
213.8127 20.4822 0
242.5560 115.1829 0
220.1402 142.2142 0
190.2276 146.2004 0
236.1609 156.9959 0
214.6842 206.6761 0
199.0092 103.9972 0
205.9042 37.0850 0
228.8232 15.9701 0
204.1129 28.8774 0
236.2550 1.1800 0
230.0594 175.0965 0
241.1439 230.9114 0
236.0777 103.9243 0
234.8181 199.8002 0
246.2367 238.4897 0
239.3679 50.2166 0
211.5788 89.2686 0
216.4601 193.9966 0
214.0032 82.8555 0
207.9527 20.2366 0
210.3248 44.6093 0
186.8290 116.5915 0
207.6563 217.4055 0
204.1761 246.9266 0
213.1701 12.7719 0
234.3902 193.0576 0
226.6186 62.9680 0
218.1744 125.7857 0
250.0839 180.3705 0
226.0240 53.1395 0
239.3271 63.8399 0
193.5800 136.5947 0
233.0345 130.2036 0
198.9224 125.7273 0
249.3703 27.6177 0
210.5800 67.9163 0
190.6779 161.6415 0
202.4959 134.8757 0
215.6146 199.4376 0
204.5633 179.1989 0
221.6439 55.8953 0
236.3162 93.8767 0
222.6371 83.7124 0
238.4594 34.0625 0
229.5266 190.2628 0
201.0522 182.6439 0
220.4032 104.8918 0
202.7504 215.3882 0
187.4781 125.6400 0
221.7706 205.5121 0
247.5306 102.1895 0
193.2196 178.3873 0
243.8427 162.4643 0
229.5603 70.5200 0
209.9245 171.8281 0
204.7502 117.8363 0
231.1153 211.0819 0
227.4575 79.0639 0
221.9327 4.3242 0
198.6943 190.8937 0
219.4526 215.6024 0
212.8477 6.5153 0
236.3115 209.3104 0
219.4045 99.4596 0
247.3945 19.2229 0
213.9648 224.6893 0
226.6463 26.0875 0
250.2162 133.5522 0
240.5990 190.8195 0
212.5614 162.6005 0
194.0905 196.6228 0
191.2886 140.7410 0
249.5982 15.4941 0
212.7053 251.1150 0
231.2354 47.5503 0
200.3902 170.9027 0
212.4107 135.2194 0
239.7014 42.3159 0
192.0696 22.5282 0
237.8768 183.7988 0
229.1457 36.0288 0
234.6750 22.2231 0
207.6556 239.3895 0
249.6222 118.8480 0
240.6378 216.5220 0
234.1126 179.1114 0
236.6073 241.8664 0
218.6081 22.1791 0
198.4502 211.7318 0
225.2267 121.0118 0
229.1005 237.2605 0
239.4150 137.9889 0
235.0838 204.5812 0
201.0052 92.0868 0
241.5923 73.9640 0
215.5552 101.0740 0
221.2892 10.2727 0
228.7283 21.9099 0
201.7480 0.8283 0
240.5630 91.9387 0
233.4602 122.3293 0
223.8978 36.4459 0
247.4517 60.7185 0
223.2018 46.4888 0
199.3309 232.1969 0
188.1424 176.5654 0
244.2135 93.9140 0
184.1050 182.3582 0
210.3613 59.5947 0
225.7711 136.2961 0
221.5812 71.4330 0
192.2504 128.0504 0
215.3876 48.2265 0
249.1864 71.9547 0
249.3402 10.6917 0
229.9051 56.9601 0
231.7160 108.8799 0
194.9604 240.2273 0
244.9299 224.3764 0
234.2321 247.7436 0
202.0996 193.9864 0
223.4113 40.3553 0
194.6587 86.8250 0
203.7684 202.6792 0
249.8871 226.5466 0
207.6530 148.9116 0
245.9726 0.3270 0
180.3714 147.0864 0
192.2560 114.0052 0
195.7291 122.0614 0
244.4682 146.1653 0
216.0754 155.0102 0
222.1878 159.1924 0
209.8743 187.5177 0
238.1238 55.4496 0
192.7114 94.3962 0
220.0541 239.1419 0
221.0787 247.5692 0
243.5913 247.3194 0
202.3649 54.2294 0
217.2536 61.7489 0
227.4412 167.4589 0
244.1452 41.1986 0
224.9550 197.0616 0
194.9288 151.7856 0
246.7429 173.3593 0
215.3658 168.0947 0
181.2952 247.4256 1
154.2571 52.9090 1
146.3639 76.5569 1
106.0753 131.2750 1
127.3835 122.5461 1
113.4387 228.9430 1
142.7274 90.5201 1
171.4766 164.4522 1
124.7583 25.9513 1
128.5992 36.7033 1
152.1458 45.0447 1
100.8327 16.2714 1
132.6163 11.1866 1
135.3902 92.0866 1
180.8311 232.2830 1
137.0277 218.2545 1
140.4676 156.2204 1
133.6745 191.4044 1
142.2323 113.4593 1
173.1043 109.9997 1
186.7437 75.8915 1
142.6722 23.4500 1
104.8173 139.9246 1
117.8269 136.3654 1
182.5165 211.9200 1
113.9586 185.6160 1
152.7263 161.9682 1
128.4697 197.8355 1
154.1980 230.4582 1
114.6445 155.7429 1
154.8872 189.1150 1
162.8574 162.6056 1
119.9575 147.7013 1
103.6081 23.0985 1
178.8764 65.7237 1
157.1140 72.3120 1
125.8441 158.0411 1
146.5172 204.2003 1
172.2404 142.0503 1
157.6161 61.4324 1
130.3600 250.6124 1
117.5237 204.6549 1
160.4438 224.2125 1
116.8635 37.5835 1
160.2405 173.4595 1
170.7336 56.5277 1
107.1459 10.5006 1
176.6148 101.7367 1
119.9530 13.7070 1
104.4639 50.9077 1
138.3177 41.6672 1
123.4107 51.4986 1
131.2695 66.9263 1
148.7941 123.5040 1
162.0029 140.8385 1
150.0997 137.1093 1
124.7697 3.5747 1
109.8579 98.8811 1
133.9645 187.8856 1
139.4185 30.1428 1
109.1775 184.3730 1
159.9070 216.0101 1
182.8221 166.7281 1
171.6493 218.8380 1
113.7043 178.6456 1
177.4545 167.4041 1
201.5285 64.5676 1
181.7713 158.3464 1
126.1166 7.5290 1
119.2695 126.7557 1
152.4864 75.0806 1
170.0477 45.5331 1
142.6076 245.5538 1
158.4178 135.3401 1
192.8967 66.5752 1
127.8191 44.8249 1
145.0900 188.2625 1
141.6951 67.6446 1
176.1937 157.6610 1
103.1850 46.2887 1
183.3377 26.4611 1
112.6118 210.0394 1
187.4411 153.0027 1
159.1132 182.5668 1
178.4808 27.7178 1
180.2532 50.1365 1
107.2382 72.0882 1
111.8135 19.5662 1
171.1599 131.9457 1
156.2223 203.5599 1
101.3444 199.6441 1
177.8060 13.0092 1
158.7907 149.7436 1
127.5814 101.3052 1
105.3285 176.4502 1
130.7858 100.8012 1
149.2424 249.8208 1
150.9326 107.5808 1
169.7004 79.2805 1
115.8643 31.0439 1
162.2931 197.0337 1
179.4384 193.8387 1
105.5289 149.3730 1
183.8010 81.3268 1
153.8999 27.1210 1
121.2085 40.3055 1
105.6057 234.8052 1
117.2576 238.8906 1
125.2008 183.7517 1
147.2381 6.7018 1
140.3975 99.6007 1
155.2384 121.7429 1
145.1706 49.5628 1
116.5903 87.0165 1
112.5001 67.5211 1
172.2171 12.3893 1
177.2134 76.6616 1
173.1216 67.3072 1
134.7837 23.2563 1
160.7109 242.4743 1
164.0034 78.3090 1
168.9166 238.0216 1
174.7223 176.4320 1
142.4731 161.3584 1
131.2206 74.9419 1
140.5960 12.4950 1
175.7199 40.9136 1
115.5296 48.2305 1
163.5182 27.1364 1
181.4284 202.6967 1
104.3090 154.6211 1
173.8254 248.2686 1
118.0027 65.6167 1
187.7969 39.9063 1
158.7954 90.2731 1
106.4610 59.6367 1
144.9070 228.4814 1
143.2055 147.1760 1
187.0429 233.9667 1
104.7363 193.1420 1
173.8747 30.5131 1
154.9553 170.7390 1
101.5848 170.7255 1
148.8920 64.5093 1
160.7949 8.2612 1
116.5715 1.9653 1
117.1684 80.7783 1
124.3669 61.1460 1
122.6953 195.1170 1
175.7426 131.3349 1
120.4451 93.6996 1
147.0325 193.6166 1
157.6977 235.1770 1
144.1970 183.7811 1
123.7779 213.1117 1
133.4252 161.1109 1
108.5803 220.8057 1
136.9747 49.3581 1
122.9226 80.1602 1
169.3790 61.7209 1
139.8013 84.2443 1
144.0432 174.2898 1
150.9659 213.4881 1
167.9877 155.3080 1
153.5267 220.3989 1
173.9761 87.0379 1
167.4212 119.1272 1
108.7039 113.9619 1
100.2794 95.8385 1
200.3806 47.1791 1
167.9424 225.7393 1
149.1936 244.6530 1
107.3330 245.4621 1
170.3632 230.0386 1
199.7607 12.2593 1
111.9374 123.0714 1
149.7227 168.6032 1
109.6829 146.8624 1
102.6860 119.2964 1
121.7317 100.1751 1
160.7580 106.0803 1
180.2840 185.2666 1
171.1843 201.0836 1
129.1309 244.2050 1
121.2812 226.5676 1
157.9951 40.2595 1
165.9366 178.5163 1
190.8970 48.0366 1
112.3658 246.4494 1
116.5140 220.6600 1
124.6503 233.9372 1
126.0566 19.4884 1
184.6561 8.7365 1
185.8904 55.7888 1
161.9451 127.6918 1
176.9581 18.0806 1
122.4649 175.2805 1
104.7195 3.7644 1
162.6295 102.8923 1
186.8476 61.4652 1
127.0624 219.9550 1
103.7333 36.5498 1
179.5241 220.7431 1
126.3668 140.3588 1
169.1616 209.5322 1
154.8002 131.3343 1
170.1179 91.6620 1
125.6925 113.2828 1
117.4297 165.2587 1
151.9491 97.5202 1
161.6044 113.5229 1
115.0584 109.6671 1
159.4972 118.6844 1
183.8721 94.4195 1
181.3271 5.2496 1
180.2975 121.2528 1
161.5939 55.3974 1
132.4507 211.1331 1
169.2845 168.8488 1
125.9831 225.6337 1
109.7368 80.9007 1
101.8181 114.2828 1
101.5669 207.2893 1
152.5289 32.5951 1
106.0675 163.7325 1
138.7351 58.1060 1
132.2287 170.8306 1
177.1718 240.9903 1
133.0791 116.9336 1
111.8111 10.7149 1
136.5798 130.0059 1
161.2847 202.5291 1
120.1566 199.3392 1
145.7195 219.1034 1
131.8343 233.5365 1
132.1961 144.8044 1
162.5204 48.5672 1
170.5974 123.2739 1
188.6446 0.6061 1
136.0747 40.6266 1
148.2153 18.9938 1
178.8334 37.1966 1
170.8533 96.2577 1
103.1603 109.1362 1
174.6647 3.1535 1
123.8242 243.1555 1
135.3592 105.8319 1
182.8220 19.9830 1
170.2910 37.9321 1
131.8472 137.2419 1
114.5147 97.5154 1
142.9192 195.3186 1
106.2407 95.6367 1
173.6800 212.9089 1
146.7901 88.4790 1
102.2851 76.0549 1
130.7030 127.8100 1
167.0446 250.9086 1
146.8661 54.4579 1
156.0601 15.1365 1
192.8298 82.4135 1
134.1734 152.9802 1
111.2950 197.1531 1
108.3364 38.6197 1
146.5236 236.8955 1
173.1489 188.4476 1
151.9985 17.4047 1
204.6006 8.5321 1
