223.2816 57.0978 0
244.3439 189.7141 0
245.1650 86.2015 0
213.1251 232.9306 0
217.5408 200.5744 0
206.5108 58.5478 0
246.0175 76.6788 0
217.2163 207.0457 0
227.0695 217.2444 0
217.4243 222.5382 0
229.3553 135.3283 0
225.0368 244.4064 0
215.7580 135.0789 0
240.8305 84.1053 0
187.6683 87.0636 0
220.5498 126.1679 0
209.2267 155.2352 0
250.2885 114.3436 0
207.3121 140.0376 0
240.2999 73.4930 0
242.7494 199.1816 0
224.8813 93.1986 0
238.0211 63.1178 0
236.9976 100.2483 0
228.3063 83.5278 0
235.6896 133.6599 0
210.9717 215.1176 0
240.9988 111.4084 0
209.7839 206.1586 0
216.5478 101.6829 0
245.0721 241.8678 0
239.9063 2.6412 0
220.7401 74.9145 0
231.6035 227.3557 0
210.4669 173.3012 0
211.3293 80.1461 0
244.7710 136.5339 0
209.7839 44.9126 0
173.5353 194.8954 0
209.1906 220.6049 0
189.4101 101.7498 0
234.6910 32.8616 0
201.2486 124.9668 0
230.3991 125.2874 0
243.1536 53.2154 0
241.8123 162.2791 0
249.5500 124.1158 0
226.4958 153.4585 0
216.7900 86.8033 0
242.6604 170.5415 0
218.2028 31.4770 0
249.8707 165.8077 0
196.0281 118.8426 0
183.0058 93.1184 0
244.8968 248.9126 0
248.9803 143.1701 0
223.8002 231.9963 0
221.8676 70.2816 0
195.3808 147.8422 0
235.8342 190.1386 0
202.7403 226.8234 0
224.8930 101.5208 0
226.4590 204.3232 0
225.7808 127.1725 0
235.9396 10.8171 0
230.1320 118.9556 0
223.0767 78.1642 0
222.7620 114.1028 0
180.5949 101.7054 0
200.8427 142.8306 0
223.2301 223.1833 0
205.4664 164.6517 0
250.2576 227.5951 0
214.1206 169.7807 0
198.2812 102.2674 0
230.9821 170.9233 0
241.3243 181.5099 0
204.7253 23.1926 0
239.1324 105.2127 0
210.1850 124.2275 0
240.8195 127.2923 0
217.7138 190.4947 0
193.6654 79.9526 0
226.8627 30.2456 0
224.8671 11.6328 0
226.2978 24.3548 0
233.4426 241.1555 0
227.1304 147.5686 0
236.5579 204.5308 0
230.6655 183.5223 0
245.5814 99.8215 0
241.2296 217.7444 0
235.6650 18.4297 0
228.7488 74.0468 0
237.0065 165.1977 0
203.5416 45.0129 0
221.4730 248.1381 0
203.7878 32.3457 0
203.7135 86.6858 0
201.5277 199.5779 0
225.4626 2.8437 0
212.3920 249.5089 0
244.5486 185.1671 0
219.0397 45.3529 0
228.9006 103.8707 0
237.5852 41.2887 0
244.4933 46.2546 0
204.3850 110.3999 0
237.9029 119.1874 0
210.3223 91.1885 0
199.2831 36.8826 0
207.9622 130.4053 0
213.2321 109.9905 0
230.9302 161.3787 0
210.7009 144.7715 0
222.2811 49.6471 0
250.6568 80.4626 0
231.4574 69.7098 0
239.0332 27.6131 0
239.4120 155.9592 0
200.5724 155.0495 0
222.3082 90.0167 0
192.7664 187.0041 0
214.3861 114.9123 0
219.2820 183.7566 0
250.8366 179.2202 0
188.4675 159.0909 0
243.7754 150.4390 0
234.0143 49.0975 0
224.3660 160.2340 0
195.0566 94.3708 0
222.5417 169.1411 0
229.4998 62.4635 0
233.2972 233.4921 0
203.7072 175.5759 0
221.3005 193.1397 0
218.9510 11.1825 0
220.5414 175.1741 0
233.3684 84.6902 0
217.9570 216.0729 0
232.9776 7.1600 0
192.9319 160.3983 0
210.2267 195.3121 0
205.8387 120.3625 0
237.0969 249.1090 0
218.9487 5.7691 0
243.0997 19.3977 0
199.1300 137.6624 0
216.1526 106.8855 0
248.2410 11.5284 0
217.9851 18.5292 0
235.1156 152.0452 0
225.1295 18.0384 0
233.9868 23.9538 0
190.9736 201.3229 0
228.1615 190.6851 0
235.2518 140.9136 0
239.7519 222.1378 0
217.0950 13.5549 0
191.8988 195.6692 0
233.5319 93.9479 0
236.4750 224.0487 0
242.0769 122.7085 0
213.4483 181.2220 0
207.8868 69.4545 0
238.7926 195.7968 0
196.1227 85.3287 0
231.6907 250.2957 0
242.3363 10.8821 0
225.4681 240.3690 0
243.2968 57.8827 0
247.4430 110.1746 0
228.5286 35.6428 0
246.7778 37.8550 0
232.7429 42.1069 0
214.8049 228.1246 0
204.1524 148.0853 0
201.1628 162.7023 0
211.8429 51.2900 0
232.2588 112.0344 0
221.2463 63.6713 0
207.4068 101.2505 0
222.4312 35.7349 0
245.9956 35.0280 0
242.9263 92.7776 0
207.4439 249.6224 0
230.1906 212.7573 0
243.5923 229.6065 0
206.4469 183.8600 0
210.7711 40.4152 0
214.8453 75.6521 0
188.9279 185.6427 0
244.0184 210.4442 0
219.8381 143.8397 0
249.8035 211.4725 0
196.6536 126.1044 0
196.1778 109.7930 0
202.4822 91.7886 0
217.7579 161.9794 0
220.4993 151.6159 0
201.4300 191.5650 0
202.6246 78.3369 0
246.1049 239.5125 0
215.6263 236.9756 0
237.6289 209.8671 0
209.3571 34.9439 0
215.5247 54.8943 0
224.0869 135.5681 0
228.6890 175.3147 0
185.8864 148.7344 0
213.3445 150.1056 0
200.3865 209.4640 1
112.1374 58.1563 1
116.6116 136.8332 1
100.9969 238.2037 1
105.7590 140.2181 1
122.7238 53.3986 1
128.2134 190.9793 1
161.0113 96.3155 1
162.9273 196.1125 1
162.7263 248.5110 1
110.5009 71.5892 1
152.5908 54.8556 1
145.7495 42.5330 1
139.6136 241.9520 1
136.6121 113.7212 1
170.1134 245.3732 1
134.6315 211.4284 1
152.8176 132.4127 1
132.7064 223.9539 1
139.2802 108.0567 1
167.2240 115.8464 1
174.2590 49.4995 1
109.9950 180.1526 1
123.2115 152.2773 1
124.9232 119.8395 1
142.1257 218.9107 1
146.3383 180.6132 1
141.1760 190.2454 1
137.4121 200.2168 1
166.0377 242.5723 1
102.7203 163.3386 1
162.4926 218.6772 1
132.6081 187.8091 1
109.5499 142.2914 1
143.3231 24.6519 1
181.2866 68.6591 1
139.2543 101.2644 1
102.8613 157.7381 1
145.4512 230.8575 1
130.7651 179.5681 1
103.0628 101.8939 1
124.6844 9.5361 1
121.8238 180.8676 1
138.3809 123.9044 1
133.4717 1.2638 1
139.0177 235.8154 1
182.1670 224.7578 1
120.5035 36.7020 1
158.3924 157.9854 1
136.8039 65.0639 1
188.5202 112.7402 1
151.5787 76.0627 1
153.3924 26.0053 1
140.2274 82.0288 1
121.9872 147.4801 1
108.9015 87.0072 1
140.2253 157.3611 1
160.7835 153.0532 1
149.1122 156.2611 1
144.5598 6.8490 1
110.7065 196.8070 1
129.4517 19.3853 1
121.1177 213.5457 1
101.7376 174.0501 1
188.5011 218.0602 1
138.3916 173.6378 1
173.5624 235.9544 1
128.9769 233.1718 1
177.7668 177.4311 1
198.9729 73.0625 1
135.4891 151.9848 1
135.3437 42.2879 1
146.1712 191.5388 1
136.9827 119.1953 1
166.9731 40.5118 1
127.4611 247.2941 1
175.4500 30.3097 1
182.4278 132.4381 1
188.1489 5.2784 1
156.7691 77.0261 1
106.7465 227.2092 1
173.7103 204.9794 1
111.1537 125.5677 1
157.8661 203.4394 1
112.2992 27.4436 1
192.8163 14.4051 1
106.3661 199.6367 1
164.4555 183.3909 1
143.8961 173.4434 1
184.9671 39.6164 1
182.6752 61.9058 1
104.7628 52.3569 1
124.7408 28.0286 1
173.0420 134.2906 1
195.3282 216.7606 1
206.5698 9.3151 1
153.2348 127.9820 1
143.8509 88.7296 1
150.8764 221.6421 1
119.3156 108.3352 1
167.7307 23.6457 1
178.8864 129.4306 1
172.6373 90.7554 1
143.4797 38.6111 1
158.4798 248.3295 1
160.5710 168.3146 1
137.4132 139.8723 1
165.2462 97.0135 1
144.2553 56.1548 1
152.3095 59.1977 1
115.4098 4.3204 1
149.2389 18.0349 1
108.7631 217.4088 1
149.8430 44.4776 1
155.2252 151.4416 1
147.1438 164.3424 1
111.5381 17.9925 1
131.3850 94.9755 1
116.8956 100.8939 1
179.5684 246.0945 1
179.7286 112.1730 1
114.4946 53.4227 1
108.3605 236.2621 1
154.5240 66.9166 1
122.5789 164.5787 1
140.1184 72.5496 1
162.8502 229.9545 1
146.8053 94.0493 1
210.7516 211.3882 1
107.3188 44.1537 1
167.8158 163.4243 1
115.7198 161.0874 1
108.6578 81.9169 1
145.1209 245.2155 1
167.3442 89.3093 1
159.7342 54.1618 1
198.9886 181.3611 1
117.4324 145.9906 1
151.1446 32.2859 1
103.1844 92.8826 1
132.1777 15.0254 1
192.7779 42.1160 1
153.8013 119.2597 1
117.6865 35.2265 1
186.1294 208.4212 1
154.1572 111.8527 1
181.1434 239.7993 1
109.9641 10.8723 1
184.9579 14.8904 1
174.8097 217.9662 1
110.4994 94.8032 1
112.8092 170.9206 1
181.2944 1.8836 1
116.0620 224.0474 1
125.6180 101.1889 1
170.0180 59.2493 1
187.3623 144.0099 1
119.7707 129.5063 1
159.7669 212.2859 1
167.2639 216.9006 1
166.6280 199.2616 1
149.7541 231.0751 1
115.1958 205.5581 1
111.3634 2.5798 1
154.2192 86.7499 1
123.5528 92.8074 1
182.9102 89.0884 1
148.7905 143.4336 1
147.4671 200.1607 1
137.1241 247.4298 1
181.9097 231.6228 1
126.3683 173.6842 1
193.3617 231.0314 1
170.0004 98.6524 1
167.6900 128.0094 1
112.4539 113.9059 1
194.7004 27.3250 1
169.3636 189.8054 1
113.1254 78.5810 1
117.3848 45.4085 1
188.0574 243.1039 1
173.1438 6.2973 1
102.8825 114.4638 1
142.4963 183.1582 1
102.3233 126.9137 1
101.4864 150.7038 1
112.2810 243.5035 1
175.6145 164.3573 1
167.8429 172.0739 1
170.1258 182.2417 1
148.2709 212.6297 1
132.2494 198.4502 1
178.5326 38.5430 1
101.1375 133.7799 1
157.2142 177.0408 1
199.2345 63.6079 1
144.4218 16.9909 1
127.1654 224.2493 1
126.1545 41.5289 1
134.5381 57.0315 1
152.2928 13.6914 1
188.9365 33.8890 1
109.3166 152.6968 1
200.1214 16.4015 1
139.4606 166.0082 1
140.5946 148.0229 1
162.6030 28.5301 1
147.3889 205.6694 1
111.7235 34.3256 1
181.9655 196.8224 1
130.4140 145.7740 1
117.3334 14.1160 1
189.9023 176.1145 1
128.9661 120.8909 1
170.5747 142.0847 1
117.7194 120.9400 1
131.5323 134.5303 1
169.5205 111.0519 1
176.8427 168.8710 1
188.8360 121.5701 1
161.7408 82.0199 1
172.9339 249.9492 1
181.7846 150.7092 1
174.1700 77.7141 1
150.7470 250.3976 1
181.8664 187.2343 1
119.2505 198.4760 1
104.0655 67.6513 1
115.4607 209.9509 1
167.6869 48.3482 1
164.9845 71.3015 1
147.4580 238.7774 1
115.3327 233.4776 1
203.6764 238.1466 1
123.9637 110.6713 1
105.8763 1.8052 1
163.4463 124.5232 1
178.1276 190.3256 1
103.9528 183.8551 1
121.6848 242.4346 1
153.5854 36.7426 1
125.6775 228.1068 1
139.6328 130.1270 1
188.5386 50.3027 1
163.8912 134.5378 1
169.4870 8.3233 1
126.8179 62.3599 1
185.1149 21.2203 1
145.4530 68.9539 1
176.1378 125.4698 1
163.2247 39.5983 1
107.8950 166.6923 1
155.4831 208.9730 1
153.7937 102.3384 1
186.2180 250.6667 1
192.0782 67.4923 1
102.7225 22.3548 1
171.6343 153.8353 1
153.5899 172.1706 1
182.0082 166.7230 1
130.5765 107.9059 1
104.7302 30.6136 1
120.7189 155.6350 1
173.9951 18.2968 1
165.3734 64.1413 1
196.5694 50.9472 1
182.4841 80.7140 1
130.2574 160.0776 1
123.5022 186.7564 1
132.1726 33.7879 1
159.8610 30.0547 1
167.9065 211.4583 1
103.1179 211.6855 1
157.0398 14.9982 1
198.5123 7.3196 1
