199.3785 96.8676 0
197.1911 82.5291 0
198.8837 249.2104 0
233.0841 50.6118 0
248.6509 244.2500 0
235.2960 249.8967 0
241.3741 82.5454 0
229.8614 104.2044 0
208.4673 13.8681 0
196.3279 23.3591 0
220.5836 169.8725 0
178.0740 118.8752 0
237.9249 60.1752 0
194.4623 78.2904 0
192.9194 73.0433 0
234.7923 171.6510 0
201.3361 197.2744 0
226.5116 71.5525 0
250.0214 219.4691 0
247.3256 59.9810 0
201.0877 225.2286 0
214.9025 105.7487 0
233.6168 151.1635 0
199.5175 176.6896 0
245.2908 72.3632 0
220.9338 139.9005 0
211.9933 166.9777 0
246.6905 2.1420 0
194.6246 59.4193 0
238.8005 168.4474 0
207.0259 158.8280 0
161.5827 102.0721 0
232.9038 117.9476 0
232.4269 15.4991 0
214.6924 229.1629 0
226.0329 132.9488 0
225.9097 157.8595 0
244.1509 34.1405 0
183.6955 244.5062 0
220.5640 6.4968 0
210.7383 47.7143 0
185.7385 2.5432 0
198.2727 187.2909 0
225.2292 200.7121 0
224.3081 50.9918 0
213.6429 38.2333 0
194.8777 64.3450 0
217.6385 132.5963 0
201.9807 40.7600 0
189.6881 151.3829 0
197.8440 130.4857 0
217.4193 187.2711 0
201.7842 167.5829 0
199.1644 145.0146 0
243.0687 127.8575 0
241.4513 211.1538 0
231.4428 230.1113 0
205.9180 48.3326 0
229.0326 85.5795 0
195.3586 32.3639 0
245.3642 107.3596 0
221.9736 186.8642 0
244.4784 67.2346 0
192.5482 107.0568 0
192.6668 235.3424 0
218.5884 24.9497 0
197.1062 120.3076 0
191.1176 187.5283 0
228.5948 218.1967 0
218.7087 79.6164 0
231.4309 207.0532 0
187.1445 129.3070 0
223.5867 224.8708 0
217.8546 240.3041 0
234.4894 200.7645 0
219.3176 122.7713 0
226.9748 77.4108 0
247.8034 13.6214 0
193.0121 168.8737 0
214.1831 4.8309 0
227.2570 43.2873 0
246.2464 179.0698 0
207.9027 144.2325 0
212.3965 196.2190 0
214.6035 53.3971 0
208.9550 25.8005 0
186.1386 111.6022 0
234.3344 32.9609 0
246.4055 42.5023 0
230.4294 2.5840 0
213.6925 114.2501 0
209.9550 213.7495 0
196.0277 112.0882 0
198.6973 36.1083 0
227.4138 233.3744 0
213.9669 172.8705 0
181.7415 135.7953 0
198.1144 163.0854 0
224.3950 149.4443 0
205.5307 71.6726 0
233.2969 195.6676 0
216.4470 64.7257 0
235.3509 92.1927 0
235.6738 86.7047 0
217.5546 245.4863 0
241.1447 153.0620 0
249.1676 46.7653 0
221.9191 175.8770 0
197.2303 88.8894 0
224.2093 214.9618 0
226.0133 25.8363 0
245.2246 174.4667 0
215.9071 46.3454 0
232.7196 55.8543 0
239.4866 47.5729 0
212.9077 190.1580 0
244.5040 155.8260 0
189.5527 249.1681 0
237.5694 208.0777 0
250.1317 206.8358 0
182.4188 127.3222 0
238.7633 100.4883 0
236.8995 223.3049 0
215.7018 96.3523 0
178.7729 85.5330 0
213.2662 132.7719 0
246.6736 86.6665 0
202.5020 210.6910 0
231.5080 96.1266 0
237.5028 136.7224 0
235.7920 182.0828 0
182.5018 178.0542 0
226.3796 32.2902 0
224.7050 209.5628 0
183.1614 66.3748 0
240.5596 187.8809 0
242.5007 114.5763 0
181.0946 186.0587 0
225.2810 122.5367 0
205.5135 112.2687 0
219.6915 102.9091 0
181.6154 109.9332 0
204.8410 108.0168 0
204.5070 215.2891 0
215.8563 181.0049 0
228.1628 142.2528 0
201.9620 238.3421 0
198.6367 201.8317 0
210.9984 83.3402 0
190.9556 196.1248 0
224.6054 60.0901 0
188.7101 85.7498 0
171.9717 128.6957 0
236.4889 37.0802 0
191.1449 211.3548 0
244.1518 236.1237 0
247.1989 142.6496 0
154.7636 66.7709 0
228.6199 238.6615 0
222.7395 85.1776 0
185.4094 193.4694 0
220.7942 38.4770 0
191.7005 46.1351 0
236.1294 41.6661 0
241.7904 196.9946 0
183.7823 122.4312 0
220.9335 194.6496 0
209.2884 206.7103 0
175.9509 91.5923 0
218.7197 115.3706 0
248.0213 115.1477 0
228.7367 188.8496 0
193.7592 156.5467 0
227.6404 112.5872 0
194.0644 180.5468 0
214.2069 32.9317 0
247.1924 189.4950 0
216.8473 14.5768 0
190.7860 205.2869 0
206.6320 21.1911 0
224.5559 220.1101 0
227.4158 92.3989 0
185.2132 93.7563 0
177.5859 113.6175 0
241.5845 227.2854 0
219.5299 206.0320 0
186.5416 75.9570 0
238.3838 118.4865 0
236.6895 131.7865 0
199.9498 102.3573 0
216.7131 159.0249 0
234.6964 141.9881 0
196.0143 125.0471 0
248.4392 198.1885 0
240.6124 218.8966 0
226.0620 250.0327 0
210.8017 222.5473 0
225.0460 165.9449 0
208.5161 237.5156 0
171.9507 89.5014 0
217.9666 84.9917 0
167.8521 96.4221 0
230.1546 124.1639 0
195.8904 52.6582 0
202.5286 232.9678 0
232.7256 10.1064 0
206.7144 181.1473 0
199.7550 30.0505 0
213.3042 144.2226 0
246.0004 133.5902 0
195.5487 15.9868 0
233.8356 159.0202 0
206.8240 93.4145 0
193.8950 5.9988 0
248.3805 79.2117 0
242.0563 10.6908 0
248.1920 127.1152 0
208.0821 139.1730 0
171.4855 108.9531 0
232.3396 70.1987 0
191.3564 136.8756 0
200.9421 8.0028 0
214.5904 236.3266 0
236.0267 186.9488 0
199.5408 66.9795 0
207.1736 203.3969 0
206.5167 60.5612 0
216.6753 219.4377 0
211.9646 152.6332 0
201.9020 54.0605 0
229.9137 242.8547 0
180.9451 101.3451 0
186.1142 188.4316 0
211.9910 161.0350 0
171.6968 100.0603 0
242.0477 147.9034 0
207.9798 66.0687 0
208.3190 120.3291 0
224.8038 66.8418 0
231.4102 21.2021 0
243.2713 165.3485 0
195.9538 218.8432 0
197.2134 136.6248 0
201.3412 21.5002 0
221.2323 17.2157 0
214.4729 59.5212 0
205.9078 84.1283 0
187.7213 9.9145 0
238.5423 242.3477 0
219.7761 146.5735 0
233.1657 64.6796 0
199.6086 149.8999 0
207.1851 76.1560 0
229.3373 29.3300 0
243.2054 96.4472 0
205.0945 220.8179 0
185.9509 163.9599 0
230.7481 171.8959 0
236.8749 110.4899 0
206.6708 97.9488 0
191.8968 246.7997 0
206.5653 132.0398 0
209.2919 176.0356 0
208.5366 247.1152 0
242.3599 30.5561 0
225.4822 15.0240 0
234.9852 163.8201 0
163.8063 147.8714 1
105.7642 208.8599 1
174.5383 49.7711 1
128.8309 161.9770 1
114.1609 102.4749 1
154.2547 43.5713 1
136.1201 93.8666 1
130.1010 145.3779 1
102.0786 232.3071 1
159.0735 94.7588 1
103.5082 120.9138 1
113.1326 123.4605 1
125.1735 19.6263 1
106.4831 165.2934 1
149.0409 153.3726 1
125.7007 202.0563 1
112.8003 136.4226 1
106.0388 144.6704 1
165.5888 123.7424 1
167.8941 167.8295 1
116.0503 0.4170 1
182.3707 206.8619 1
168.5591 69.8576 1
149.9160 60.7747 1
148.1372 27.3888 1
141.9761 66.5903 1
123.7785 133.8751 1
144.2586 134.7620 1
137.7007 107.0498 1
158.3131 40.4026 1
138.6373 219.8310 1
139.3576 224.2580 1
164.5720 60.4507 1
166.7131 85.6658 1
142.7640 248.5939 1
122.8901 169.0261 1
116.7877 17.5159 1
133.1045 242.9347 1
174.2398 192.2016 1
178.2313 139.3155 1
119.3707 217.9380 1
155.0071 158.3788 1
126.1013 42.8615 1
148.7364 165.9673 1
156.5087 26.9347 1
105.7057 49.2881 1
102.4642 39.6534 1
102.4594 140.0395 1
114.2064 56.6094 1
153.1727 14.3215 1
117.1121 144.0257 1
109.2769 188.5543 1
113.8041 38.8258 1
159.0744 192.9919 1
110.4740 79.1819 1
133.9418 75.1546 1
137.8610 167.1966 1
113.1881 86.3018 1
111.9125 156.2658 1
183.0197 216.4641 1
125.3006 183.8364 1
156.5278 75.5715 1
106.5685 58.9926 1
151.0919 71.0366 1
166.4485 119.6658 1
144.8692 104.8824 1
113.5749 203.1772 1
163.1944 110.1498 1
113.7202 178.1632 1
171.5681 154.4106 1
144.0077 52.2866 1
156.3414 166.8592 1
142.6285 122.9156 1
125.2208 14.6342 1
158.1398 66.9591 1
182.8980 234.2334 1
103.6244 152.0800 1
166.6935 230.6177 1
175.0717 210.9708 1
115.8384 246.2330 1
136.8156 15.5596 1
168.4568 63.2417 1
154.0146 176.0152 1
129.7701 65.2360 1
131.4661 191.9078 1
130.8027 6.6880 1
182.6249 45.8473 1
158.1785 102.8007 1
156.9204 2.0629 1
162.4960 185.4126 1
167.1983 160.6200 1
124.0629 231.9227 1
177.0704 150.7426 1
180.8197 154.5759 1
178.6527 29.5405 1
129.9559 38.7394 1
154.8036 36.7139 1
157.3393 225.3696 1
145.3159 185.6868 1
139.2919 25.7668 1
156.7575 115.8096 1
185.5311 60.9770 1
145.3446 234.7903 1
158.5932 148.9495 1
129.2154 102.6640 1
173.0192 2.6602 1
153.0511 150.7718 1
169.8752 32.4468 1
152.3849 185.3183 1
138.3068 175.7036 1
120.0163 114.2914 1
141.5202 148.3129 1
169.1124 193.3362 1
185.3841 20.9782 1
175.2912 178.8956 1
100.5021 82.1826 1
111.9759 226.6361 1
107.6450 94.1763 1
134.7216 152.5255 1
138.1784 111.9506 1
135.8322 68.6443 1
173.1086 58.5923 1
102.8313 107.7511 1
162.0641 14.9419 1
123.3036 191.3493 1
136.4337 202.6703 1
124.1574 139.1715 1
156.1012 201.3708 1
108.8817 1.8000 1
142.6599 243.2223 1
104.4989 72.7257 1
137.3579 41.6573 1
129.0061 232.0722 1
177.1366 43.1232 1
147.3958 205.3699 1
118.7269 195.4931 1
132.6352 220.9601 1
150.7054 247.0689 1
174.6597 131.5049 1
173.1781 237.2800 1
170.6224 228.1840 1
176.4776 168.7669 1
154.5680 119.9112 1
137.5216 214.1176 1
158.5076 137.1906 1
146.8517 16.8893 1
172.2573 40.8043 1
116.7989 208.1171 1
128.1424 244.6098 1
105.1443 11.3945 1
149.6873 6.4658 1
123.2892 88.6156 1
109.5643 217.3907 1
126.4783 32.5603 1
100.9786 129.5242 1
131.8016 181.1111 1
131.2445 129.5703 1
164.3193 156.6292 1
112.4430 9.8523 1
109.1772 107.5415 1
178.3708 33.8525 1
151.2020 195.9697 1
152.5639 85.8398 1
158.4424 219.1417 1
145.3630 123.4594 1
108.8496 30.6090 1
148.9225 110.9247 1
163.5379 239.8322 1
186.9333 28.8478 1
118.6580 132.6111 1
175.2889 161.4971 1
127.4661 212.1895 1
138.0421 140.0892 1
123.1305 53.7889 1
101.4781 20.7977 1
180.2339 197.7276 1
160.8171 213.7516 1
128.0274 97.1370 1
163.2391 210.1740 1
120.6710 63.9097 1
152.8723 28.9504 1
129.0467 225.8425 1
133.9559 134.7344 1
176.6220 18.9513 1
176.2750 248.7375 1
154.4050 238.8215 1
170.8445 215.8699 1
148.6267 222.4227 1
117.3250 43.5418 1
123.1005 155.5201 1
174.4245 204.1561 1
163.9719 75.2656 1
178.2695 218.7471 1
154.3388 127.7692 1
134.0264 87.8661 1
149.2078 40.4340 1
169.0166 16.6604 1
113.0546 196.4501 1
127.9292 60.6921 1
135.8678 232.1392 1
153.0373 53.7893 1
114.5949 241.5309 1
134.4790 83.1349 1
166.1367 130.8384 1
175.1455 73.7708 1
121.0703 107.9130 1
166.7027 5.8709 1
119.7673 73.7142 1
184.2473 54.1545 1
175.0692 227.6924 1
126.9806 170.6365 1
116.0081 163.4727 1
133.4397 20.2184 1
101.3030 240.5806 1
101.0072 99.9563 1
167.9326 26.3613 1
115.0235 231.0692 1
161.0211 172.1158 1
137.0098 126.1641 1
171.5343 176.9947 1
147.0470 138.7695 1
134.2870 54.3174 1
147.2079 78.1386 1
130.0678 110.2694 1
107.7438 174.1625 1
140.6115 72.1028 1
149.4738 209.6027 1
116.2140 110.8921 1
174.8740 10.1505 1
128.8837 122.4790 1
145.1849 12.3894 1
113.0283 28.8333 1
144.4019 36.3551 1
104.7171 3.8688 1
