212.6177 45.5624 0
210.0734 240.5616 0
197.1441 88.4507 0
240.1353 202.9615 0
203.6844 247.5695 0
207.4093 179.7865 0
245.1497 77.4882 0
204.1756 31.0576 0
239.4552 69.3778 0
213.6613 19.1265 0
236.7046 210.8851 0
207.2283 127.2172 0
196.5996 218.8258 0
215.2782 9.4741 0
219.2097 125.3254 0
203.5211 60.7280 0
184.6566 102.1574 0
181.2880 248.5357 0
234.9226 154.6935 0
244.9491 158.3250 0
227.0618 120.2813 0
248.1589 142.1346 0
234.5524 24.1478 0
236.4680 220.0637 0
214.6749 76.1924 0
214.5907 68.6425 0
107.2538 107.8560 0
244.3888 24.0877 0
196.9211 3.6421 0
224.9181 91.5334 0
249.7591 125.1607 0
223.5007 184.9222 0
241.0164 27.3699 0
192.8943 233.2059 0
223.5862 152.5943 0
191.4217 206.6472 0
191.0522 20.2553 0
204.1402 99.2333 0
200.7739 11.4063 0
250.2319 193.8878 0
203.8255 104.6988 0
246.2157 242.1884 0
188.0263 93.0798 0
215.4948 214.9773 0
200.7121 22.9567 0
221.0867 211.5989 0
188.6427 217.4161 0
221.9201 247.1047 0
176.1370 248.2157 0
239.4835 64.2710 0
244.3803 186.7943 0
233.1574 97.3225 0
251.4531 44.6488 0
229.9758 17.5106 0
239.6940 77.5887 0
220.7094 36.0734 0
220.6248 166.4771 0
248.9978 3.0515 0
226.3967 170.7531 0
176.9200 32.2719 0
191.7448 80.3695 0
194.8253 96.4690 0
232.4524 52.9487 0
177.6025 211.1680 0
179.2715 70.8337 0
195.2105 250.0356 0
174.0443 48.4930 0
244.8979 221.9176 0
231.8198 83.7072 0
232.6555 209.2459 0
183.0976 204.7947 0
219.1251 133.2094 0
213.7026 121.2739 0
231.3251 250.7146 0
232.6457 126.8762 0
244.4163 89.0076 0
177.2453 23.8011 0
216.9017 84.0278 0
239.4998 230.9575 0
197.9895 206.3867 0
210.9454 114.5192 0
218.6398 238.6891 0
221.7944 118.4808 0
242.2803 218.5615 0
240.0360 170.0633 0
213.7692 207.0562 0
234.1531 42.8328 0
217.1364 178.8851 0
209.6210 99.7144 0
213.7718 174.0860 0
170.5264 61.8884 0
245.0744 6.8807 0
247.7734 106.3492 0
245.7283 98.2693 0
220.9252 139.5811 0
239.2807 41.9493 0
205.8069 3.0871 0
221.1365 107.9053 0
226.3639 68.5266 0
179.3938 6.8183 0
169.0500 248.1715 0
186.1390 27.7733 0
246.3167 37.0422 0
193.3438 241.6062 0
219.2638 51.0648 0
241.0251 147.3185 0
221.1543 16.3342 0
221.7698 0.0927 0
208.6271 68.3392 0
235.9118 72.2599 0
230.3163 10.0946 0
202.4013 36.4038 0
171.8957 74.5154 0
202.9625 226.8106 0
191.4723 57.9349 0
239.8416 33.0081 0
205.7462 204.0706 0
217.3607 38.7764 0
211.6759 93.8941 0
212.7353 196.7096 0
194.2846 189.2190 0
196.9918 198.7457 0
235.1415 167.7566 0
198.6837 50.3314 0
197.9928 116.1403 0
245.6467 196.7477 0
228.2161 239.7267 0
184.7146 38.2099 0
245.2084 131.4232 0
243.0266 234.5407 0
224.6523 12.7188 0
205.3320 132.0123 0
248.0567 153.5559 0
202.2610 122.1646 0
189.9444 42.5776 0
195.8128 59.0007 0
248.9300 30.7836 0
239.8113 86.5877 0
223.1536 192.7166 0
198.1302 181.3447 0
205.5812 184.1951 0
210.5367 55.9131 0
220.6483 22.7195 0
197.0653 73.5488 0
221.5257 66.0898 0
240.7100 133.4209 0
214.5937 59.4615 0
223.7764 238.4434 0
199.2607 111.3349 0
190.0597 194.7258 0
229.0005 48.8735 0
229.0000 78.9092 0
207.2767 86.5722 0
240.9071 248.2551 0
233.4657 131.1833 0
202.3106 74.6997 0
196.1522 103.6860 0
187.8568 73.6664 0
247.5480 167.1305 0
241.9031 51.7003 0
213.4402 160.0806 0
248.1589 211.2758 0
251.5069 94.0851 0
236.2784 238.0617 0
201.2530 236.3508 0
230.0659 162.6338 0
212.4645 249.1573 0
203.9993 82.7756 0
206.8909 46.6864 0
226.7923 209.5679 0
197.4749 29.5157 0
228.6565 95.3310 0
230.9796 218.4984 0
231.6566 195.1804 0
215.1740 3.3975 0
217.5830 44.1800 0
199.5105 192.5863 0
193.8553 128.4758 0
220.9815 202.1603 0
203.8390 194.6288 0
211.8326 36.5135 0
214.2957 187.1552 0
247.3195 116.7530 0
188.6475 65.8867 0
235.8547 3.7145 0
181.2939 62.3810 0
246.5609 247.2212 0
227.8673 150.3386 0
192.0649 47.8075 0
240.6587 56.6422 0
189.8625 32.7072 0
243.7935 113.3364 0
235.0459 190.1320 0
209.5837 222.0504 0
184.2067 225.3219 0
197.7714 226.9399 0
238.4445 120.2569 0
228.4460 174.8628 0
234.7133 18.9343 0
230.9631 185.7389 0
206.9251 73.2881 0
188.8984 229.7885 0
245.0001 72.3859 0
202.0422 91.1036 0
188.7107 4.2149 0
226.9337 226.9071 0
187.9026 199.0371 0
183.9061 83.9870 0
229.8890 113.8406 0
214.3818 106.2568 0
183.8024 19.6168 0
206.0620 23.1353 0
188.9642 130.1234 0
229.8365 141.0350 0
212.8748 26.8422 0
217.4253 148.6891 0
227.0878 40.1497 0
225.0971 218.2345 0
247.1888 206.4907 0
181.5744 74.6884 0
217.8985 97.5082 0
237.9237 10.6075 0
231.1874 58.2990 0
210.5535 135.9614 0
191.2183 104.8787 0
233.7964 32.4052 0
216.5607 227.6916 0
228.0934 32.1812 0
209.0703 206.8628 0
250.9055 84.6780 0
236.4138 179.5311 0
235.3818 108.2207 0
238.1936 103.7869 0
185.9654 245.7337 0
239.7454 151.7262 0
172.2273 13.4961 0
251.5409 13.6497 0
184.3301 51.2012 0
203.8204 215.0021 0
208.5234 248.0923 0
210.2199 216.4321 0
241.6373 141.3655 0
213.9905 98.4763 0
206.2686 13.4432 0
179.0953 77.7757 0
251.1087 236.1087 0
251.4388 49.4748 0
249.3363 40.1354 0
215.7816 241.0203 0
231.4893 146.9508 0
237.0715 93.8546 0
230.0966 103.8948 0
173.5095 222.0324 0
183.6913 217.1838 0
208.6129 233.3235 0
231.8015 232.5361 0
184.0392 14.7515 0
185.9640 55.3487 0
250.1691 178.5369 0
220.2522 75.3289 0
238.3966 161.3389 0
235.6820 136.8761 0
125.0006 230.5068 1
125.4479 237.7160 1
136.2993 108.8332 1
148.4823 124.2221 1
132.1639 22.2689 1
147.4247 196.7517 1
121.6374 159.0099 1
158.5885 4.2779 1
159.5578 170.6768 1
161.7516 134.2975 1
171.3358 186.9613 1
179.7198 121.1357 1
159.1387 242.1739 1
107.2121 62.8336 1
115.4740 60.6328 1
104.1601 17.8617 1
166.4787 23.8124 1
186.1525 238.7298 1
136.3938 141.8440 1
107.3981 148.2508 1
118.5387 184.7323 1
137.4883 136.1474 1
124.3794 9.6593 1
104.2861 80.6136 1
159.9621 202.2106 1
118.5205 166.5382 1
121.3579 132.1445 1
182.7402 159.8404 1
133.4224 221.5245 1
171.8277 137.1073 1
168.2794 2.0397 1
179.9988 41.1581 1
175.0752 242.2597 1
122.3117 50.3624 1
107.3089 131.1488 1
131.8502 70.1212 1
144.0942 109.9457 1
113.9942 43.5987 1
149.6590 183.8786 1
183.1293 147.8851 1
165.7791 38.5121 1
102.3826 139.6524 1
111.6627 238.0609 1
164.9526 174.7604 1
153.9765 55.3060 1
143.9514 21.1378 1
149.7195 238.5117 1
130.6619 149.5780 1
172.4553 57.1956 1
147.9751 64.6914 1
121.8749 192.5209 1
183.5355 133.4686 1
146.2871 64.1065 1
188.8301 153.5194 1
161.1976 156.1943 1
153.4035 161.6917 1
171.3696 201.8913 1
132.5608 179.9061 1
126.5550 65.5491 1
167.1194 215.3384 1
140.7576 165.0180 1
200.4147 158.3995 1
112.0254 90.5861 1
145.3008 39.8307 1
139.7543 91.3919 1
132.2500 44.1321 1
165.2843 126.4362 1
112.6447 173.3911 1
106.2537 245.5205 1
121.9427 79.7004 1
153.4826 99.9574 1
138.1851 221.3728 1
155.5969 44.1015 1
157.8779 233.2829 1
179.6534 146.7549 1
123.8967 204.4453 1
137.6586 23.7731 1
112.2417 192.4295 1
185.1140 114.6805 1
110.5013 14.1157 1
132.4763 116.5793 1
112.7249 29.0283 1
151.5489 225.3269 1
129.9511 78.6746 1
116.8049 211.0718 1
148.9992 23.3974 1
123.3775 32.2181 1
176.9179 87.5099 1
166.0731 143.8314 1
151.3578 115.9323 1
195.5258 165.3376 1
148.2214 72.1019 1
108.7213 125.8584 1
181.6689 176.7985 1
150.1327 171.0921 1
127.4178 100.1878 1
137.2557 117.8244 1
124.2044 246.6612 1
149.3428 207.7338 1
204.8527 142.6788 1
118.6085 9.5944 1
120.0494 63.0201 1
170.0697 232.7529 1
118.9883 84.3592 1
157.3294 83.4725 1
182.2768 93.5132 1
122.1276 247.8412 1
169.9520 105.0466 1
133.7518 9.8032 1
168.3829 72.5166 1
180.1908 125.3334 1
157.4791 216.0393 1
114.5183 108.4704 1
111.4472 165.9145 1
159.5027 61.4766 1
100.1488 173.9458 1
191.6797 143.3713 1
134.9031 129.8725 1
160.8586 224.5302 1
158.3873 123.1206 1
149.2915 135.4776 1
102.8755 75.4296 1
121.6731 87.8319 1
184.9195 180.2023 1
102.4446 195.9971 1
176.7538 142.8962 1
146.3898 42.5141 1
101.0857 5.2919 1
197.2255 134.6143 1
119.0434 70.7207 1
136.1652 235.8820 1
159.0353 52.8850 1
145.4442 157.8481 1
210.9683 145.5011 1
161.7868 188.1523 1
121.9712 21.5161 1
111.9727 179.2401 1
130.6990 111.5751 1
155.3718 12.3374 1
132.9435 249.3015 1
142.1391 13.7590 1
129.8099 30.3997 1
101.7065 30.4496 1
114.6111 133.9051 1
140.0011 178.5527 1
103.7085 228.9066 1
156.3775 166.0281 1
101.4938 28.5714 1
165.1286 148.5388 1
160.3967 130.7527 1
158.7813 88.3011 1
130.4362 196.1766 1
196.1842 140.6116 1
144.5383 139.2285 1
178.3807 198.1211 1
117.1541 22.7562 1
173.8046 175.3758 1
166.7266 48.6988 1
106.6169 47.9807 1
191.6375 173.5825 1
123.6545 143.8105 1
160.3864 105.2887 1
108.0566 225.6230 1
133.4287 207.5300 1
158.1832 191.4206 1
106.6479 210.4074 1
102.6423 180.7926 1
128.8521 163.5919 1
122.3458 221.1195 1
151.5093 40.0282 1
170.7881 240.5621 1
172.1216 94.5636 1
108.1207 157.4830 1
166.7846 77.4452 1
104.0215 170.9676 1
136.6888 100.3228 1
126.1277 127.1147 1
145.3706 146.3422 1
127.4724 95.3894 1
144.9529 233.7231 1
146.1896 188.0758 1
166.1280 53.3150 1
143.9688 71.2932 1
182.0939 111.6191 1
115.1080 100.3468 1
158.5558 184.8433 1
124.2244 187.0004 1
172.8623 116.0738 1
103.7760 201.2578 1
172.4322 110.4167 1
144.1355 52.6432 1
121.7158 119.9502 1
116.4406 138.0260 1
121.7161 103.5615 1
180.1941 188.2284 1
109.7047 74.8074 1
154.5869 2.9966 1
176.6979 97.5753 1
142.7498 8.6320 1
175.5036 123.8776 1
117.6169 123.0334 1
173.1735 150.0296 1
182.9886 165.2404 1
161.3699 163.7388 1
103.2490 98.4127 1
113.7198 248.1700 1
136.6477 56.8681 1
157.5642 179.9890 1
157.9484 69.6066 1
136.7554 191.7198 1
139.9609 36.2142 1
155.1418 38.7537 1
106.2554 102.9002 1
151.2285 91.6148 1
148.9120 31.1016 1
117.4416 227.5039 1
160.9008 114.5208 1
163.6978 200.0185 1
114.7507 36.1215 1
117.7342 4.0179 1
141.5646 153.8124 1
146.4840 218.6049 1
169.0146 86.4724 1
105.3806 235.2230 1
102.7190 115.4563 1
144.1107 81.5074 1
128.7162 184.5676 1
169.2374 223.4328 1
138.1431 202.2364 1
123.5635 198.3824 1
105.8696 9.2832 1
142.4279 102.9410 1
138.2196 193.6714 1
114.4962 82.5999 1
174.6390 160.7498 1
152.9052 248.6663 1
110.7215 229.6294 1
115.8015 150.3613 1
198.8607 172.4242 1
182.7724 232.8367 1
133.6126 170.9866 1
214.0327 167.5567 1
159.6818 96.8978 1
118.6929 141.7470 1
161.2633 17.2342 1
140.7115 245.2046 1
104.5096 34.8196 1
152.1031 194.9431 1
