215.6362 60.4583 0
190.9888 246.3161 0
248.4643 43.8365 0
182.5279 61.4739 0
220.7009 181.5758 0
207.5149 4.1392 0
204.4734 175.2684 0
242.4695 75.2639 0
201.2607 34.0824 0
230.8339 72.6201 0
246.5088 212.4635 0
214.7909 35.0514 0
237.7890 79.6553 0
226.0883 180.5233 0
224.5304 132.2418 0
171.2900 233.9981 0
218.0070 18.7990 0
215.3946 116.6645 0
199.0289 51.9311 0
191.0206 127.9396 0
165.5079 205.8456 0
243.4105 141.5762 0
214.4552 150.3883 0
234.1291 142.7517 0
233.3539 6.4753 0
246.2840 203.9677 0
212.8654 98.1541 0
203.5317 45.4227 0
212.5725 225.7768 0
207.9631 101.0378 0
245.1998 119.7903 0
210.4205 188.9720 0
234.3763 15.8278 0
131.5719 193.4067 0
202.8264 133.9301 0
244.3997 87.1664 0
238.2686 58.3898 0
194.7453 222.4467 0
184.2353 16.6266 0
209.1653 132.9946 0
222.4458 11.6595 0
246.1200 188.2355 0
179.4846 119.1858 0
243.6000 152.6793 0
215.4299 76.8036 0
225.7852 214.9563 0
203.2618 9.5716 0
232.6088 204.2019 0
190.6707 236.2412 0
212.6598 233.8405 0
177.4102 239.7627 0
227.8656 81.2528 0
231.4755 159.7645 0
249.4980 228.6131 0
230.3497 103.7200 0
243.7430 32.5253 0
224.1184 246.8483 0
213.2057 90.7038 0
209.1668 37.4059 0
194.4252 142.0349 0
245.1118 247.1289 0
220.4132 146.6597 0
184.4964 26.0579 0
240.2474 196.3844 0
177.7633 114.6060 0
184.0058 153.7108 0
163.0745 198.5773 0
210.8582 70.7936 0
201.0330 242.3879 0
203.1081 23.1728 0
249.9509 221.8543 0
226.2581 93.9352 0
241.5050 212.2864 0
179.4305 206.8168 0
218.9788 133.4658 0
229.7763 119.8132 0
244.7323 56.4352 0
237.4129 2.1138 0
233.0550 124.0897 0
232.7304 94.9173 0
171.9614 213.1195 0
204.7629 90.4155 0
230.3189 208.6113 0
242.2300 177.6879 0
209.7011 213.4342 0
195.8675 125.2202 0
197.4338 231.6478 0
225.0020 108.9277 0
234.7620 186.9777 0
219.7353 159.1692 0
219.7408 208.8265 0
223.5620 7.0525 0
198.4410 169.4109 0
193.7893 91.6982 0
204.1799 157.5300 0
170.2788 51.9456 0
245.9763 3.4431 0
239.5668 100.6378 0
211.4044 138.0835 0
244.5146 46.4956 0
194.3166 237.0417 0
180.1084 125.3019 0
226.5544 53.6217 0
210.3857 19.5648 0
179.6344 2.7634 0
176.1809 16.3334 0
237.7137 33.1596 0
185.5199 209.5149 0
234.6149 47.1419 0
238.7789 67.5542 0
218.6182 249.4328 0
234.6143 241.5812 0
214.4843 55.4321 0
242.9876 160.1176 0
224.0797 84.8260 0
229.9248 241.8297 0
188.2274 45.7454 0
191.0232 87.4649 0
179.5357 230.1360 0
200.9367 74.2604 0
227.5985 24.4295 0
198.2277 204.4430 0
237.8141 23.9849 0
206.6819 121.4803 0
209.9095 165.3617 0
217.3942 191.6569 0
188.5283 205.3820 0
194.6287 149.6090 0
194.5119 69.9027 0
220.6881 121.1647 0
238.1465 160.5114 0
236.3676 220.0857 0
188.8973 37.0234 0
233.2144 137.8461 0
240.1947 236.9394 0
227.9380 250.1015 0
197.7225 134.7085 0
214.5773 126.4257 0
192.0164 28.7651 0
198.7162 42.9060 0
234.1152 86.9627 0
194.7430 182.2953 0
193.6379 215.0375 0
220.4184 200.6243 0
214.9326 45.5712 0
211.5708 5.8801 0
200.9773 59.3986 0
226.6133 66.6887 0
231.0194 129.9917 0
245.6062 61.6206 0
226.3660 35.4878 0
232.7842 233.0530 0
183.2849 104.9586 0
204.0126 191.6723 0
219.4914 56.0374 0
209.1096 110.4977 0
178.2879 55.8292 0
236.7230 226.0886 0
237.0685 114.2790 0
230.9570 39.7382 0
201.6691 86.7182 0
170.0426 107.4705 0
201.5210 98.9664 0
220.8318 153.4400 0
221.2307 75.8543 0
250.0463 195.7832 0
205.5274 166.8623 0
234.9778 196.0884 0
242.0348 230.0392 0
190.5519 200.8348 0
229.0042 149.2596 0
221.5187 235.1517 0
192.1640 57.5247 0
196.6485 47.5758 0
223.9773 196.4206 0
194.2614 23.0316 0
213.9634 107.6356 0
229.0970 217.3017 0
239.2184 174.6227 0
209.7600 241.7374 0
204.0418 40.5822 0
200.9285 184.3406 0
187.6938 137.1453 0
208.7633 159.0292 0
213.3991 180.7426 0
245.9381 67.0398 0
213.5036 24.6885 0
247.6089 108.4930 0
211.0973 197.5320 0
234.8434 168.6986 0
242.5060 130.8061 0
207.2725 74.6028 0
227.5639 238.3766 0
196.8064 65.6325 0
224.3727 149.2498 0
205.9964 27.8996 0
228.4165 192.7170 0
193.1638 19.2157 0
221.2528 164.6962 0
193.8936 8.8702 0
183.8634 199.9969 0
185.4407 237.9338 0
241.7962 113.6344 0
230.6973 171.6574 0
238.1787 7.2398 0
213.8381 175.6425 0
215.6534 70.0316 0
176.9871 213.0228 0
238.8119 87.4885 0
199.5898 111.7184 0
175.9590 7.8351 0
203.0569 212.7892 0
171.1578 204.4701 0
183.2112 47.0928 0
238.4641 105.5991 0
243.3201 240.8435 0
223.0271 113.6121 0
182.7042 245.4070 0
228.3608 14.9185 0
187.1322 124.4920 0
227.1725 140.5376 0
218.8305 37.8904 0
184.3439 148.7556 0
221.5783 28.2481 0
236.4253 213.4421 0
231.0495 179.2750 0
186.0016 68.8337 0
203.9256 124.6019 0
247.3233 14.0884 0
205.7269 54.9745 0
223.1689 127.7405 0
183.8688 136.4614 0
233.6013 29.7098 0
203.9471 223.4737 0
243.7758 21.1764 0
198.7044 197.1046 0
247.4320 95.8221 0
222.1047 169.6525 0
236.8226 123.1300 0
247.6727 103.4647 0
166.9967 222.8485 0
188.6142 4.3056 0
170.1580 43.3349 0
192.7543 188.2636 0
184.0702 228.5036 0
212.0981 203.0435 0
237.8576 151.2622 0
219.6076 98.9015 0
199.5040 2.1865 0
185.7293 141.8819 0
246.3193 9.2498 0
224.7322 43.9774 0
248.1967 27.0166 0
218.9879 225.2754 0
210.7105 142.8931 0
218.5352 90.1223 0
222.7597 102.7999 0
172.8991 221.0854 0
186.3613 223.9304 0
210.8720 217.5759 0
229.0267 224.5129 0
210.9536 13.6864 0
182.7868 54.7572 0
247.1031 170.6754 0
206.8450 62.9204 0
197.9373 152.8665 0
246.8857 137.3750 0
159.0980 207.9047 1
116.3398 246.9701 1
181.1070 84.4810 1
123.9088 146.9799 1
162.0600 29.5329 1
120.6067 163.5588 1
170.2219 130.6574 1
158.6773 13.1553 1
150.9892 187.1440 1
167.9469 112.0408 1
105.0804 188.0856 1
162.0381 88.2702 1
152.4045 230.4161 1
100.7997 46.4896 1
113.1766 27.5845 1
149.3213 249.9364 1
153.7655 4.4775 1
161.6448 214.7463 1
133.0632 131.0719 1
170.9629 0.8199 1
112.7622 53.0245 1
120.7057 207.5278 1
158.9303 128.6177 1
129.6800 105.0984 1
140.6802 149.2064 1
158.7327 241.5962 1
156.1081 140.6159 1
131.9806 203.3953 1
170.4536 32.4804 1
122.3153 201.6777 1
104.3533 181.4550 1
137.8263 48.8871 1
116.5100 103.9946 1
132.4024 228.9554 1
112.6328 154.7367 1
153.2649 160.9527 1
155.2306 75.2832 1
105.7306 241.2692 1
173.4044 178.7337 1
193.0016 83.7800 1
118.3751 15.8240 1
126.3412 60.6357 1
165.6733 227.8173 1
123.5853 177.6749 1
157.7271 37.6553 1
159.9797 7.3755 1
105.9711 87.8209 1
110.9892 58.6978 1
147.4404 227.6776 1
150.2444 242.8161 1
177.2523 85.5650 1
167.2331 171.6443 1
114.7916 197.2034 1
125.2197 159.8230 1
129.6427 39.8832 1
146.3011 109.2469 1
148.4312 206.0116 1
133.5618 168.8931 1
162.6454 123.3179 1
127.5680 185.8185 1
120.2735 232.4008 1
179.7057 168.1259 1
123.8846 66.0327 1
113.0368 45.0006 1
177.4179 93.4616 1
104.2468 128.8927 1
113.3696 9.2722 1
127.2219 249.5676 1
133.9187 149.2244 1
109.5333 207.3920 1
127.5995 74.0791 1
132.9589 100.8535 1
101.8557 61.2034 1
142.5129 236.4506 1
181.7224 185.5909 1
102.5799 211.3321 1
146.7601 15.7351 1
108.2743 228.0652 1
147.9040 137.8681 1
159.2360 55.7783 1
108.3090 102.7713 1
157.5503 225.4748 1
147.8967 26.4870 1
123.0706 7.2094 1
151.3650 59.0265 1
168.0333 70.7809 1
166.0019 161.5214 1
116.9437 151.1247 1
103.5721 169.5165 1
131.0853 121.9311 1
166.9108 115.3271 1
150.5435 65.4831 1
172.3861 102.8050 1
160.0877 181.6162 1
104.5118 194.8526 1
133.4285 177.9765 1
142.7983 17.0051 1
112.8970 236.8740 1
190.7291 178.9719 1
180.3882 34.2330 1
134.9070 14.0338 1
132.2769 237.6041 1
153.1368 111.6030 1
120.5703 94.5552 1
169.9737 125.2019 1
146.0940 95.4807 1
128.7250 34.8279 1
101.5426 24.3277 1
142.9315 79.0037 1
148.4128 179.7318 1
115.4962 135.9389 1
102.5224 12.1846 1
122.2394 45.9665 1
101.1472 115.1310 1
155.9837 45.7051 1
135.4013 159.3408 1
142.1548 100.3730 1
150.1595 167.7733 1
102.7584 141.9205 1
158.5513 172.8947 1
124.3922 98.7147 1
147.6209 42.1660 1
192.0682 170.6931 1
100.3327 216.1992 1
153.5457 146.9121 1
175.2663 38.4116 1
116.8398 77.0200 1
136.4836 221.5460 1
181.9171 160.9650 1
113.0702 81.7791 1
119.0625 33.8224 1
181.4450 21.8665 1
147.2112 159.1525 1
174.2565 156.8134 1
123.0511 54.1616 1
117.4082 188.8650 1
101.5626 115.5780 1
166.5692 2.8178 1
143.6220 53.9829 1
144.3623 35.5221 1
108.2795 71.2204 1
112.2118 119.2366 1
158.6214 140.9058 1
111.0042 248.0061 1
151.1047 150.3657 1
183.1905 179.7585 1
172.6668 92.9420 1
155.2374 220.5415 1
176.1158 190.5949 1
154.6362 21.4677 1
180.7029 173.2682 1
122.0239 115.2910 1
124.0190 24.6375 1
165.5686 142.0166 1
159.1192 115.2850 1
169.4179 81.0300 1
125.2780 194.5428 1
144.7093 219.2908 1
114.7778 182.8037 1
106.3401 153.6835 1
151.7664 119.6380 1
115.0036 68.0729 1
174.1113 247.5343 1
145.0804 6.1557 1
160.7095 91.6977 1
104.7131 52.8097 1
146.1035 75.5852 1
147.7113 128.4998 1
146.1578 195.2260 1
134.4017 25.1586 1
166.0575 50.1002 1
108.0967 3.4773 1
159.0956 66.9164 1
142.4643 154.2600 1
154.8253 195.1845 1
135.0022 240.8559 1
151.0477 83.1680 1
137.0766 94.2424 1
125.6419 92.0051 1
124.6168 105.8484 1
122.0410 81.2045 1
189.1565 158.7660 1
113.5114 90.7893 1
138.8391 59.8574 1
128.0684 45.0903 1
164.4254 21.5812 1
130.4314 65.2006 1
176.4310 140.2978 1
108.5552 168.7549 1
167.7952 196.7574 1
114.7790 170.2396 1
133.1154 84.4971 1
113.4221 177.6980 1
140.1732 38.9147 1
142.3210 167.6032 1
172.9067 23.5976 1
163.1303 39.4757 1
100.2694 97.7119 1
190.2089 110.1734 1
161.0532 247.0982 1
183.6903 78.7509 1
135.1285 115.4936 1
111.3569 21.0054 1
140.9160 129.5324 1
108.4372 38.8432 1
142.2223 198.9717 1
168.9283 60.5106 1
113.4599 123.9444 1
155.2045 96.2872 1
105.2335 233.2876 1
109.2241 223.2948 1
127.5937 228.4325 1
156.0574 132.4113 1
127.2094 221.5306 1
166.9266 97.9316 1
160.4944 193.1660 1
128.0810 209.4715 1
159.9816 104.5632 1
188.1783 188.2904 1
166.6006 13.2748 1
119.2747 122.0267 1
195.4502 160.9129 1
143.6462 116.0460 1
107.2150 136.6274 1
124.8849 138.7527 1
124.9460 240.6332 1
131.2390 13.7856 1
137.5687 246.4941 1
167.0826 244.1317 1
138.5206 212.7599 1
