202.7355 17.8098 0
183.4067 135.7026 0
203.9972 193.0135 0
227.1485 52.3414 0
205.1009 152.9468 0
240.3523 151.3020 0
186.8375 82.6997 0
242.8601 207.9538 0
191.8658 75.0004 0
211.5530 121.6321 0
216.4388 180.8278 0
229.4788 154.2043 0
196.5557 242.2596 0
234.2963 43.2764 0
213.1712 131.7845 0
202.4658 63.2561 0
180.7343 183.1660 0
229.6201 10.7471 0
196.2910 197.5102 0
249.3971 167.4117 0
200.3994 220.2806 0
245.5910 150.3277 0
223.0741 172.4230 0
250.3911 66.5783 0
184.4660 116.7027 0
185.8140 68.5746 0
244.9193 236.0688 0
231.5904 18.2785 0
193.0610 116.4366 0
233.1650 128.9573 0
240.5763 187.3173 0
185.7560 211.9553 0
239.1087 77.5674 0
149.2388 42.5447 0
181.8519 147.8795 0
205.6937 242.3878 0
226.1076 63.7961 0
195.9680 124.5183 0
242.1907 34.0694 0
230.5785 176.3544 0
218.6285 109.1569 0
209.7814 89.2149 0
222.9881 232.6610 0
224.0831 30.7690 0
204.5958 31.4561 0
224.7198 240.5029 0
196.8208 224.3916 0
229.7561 219.5058 0
203.1561 92.9892 0
214.2063 176.3327 0
223.3269 147.8711 0
238.8425 238.0992 0
250.2849 135.7362 0
202.6660 39.3305 0
224.3379 95.3738 0
210.8241 63.0276 0
188.0899 151.8167 0
249.1844 26.1247 0
219.0642 155.5661 0
187.4237 28.9502 0
189.2139 168.8452 0
176.6090 206.2222 0
241.9801 179.8717 0
243.7379 228.8005 0
202.1195 175.0200 0
239.2363 44.8503 0
228.8179 37.7463 0
246.2731 210.8674 0
166.3978 140.5969 0
221.4802 214.2459 0
213.5432 236.7636 0
247.0465 240.9659 0
235.7797 158.3182 0
225.8678 127.3986 0
236.8397 112.4610 0
225.7206 116.5796 0
195.7275 247.6969 0
216.7661 106.2445 0
209.4729 109.8574 0
245.5659 224.0202 0
217.5929 238.5680 0
198.1290 137.8732 0
214.6050 218.6836 0
233.7042 121.6418 0
233.2598 196.0336 0
200.7585 145.8214 0
195.7991 5.0413 0
234.2319 60.7331 0
196.3510 233.8962 0
177.6009 175.5279 0
200.1504 190.1145 0
223.7111 185.3194 0
206.2687 50.3030 0
244.7049 107.6429 0
223.7868 100.8007 0
229.6011 124.1577 0
190.3096 39.0172 0
189.2325 177.0323 0
236.4431 54.5293 0
179.8090 25.3193 0
188.4997 21.8193 0
227.3467 90.5667 0
202.7879 26.0235 0
250.8460 83.8260 0
229.8208 47.0691 0
246.9755 4.8923 0
228.6622 206.1938 0
162.5415 135.0694 0
236.0925 170.0549 0
185.8009 75.3416 0
236.0390 30.7702 0
200.2527 101.0398 0
183.9662 200.7086 0
210.6009 35.5910 0
172.5803 135.4862 0
185.2557 106.3331 0
216.0701 229.2562 0
217.4772 72.0433 0
189.1567 143.6703 0
242.3932 142.7881 0
184.3296 157.3218 0
232.2890 70.1963 0
237.2049 220.5058 0
184.3459 15.9177 0
241.6125 244.2906 0
199.1983 164.6765 0
247.7901 189.0559 0
204.4805 87.5060 0
234.7649 137.8867 0
216.4030 165.5675 0
216.6815 194.9518 0
171.8925 95.5530 0
244.3192 155.1061 0
244.2672 60.3189 0
184.5962 122.3301 0
184.3852 143.6175 0
218.9239 38.4713 0
194.4598 88.3361 0
246.1045 86.2313 0
196.2390 208.9445 0
204.1150 184.1037 0
237.9678 211.1396 0
233.3996 100.4908 0
248.7123 70.7436 0
196.0669 77.9466 0
243.7968 80.6305 0
217.3732 115.9304 0
245.2525 124.3634 0
239.2226 22.0719 0
201.8477 140.6776 0
205.6872 232.1262 0
237.7404 87.3128 0
208.3459 117.9542 0
200.5414 72.7164 0
243.4006 18.4318 0
202.4786 124.1983 0
251.3891 205.6088 0
234.7704 78.5255 0
246.0024 194.7943 0
126.5275 88.1521 0
185.0988 87.4482 0
182.3854 130.3442 0
196.7379 149.2026 0
191.8490 101.5156 0
241.9287 93.5941 0
209.4430 207.2990 0
233.6515 208.1766 0
235.5481 4.7047 0
192.7692 221.7672 0
225.2745 140.3676 0
223.7254 23.2992 0
232.7201 84.3265 0
195.5403 30.5966 0
223.5245 198.9608 0
198.5742 30.2196 0
205.9158 106.0062 0
228.3219 235.5884 0
217.6356 206.3677 0
229.4022 6.0601 0
212.2616 81.3838 0
200.8029 224.9010 0
195.3222 179.8358 0
181.7778 191.3141 0
206.0045 168.3961 0
236.4493 200.4049 0
223.0305 71.4908 0
243.1013 119.7277 0
230.0772 230.1629 0
209.2368 155.7923 0
241.2487 171.8274 0
213.9865 97.9512 0
230.9323 27.9474 0
209.2135 102.1552 0
248.8354 97.9582 0
208.2754 162.6319 0
208.4335 71.1268 0
200.7276 209.6928 0
245.0484 55.8760 0
219.5578 9.5460 0
189.8721 229.9020 0
214.0654 247.4800 0
206.5801 136.0439 0
192.3216 200.5029 0
239.0872 161.8127 0
250.0496 48.7527 0
190.2126 187.2712 0
217.4205 135.5789 0
210.5242 226.7261 0
221.7181 83.0323 0
184.1751 176.0002 0
211.3399 43.5337 0
215.7960 28.0905 0
183.2795 218.5650 0
219.9634 62.6843 0
246.1759 11.9449 0
215.8946 126.3586 0
217.4186 18.9746 0
241.5324 66.1567 0
197.8674 108.7548 0
214.7976 153.3308 0
225.2483 76.4702 0
185.0208 166.6228 0
202.6664 58.3533 0
211.8456 198.8481 0
209.4839 187.1289 0
173.5974 144.2981 0
216.1455 91.8033 0
203.9549 97.6101 0
228.3083 164.3946 0
192.8105 133.1681 0
233.5237 106.0572 0
203.7502 204.7369 0
241.9991 102.4536 0
250.6590 148.8205 0
236.1202 231.7926 0
233.5919 145.2086 0
225.2518 189.5070 0
229.1680 136.7061 0
189.6435 11.3900 0
249.7127 184.4612 0
216.9680 56.0584 0
189.0490 93.9095 0
192.3569 162.0442 0
209.1260 8.5375 0
208.7143 16.9062 0
225.0280 176.5795 0
241.7083 130.7195 0
224.5195 45.4114 0
184.1974 196.1338 0
246.5100 199.6030 0
249.3240 162.0846 0
246.6231 113.9459 0
233.0066 247.6091 0
178.4852 167.4501 0
202.9190 131.7526 0
208.5390 127.0965 0
208.7333 218.8918 0
218.6486 250.8943 0
222.8768 222.5305 0
224.6205 249.4385 0
247.2110 38.2538 0
205.8140 80.1661 0
200.0332 156.4395 0
181.8254 239.2894 1
162.6723 12.8124 1
122.3189 67.9921 1
136.5037 77.3888 1
164.2120 154.6329 1
110.1398 101.2032 1
139.6146 212.8893 1
141.6420 224.2934 1
126.2514 115.3857 1
135.6938 56.2393 1
101.4882 221.1621 1
126.5947 148.6668 1
117.8674 239.6892 1
163.4503 60.3769 1
109.8231 218.9238 1
133.5877 67.8867 1
132.9254 38.6850 1
158.9485 161.1124 1
127.0189 239.0383 1
119.1492 221.2710 1
106.9033 20.6327 1
115.6355 84.6175 1
100.7773 36.9507 1
127.8090 43.4753 1
124.2379 52.1124 1
169.1862 212.4576 1
133.0142 88.2677 1
160.7091 49.9384 1
165.4266 99.5450 1
166.7734 182.3179 1
124.8068 180.2158 1
166.4360 36.1177 1
128.2453 159.0689 1
175.5194 196.3991 1
137.5686 234.1513 1
138.0329 39.8706 1
173.6192 127.1759 1
162.1529 89.0404 1
160.2182 148.4871 1
102.0210 181.3755 1
173.7457 118.3775 1
170.3529 59.0751 1
100.8971 155.0076 1
148.0334 166.0453 1
119.8845 76.8536 1
106.8953 200.2818 1
155.4291 62.6719 1
186.1245 7.5634 1
102.8450 122.9339 1
118.7343 142.4103 1
140.1709 45.5324 1
188.4083 59.1961 1
118.8633 61.3742 1
129.6781 80.4975 1
130.0970 172.6309 1
110.6031 16.7497 1
137.2496 86.1463 1
130.1752 182.4158 1
158.9192 244.6935 1
162.7334 193.2544 1
155.4659 232.5801 1
146.5382 146.1201 1
162.7312 169.3855 1
151.3563 168.9106 1
116.0290 244.9183 1
116.7357 110.9953 1
130.2333 167.7359 1
138.9998 5.4975 1
158.8580 73.5273 1
115.6403 100.9285 1
142.3853 59.5244 1
172.8505 24.5781 1
176.4293 44.8282 1
184.4042 41.3794 1
118.2531 250.1451 1
167.0119 116.3116 1
156.9573 34.4308 1
157.7504 198.9556 1
156.3329 181.5533 1
140.8998 192.5711 1
116.1221 151.5973 1
134.4634 141.6977 1
124.1005 235.6958 1
144.6217 139.6398 1
151.0218 138.8860 1
154.6208 238.5492 1
133.9628 16.6722 1
147.4983 1.2600 1
173.8010 229.5525 1
115.7106 14.6297 1
136.8439 117.6254 1
202.0135 49.3471 1
111.8393 210.0553 1
180.4764 99.7281 1
170.1243 6.8402 1
135.5498 101.2003 1
144.2658 70.8523 1
105.2822 237.0000 1
107.1632 137.2652 1
136.6489 161.8571 1
133.9594 152.8315 1
133.0043 220.4482 1
152.0541 54.6463 1
169.2552 176.3553 1
149.4669 37.3887 1
151.3620 22.3256 1
132.2018 205.1786 1
146.5205 50.8590 1
165.1010 164.5590 1
116.2508 70.6313 1
154.9336 250.9010 1
118.2380 202.1669 1
168.2632 79.7523 1
154.4398 117.8966 1
106.3420 108.1204 1
141.8112 168.5075 1
146.8981 104.1806 1
143.0052 112.9080 1
143.1298 183.2892 1
161.8978 176.2285 1
168.1480 87.8013 1
106.3928 153.0002 1
150.6931 225.0040 1
112.5847 229.3160 1
108.0972 212.9477 1
107.5250 160.6754 1
149.6360 177.8916 1
173.6366 238.7822 1
121.0568 19.8691 1
178.5205 66.5369 1
172.7718 185.9521 1
142.8863 203.0894 1
168.7851 240.0983 1
112.9847 36.0281 1
174.8552 76.1556 1
145.5732 99.6040 1
123.5037 220.3516 1
129.5707 227.5198 1
134.0188 73.1198 1
160.3102 132.1143 1
135.1316 199.9431 1
150.8571 149.4314 1
130.4431 2.2960 1
157.0423 25.5504 1
119.7608 93.5346 1
156.2039 190.7679 1
143.9934 155.9778 1
100.2479 188.0206 1
111.1060 168.6998 1
104.9037 62.9365 1
158.8152 91.9033 1
138.7389 30.3743 1
139.8785 135.6639 1
150.6455 110.3805 1
102.4969 102.5262 1
146.7939 126.9778 1
164.0663 121.7083 1
194.6568 38.8798 1
177.1983 13.8089 1
144.6433 123.8956 1
139.6744 246.8861 1
103.8897 242.9404 1
121.3906 165.7526 1
176.4541 83.6985 1
125.9887 72.3336 1
167.6039 46.2840 1
152.8137 98.4942 1
125.5862 29.3799 1
157.6291 78.0857 1
153.2374 76.7276 1
113.1062 131.2676 1
106.0860 175.4876 1
110.2834 188.4381 1
171.1647 56.0088 1
135.2300 188.1357 1
183.1636 51.6552 1
153.6179 13.4107 1
106.5061 28.5445 1
156.6884 213.1921 1
105.5129 44.7059 1
142.1830 95.5960 1
104.5329 146.5534 1
148.6422 193.2836 1
129.1881 33.3892 1
103.6394 94.4604 1
114.5287 40.7001 1
110.5645 91.0721 1
132.0955 128.6754 1
123.6436 34.9042 1
161.0390 117.7545 1
133.6857 244.9271 1
115.4807 119.9044 1
158.4546 208.2203 1
106.1046 89.2766 1
174.1685 211.9437 1
114.8962 191.5736 1
166.9817 23.6678 1
178.3956 34.9062 1
159.6382 217.1910 1
127.3826 59.5061 1
115.1077 55.4652 1
193.7986 54.7103 1
157.7594 3.3582 1
106.9143 116.4411 1
109.1700 66.2012 1
178.9140 248.7937 1
174.4168 147.3880 1
180.1733 159.8537 1
155.8279 224.4409 1
171.0201 68.3375 1
163.7779 42.1873 1
127.4217 131.8124 1
142.2626 20.3020 1
193.6587 66.5260 1
125.5687 14.8777 1
116.7542 160.5191 1
172.6044 102.4094 1
173.7160 3.5067 1
128.8041 248.9014 1
149.2126 207.6025 1
120.0439 6.8919 1
167.2205 204.5057 1
177.2068 117.2404 1
163.3235 236.5182 1
110.9243 147.9645 1
155.8544 57.4476 1
130.3985 121.9010 1
121.4427 197.5820 1
201.6492 9.1925 1
139.8771 155.5145 1
130.2186 107.5067 1
119.7482 54.1934 1
146.6643 26.9303 1
133.1241 96.4800 1
105.5227 3.9511 1
158.3913 11.1880 1
145.7268 241.4567 1
147.4592 217.3539 1
167.3204 30.7281 1
188.8965 241.8369 1
