232.5034 54.9426 0
239.4411 87.6757 0
174.7444 240.2249 0
237.2780 62.3141 0
237.2318 41.0500 0
249.9269 14.7881 0
212.6826 126.1495 0
172.4996 215.6258 0
170.6852 16.3147 0
207.8769 113.3109 0
243.5802 101.2649 0
188.5181 247.7189 0
180.8856 62.4259 0
250.3786 119.5231 0
225.7079 219.5371 0
171.3893 57.3768 0
202.5506 75.2665 0
206.1240 132.2962 0
222.9324 91.0648 0
227.1385 184.5792 0
177.0487 222.6032 0
237.5813 244.6633 0
231.1932 90.3768 0
193.4570 249.2610 0
231.4694 95.5124 0
215.8386 231.1671 0
186.3375 134.7075 0
194.5236 192.8596 0
208.5232 180.1131 0
207.6964 237.3427 0
218.7921 207.4108 0
243.8310 13.1913 0
243.7924 82.9749 0
239.2876 199.2182 0
189.4924 73.3037 0
187.6930 21.6997 0
231.7399 196.6873 0
208.4791 226.7464 0
216.8782 147.9665 0
249.1715 148.7769 0
249.1404 185.9126 0
247.7017 32.3276 0
204.4337 153.2675 0
247.4370 193.9660 0
202.9399 1.0266 0
218.4224 133.5491 0
246.9534 56.3937 0
168.9798 3.9885 0
206.1735 5.1505 0
210.8453 104.4473 0
233.6697 175.7677 0
238.0654 76.9903 0
240.0377 58.1286 0
210.5377 77.0283 0
193.2970 167.4431 0
229.6433 23.5062 0
184.3725 0.2525 0
189.3217 182.0193 0
186.4358 147.8630 0
186.9004 230.7778 0
246.7662 161.4911 0
177.2833 50.1484 0
184.4724 143.3379 0
211.7821 139.5495 0
182.4041 238.2196 0
229.3390 61.2064 0
197.1277 84.2624 0
221.6557 74.1091 0
249.1508 2.4362 0
231.6484 103.3978 0
237.0125 179.7117 0
224.0242 171.3650 0
205.8940 32.0827 0
220.1757 163.5170 0
221.4468 61.7036 0
197.0196 240.8518 0
217.5200 141.5879 0
202.7377 208.2682 0
207.4996 222.3825 0
218.4966 125.3965 0
224.1678 40.4995 0
242.2869 234.0797 0
208.6240 213.3514 0
205.5854 118.7795 0
185.9042 195.5052 0
186.3027 212.6536 0
193.1881 202.7034 0
236.8254 102.4726 0
240.9157 48.1486 0
241.0305 129.4751 0
184.9970 203.0390 0
208.3809 62.7421 0
247.2526 69.1302 0
167.5636 49.7785 0
211.0785 207.7810 0
248.3318 93.0827 0
232.3665 202.1910 0
177.3474 17.1451 0
163.9262 144.6968 0
213.6682 41.1502 0
240.8451 19.4980 0
194.6465 179.2261 0
242.4236 112.1790 0
183.2492 220.3545 0
216.4773 117.2789 0
182.6502 8.6614 0
235.6180 240.1761 0
214.9482 219.9930 0
243.4990 3.5670 0
183.6715 70.5686 0
196.2693 120.7201 0
235.2067 158.4439 0
169.2848 221.0081 0
233.8439 186.3693 0
213.9613 54.3077 0
227.7332 78.1431 0
221.0323 69.1187 0
187.2328 40.4014 0
222.0124 155.1676 0
249.6922 244.9524 0
247.9367 199.7026 0
235.3898 16.7571 0
214.5972 33.5565 0
238.9456 219.0553 0
191.5809 50.1069 0
217.3549 44.8486 0
193.7315 9.6572 0
248.1257 140.3751 0
174.0533 10.8398 0
191.6775 188.6086 0
191.1261 88.0242 0
229.3285 193.4465 0
178.4934 57.0551 0
231.8708 248.2277 0
192.1733 62.2810 0
194.3778 125.2961 0
211.0840 2.6169 0
214.5919 109.1410 0
204.9969 123.7279 0
222.9118 211.0636 0
226.5572 30.6233 0
207.7505 167.4219 0
186.5233 94.2836 0
201.2229 34.5959 0
195.0910 226.7276 0
185.7229 50.5204 0
244.1256 222.0260 0
246.5847 215.7759 0
229.8987 126.3933 0
221.7430 197.6421 0
194.7475 71.5186 0
236.6656 111.1801 0
227.0636 162.5653 0
212.8239 157.6347 0
204.2359 50.2133 0
225.4015 136.9673 0
217.7701 160.3410 0
248.7743 156.7510 0
218.6847 79.0156 0
187.3875 5.5718 0
220.8789 232.1785 0
228.1538 42.5080 0
246.4193 27.1495 0
179.4732 137.1208 0
180.7773 125.1516 0
216.9292 175.6761 0
204.7447 82.4314 0
222.6226 15.6630 0
216.5791 11.3218 0
226.9813 10.7503 0
224.4691 82.5920 0
232.2244 84.3402 0
191.0961 235.7138 0
215.7080 104.3911 0
185.6807 188.1840 0
174.6483 41.6503 0
224.2284 20.8340 0
213.4880 93.2718 0
235.9355 214.0571 0
215.9802 194.6700 0
196.4562 13.4690 0
201.5009 95.7835 0
222.2200 121.5532 0
196.8652 103.1339 0
246.8096 230.4988 0
190.5737 116.4997 0
229.1721 212.4079 0
240.0657 118.8502 0
237.7411 227.6968 0
211.5146 29.8207 0
232.9033 132.3592 0
184.0149 243.1950 0
212.5425 19.1377 0
239.4337 137.7781 0
175.0665 245.5444 0
200.6326 199.4020 0
184.3753 29.9229 0
198.6034 54.4816 0
230.5157 239.4934 0
219.0777 202.6771 0
203.3916 26.1184 0
233.8437 150.3007 0
223.4864 245.8194 0
204.9990 67.8936 0
198.5579 148.0939 0
194.2537 112.0944 0
195.6603 131.0043 0
183.8670 138.1555 0
211.0014 202.4898 0
195.4311 235.3130 0
193.2914 208.6094 0
241.9451 169.8665 0
245.0107 130.6351 0
213.5562 68.2197 0
167.6128 232.0070 0
184.9305 60.0322 0
205.9876 87.3480 0
241.0853 69.6756 0
239.2128 162.0847 0
194.5285 40.9068 0
218.5065 241.1444 0
205.6107 243.0697 0
231.1334 207.7690 0
232.9307 68.6344 0
177.8123 232.6429 0
197.8013 170.5610 0
167.1702 226.4888 0
236.6558 97.2013 0
197.7659 213.9692 0
205.9512 172.9892 0
222.3703 98.9410 0
195.8942 152.8569 0
248.4172 78.5456 0
187.7807 121.5293 0
192.8918 30.0097 0
170.0487 20.9398 0
200.8355 136.6985 0
217.9890 2.7695 0
220.2532 221.4482 0
226.9465 88.4406 0
225.4879 225.7424 0
190.5806 226.7517 0
243.3466 38.9074 0
203.6183 55.1210 0
248.1755 180.4646 0
235.7638 29.3566 0
227.1823 109.4552 0
228.0369 2.1962 0
213.5535 188.2051 0
199.3454 221.7126 0
198.3480 182.9164 0
234.2061 141.2115 0
246.0208 241.8283 0
192.1098 82.4594 0
227.2571 122.1692 0
192.9301 157.6043 0
232.8336 49.4497 0
208.1253 42.0071 0
239.3527 204.2379 0
234.9807 165.5406 0
103.8837 156.1001 0
186.7053 160.6031 0
226.8877 146.5312 0
236.2970 131.6440 0
202.0252 13.3946 0
188.9447 15.9019 0
220.6499 25.2620 0
233.2978 115.3660 0
206.7227 13.4965 0
174.3547 249.8311 0
221.4364 182.1509 0
245.3006 95.9584 0
212.9238 235.6531 0
204.6708 189.0315 0
224.6040 52.1980 0
233.6088 37.0496 0
226.2996 104.2503 0
203.5373 195.1790 0
199.1857 162.2851 0
186.6624 79.0929 0
210.6704 93.9315 0
178.2211 129.0241 0
180.8766 211.1853 0
209.9732 162.6518 0
233.6739 224.7230 0
231.3900 6.8906 0
200.8707 20.5528 0
249.8024 125.2126 0
224.6379 151.3752 0
142.3833 97.7293 1
155.0177 84.2867 1
174.4937 78.5092 1
130.1771 178.3893 1
116.5472 153.3425 1
106.6128 245.2287 1
106.8564 90.1482 1
167.9620 170.3821 1
148.7505 217.4953 1
141.4365 148.1754 1
150.2422 111.5835 1
111.8941 41.8329 1
183.4829 164.2316 1
136.0775 104.4000 1
109.9453 50.0050 1
114.4419 230.1057 1
128.9916 132.2745 1
106.7768 113.6096 1
136.0541 190.1185 1
167.2427 161.6773 1
139.8482 215.3964 1
157.6886 22.6991 1
137.3542 130.0263 1
145.4142 178.7493 1
140.3044 27.1814 1
109.1412 163.9549 1
167.0677 87.7710 1
158.9898 226.2440 1
145.1446 112.5891 1
151.5719 130.5753 1
130.0441 120.1342 1
152.0191 121.5236 1
117.9703 135.6651 1
105.1278 188.9745 1
124.7000 242.0833 1
132.0092 18.5187 1
131.6501 141.7471 1
145.4888 136.1546 1
144.3299 123.8864 1
113.8290 192.5305 1
107.5306 176.9702 1
116.4882 186.5915 1
129.7173 115.3388 1
175.5516 106.0167 1
137.0067 243.5134 1
119.6839 13.9032 1
105.2282 161.9624 1
170.4859 98.9163 1
112.2815 214.9386 1
120.1074 207.4332 1
157.4780 80.7318 1
125.8925 75.8736 1
109.0458 240.7761 1
136.1353 30.4083 1
145.2181 30.6521 1
104.4203 206.3140 1
112.4556 148.2588 1
146.1181 19.9891 1
160.4424 131.3684 1
134.1746 86.1143 1
134.9052 154.0555 1
123.4714 183.4637 1
179.1815 153.6234 1
139.8603 248.7951 1
168.9538 136.7664 1
148.6556 7.0106 1
123.1105 107.3271 1
180.4055 94.4576 1
133.0387 3.1248 1
167.2903 249.6033 1
160.5731 1.1306 1
131.3707 73.9623 1
117.6131 71.3278 1
129.0254 92.0982 1
122.8112 57.2412 1
106.4939 6.8599 1
152.2973 56.9020 1
101.4189 65.8547 1
118.3585 65.1283 1
101.1824 97.1827 1
115.0185 7.2632 1
150.7844 139.7595 1
100.5883 142.8207 1
167.2072 192.9915 1
140.1269 44.5266 1
160.7259 182.9113 1
187.6987 174.6699 1
102.1149 34.1366 1
170.2374 131.5555 1
137.4548 71.8766 1
152.0505 40.3164 1
162.4519 7.1785 1
105.2131 59.3857 1
161.9516 52.7961 1
119.5262 164.2634 1
181.2381 179.1370 1
104.8004 99.5277 1
178.1215 192.5602 1
141.6539 167.1428 1
107.0935 133.8499 1
155.5316 92.8221 1
132.8087 101.1814 1
140.1958 201.2471 1
157.0046 187.5239 1
146.9624 164.5917 1
103.8848 142.0861 1
124.4539 147.2709 1
160.3914 152.9892 1
153.4707 144.9713 1
102.8157 128.6300 1
155.1795 106.1122 1
102.4276 110.3856 1
137.4182 61.8689 1
119.0152 146.3582 1
146.0023 145.3217 1
143.5604 81.5643 1
147.0264 40.3891 1
154.8284 62.3698 1
136.3278 108.6409 1
164.5697 83.1220 1
160.9524 208.9646 1
135.2826 10.8678 1
117.8547 101.7530 1
112.7934 250.4658 1
166.5079 125.5233 1
172.4627 66.6361 1
173.3606 176.1207 1
140.5739 238.0282 1
146.7013 49.7759 1
137.8169 161.1892 1
164.2556 41.5458 1
175.5661 164.9492 1
128.9742 48.9465 1
124.7024 194.8422 1
135.0822 142.5531 1
111.1249 33.3568 1
164.5731 195.9873 1
174.7909 89.8056 1
115.5801 25.5231 1
138.5976 53.3563 1
108.7614 13.7840 1
102.1299 172.9907 1
125.1095 29.6971 1
185.5234 85.1031 1
152.2247 194.6299 1
126.4438 155.8701 1
117.5720 54.2390 1
174.3562 31.1407 1
150.2435 157.0743 1
101.0821 18.3051 1
172.6236 198.9709 1
111.2386 106.8824 1
167.3027 148.1302 1
116.2135 177.6860 1
160.4491 66.4222 1
145.3717 4.5432 1
123.1431 232.3933 1
146.7745 73.6547 1
114.3232 221.1916 1
105.1015 231.9636 1
169.6262 183.9506 1
112.0571 200.3896 1
158.8795 172.1702 1
116.1299 171.9728 1
180.0203 92.1927 1
125.5853 188.1473 1
108.3924 72.1551 1
117.0407 238.2900 1
147.0689 208.8393 1
146.0618 86.1214 1
139.7922 227.8568 1
134.6441 57.2823 1
105.0164 194.4315 1
148.4439 17.8830 1
112.2371 234.5091 1
173.1525 204.8654 1
131.3835 191.8370 1
162.6430 26.8602 1
160.7134 111.2917 1
145.1839 234.9762 1
135.8483 179.3648 1
119.4014 33.3510 1
153.5918 14.2770 1
101.9501 6.6374 1
151.6870 31.9924 1
130.1087 36.7002 1
127.2211 66.1299 1
177.1783 119.0930 1
135.2389 138.5096 1
131.9943 150.2227 1
120.1284 80.4421 1
120.2131 113.0326 1
152.1000 240.7714 1
102.9724 82.7505 1
110.2199 122.3883 1
132.1329 167.2693 1
179.6970 78.5098 1
154.6699 35.2585 1
169.3123 82.5480 1
154.0135 48.1855 1
113.9667 88.0811 1
163.0610 75.4715 1
127.4422 214.2881 1
110.7633 182.0657 1
116.9702 129.7845 1
155.9797 218.0761 1
132.3127 242.9864 1
143.4870 193.5684 1
141.4343 92.7698 1
150.7174 167.1839 1
164.2289 62.4705 1
108.6173 22.0428 1
149.6598 180.4080 1
183.0836 100.7627 1
136.9547 82.1160 1
151.3787 248.9017 1
158.0132 235.8421 1
130.9695 225.6798 1
104.4184 217.0822 1
161.5405 224.7935 1
