192.3649 16.7887 0
231.1376 69.0193 0
244.4890 28.5464 0
204.5036 116.8339 0
186.7082 213.2373 0
219.3351 31.1919 0
211.7948 137.1699 0
233.0013 47.7828 0
225.7608 152.4324 0
187.2324 83.6837 0
242.5287 204.3732 0
205.1237 81.5516 0
219.2348 119.1367 0
224.0214 176.0052 0
231.7549 143.6406 0
180.6840 10.5866 0
206.7424 26.5446 0
235.3088 129.5938 0
211.4085 53.8269 0
197.7171 147.2251 0
212.2188 248.5116 0
194.2280 212.7488 0
246.9708 152.6636 0
189.1107 223.5035 0
207.1210 156.3247 0
243.9216 20.1731 0
235.5542 31.1762 0
194.9299 106.0041 0
205.4772 58.9347 0
245.3861 217.5113 0
207.7365 17.3806 0
202.4991 100.8668 0
244.4074 189.3903 0
190.9330 198.2249 0
246.5656 230.2291 0
236.1285 65.5730 0
131.9884 4.8773 0
188.3119 147.9834 0
207.3820 230.8772 0
230.7612 54.8428 0
210.5953 115.0874 0
234.9412 4.5747 0
230.2314 166.6795 0
244.7304 90.5093 0
243.7448 35.0471 0
223.0277 95.1519 0
223.8314 213.9320 0
192.4699 4.8018 0
181.8046 34.4398 0
202.1439 249.4492 0
178.5936 196.3590 0
226.7156 209.5911 0
210.2397 82.2276 0
214.0936 182.2932 0
218.9154 157.5307 0
228.4334 223.1568 0
248.1568 61.5214 0
192.7468 63.1075 0
236.8232 95.4716 0
230.9867 27.8493 0
219.2073 137.1667 0
228.2053 10.7964 0
234.0222 156.5542 0
197.0248 43.1253 0
197.0876 171.3034 0
185.6333 10.9163 0
244.0983 182.8970 0
216.7925 222.0182 0
232.6491 235.2526 0
203.3978 162.8560 0
243.5412 78.1673 0
245.0360 8.3522 0
222.8462 12.6499 0
198.0450 133.9082 0
226.5786 193.7315 0
196.9264 220.3311 0
235.1945 172.9881 0
246.2997 131.8829 0
245.2634 124.3159 0
192.2122 237.7397 0
213.9925 96.8841 0
210.7047 88.9455 0
211.4355 242.9639 0
200.6328 123.2724 0
208.7036 202.6601 0
218.8316 191.5398 0
227.9240 135.2801 0
184.9707 239.2150 0
219.5145 43.9129 0
206.0152 237.4415 0
185.0108 156.8447 0
184.9800 188.9470 0
224.7431 183.4207 0
206.1989 44.3940 0
225.9727 82.0240 0
240.8888 116.4603 0
240.9920 73.1727 0
193.0833 55.3961 0
196.4096 166.2927 0
220.3491 20.7324 0
173.9633 35.4145 0
235.8849 8.0251 0
175.5906 41.9413 0
223.4531 73.4349 0
189.6718 39.4566 0
203.8643 21.4873 0
223.8499 205.8057 0
182.7561 132.6066 0
241.1970 160.2775 0
202.0944 74.7972 0
224.1871 3.6367 0
210.2419 109.0435 0
182.8829 173.9018 0
199.4943 23.4815 0
192.8020 134.5158 0
190.4048 97.8332 0
217.1881 236.9811 0
203.7617 66.5333 0
208.0378 133.7454 0
188.9311 138.9208 0
224.5375 59.6183 0
233.6185 214.6787 0
199.9500 56.6062 0
243.0962 233.8322 0
196.8036 154.5900 0
197.7641 91.4965 0
242.1786 136.0892 0
212.5752 173.9558 0
203.9385 193.7177 0
183.8904 91.9847 0
249.2604 143.0895 0
238.8791 241.2587 0
225.7985 39.5772 0
202.8912 109.0883 0
210.8222 142.6600 0
199.6893 33.3842 0
205.3711 71.3184 0
240.0354 58.6353 0
184.3161 202.4257 0
179.8909 181.9565 0
239.9335 195.9096 0
240.4044 102.9698 0
235.5606 36.7443 0
215.7513 72.2834 0
238.5977 20.9408 0
237.5105 111.8951 0
246.7834 83.2792 0
221.1721 243.2246 0
226.1763 126.2766 0
208.2986 225.8622 0
218.4642 110.9356 0
198.7806 47.7506 0
239.2165 0.5542 0
210.6414 123.4135 0
235.5530 203.3547 0
243.7068 51.4857 0
232.8922 184.7806 0
195.3240 82.3201 0
192.6306 124.3745 0
217.4853 132.5854 0
190.5060 103.4797 0
200.8714 203.0106 0
237.7341 188.9236 0
221.6359 248.9870 0
201.5925 238.8670 0
232.6903 139.1261 0
186.5448 18.8648 0
225.6680 66.3361 0
177.0787 21.8294 0
226.7049 188.7224 0
181.5191 43.8418 0
219.9748 96.9839 0
219.8525 226.9413 0
234.9837 193.7391 0
206.2560 0.6450 0
216.6142 61.6478 0
214.1436 203.5082 0
187.3430 195.3977 0
192.9932 187.0497 0
204.4668 180.2674 0
230.9181 180.0171 0
208.4307 48.2302 0
215.2550 208.7904 0
221.9839 162.0893 0
245.8363 161.4947 0
229.1203 105.8307 0
197.2515 16.2105 0
207.1841 101.3178 0
237.1360 86.8396 0
212.3541 159.8508 0
211.4860 66.4688 0
197.8161 225.2778 0
212.2368 24.0527 0
249.5612 112.0702 0
248.1407 179.6975 0
191.8783 0.9566 0
199.1819 230.2439 0
193.1106 244.7319 0
222.9587 143.4387 0
209.2740 218.0943 0
240.7644 147.9075 0
227.5632 20.3575 0
185.4977 167.0957 0
231.4388 120.5190 0
209.7697 193.8239 0
227.6715 86.2202 0
179.7413 141.7339 0
190.4836 45.6707 0
186.7769 33.8120 0
179.5195 240.1388 0
216.9809 53.9386 0
233.0615 244.9264 0
223.1675 108.3490 0
217.8460 1.9057 0
240.1381 208.8074 0
233.8355 41.8170 0
182.4693 99.3184 0
228.6346 159.7894 0
227.7558 47.0064 0
205.4958 147.9280 0
217.3268 35.5762 0
203.5587 184.8865 0
199.0886 194.1552 0
195.6329 176.7949 0
234.2856 103.3919 0
217.5919 85.3703 0
245.8739 175.1241 0
194.7604 120.2335 0
246.0436 100.3220 0
198.5542 184.7847 0
233.6906 83.5985 0
213.7728 225.9256 0
236.2656 150.4520 0
214.6270 195.4192 0
178.4976 26.8260 0
247.0236 165.3508 0
214.1380 46.1857 0
206.5594 92.5293 0
200.0047 141.9656 0
198.7319 65.5702 0
203.5419 8.3531 0
226.8573 171.1612 0
211.9553 34.5703 0
196.6591 199.4357 0
249.6319 90.5780 0
238.2491 228.0006 0
245.5777 65.5782 0
248.6014 104.8913 0
234.0148 222.2214 0
195.1979 159.6441 0
203.8900 129.4612 0
232.1657 112.6591 0
203.2164 209.0343 0
185.6410 245.3131 0
222.6631 201.0211 0
226.8901 234.8872 0
243.5980 13.1815 0
211.7145 76.7811 0
213.3008 149.7301 0
147.4552 27.6041 1
139.3774 43.7231 1
169.9389 74.2176 1
182.2858 160.3944 1
121.1538 151.0651 1
124.2679 230.8806 1
145.9515 185.3974 1
127.3613 136.1232 1
147.9885 5.3928 1
132.5872 17.6584 1
126.7427 129.4320 1
147.9878 217.6200 1
118.1352 53.3167 1
101.1829 226.8379 1
150.9882 162.2932 1
155.4362 235.5542 1
115.0459 246.4193 1
114.0798 9.8701 1
115.5518 118.5382 1
126.4642 220.7919 1
166.4377 43.7829 1
113.3852 89.9914 1
155.9396 2.4456 1
152.8777 143.5047 1
152.4001 92.4185 1
167.8548 202.6193 1
110.6167 191.9652 1
173.9978 52.5043 1
167.9400 114.7308 1
160.4810 220.3913 1
141.2367 74.5871 1
158.8179 49.9115 1
169.9677 97.8112 1
127.7345 107.3849 1
164.9798 165.5609 1
138.2504 187.4851 1
176.9952 125.8093 1
160.4791 77.4306 1
104.6900 128.7817 1
133.7752 203.7140 1
116.1742 183.1712 1
101.2438 219.6510 1
183.5855 220.8905 1
126.1324 156.8243 1
163.0454 113.4270 1
116.7240 97.7182 1
117.2613 85.3369 1
144.0777 47.1175 1
117.9036 209.9904 1
117.6902 106.7262 1
161.5232 124.8800 1
156.0991 219.3292 1
172.6880 175.2793 1
149.8555 229.1830 1
176.7924 92.8275 1
174.8106 183.2249 1
115.3223 130.9680 1
185.3340 118.7923 1
146.1292 57.4468 1
106.1139 241.3038 1
138.7678 122.6538 1
156.9959 40.2230 1
107.2224 48.5967 1
107.1019 121.9449 1
162.6019 31.7128 1
159.8737 81.7195 1
113.5174 30.3502 1
187.7937 60.3921 1
148.9500 104.4445 1
159.8954 64.0438 1
170.4995 192.2394 1
158.9023 193.8778 1
160.7802 183.7202 1
149.4054 169.4315 1
114.0208 239.3443 1
168.4307 121.5132 1
155.8310 135.2061 1
163.4499 243.6622 1
101.1507 54.7502 1
149.0166 239.7575 1
176.5513 3.4352 1
121.2143 40.2351 1
148.8364 108.6759 1
182.2564 69.6129 1
157.8119 87.8936 1
122.4675 45.2501 1
124.1579 88.7122 1
122.3620 1.0100 1
147.7330 178.1670 1
105.5126 151.0266 1
129.2990 167.5710 1
118.7507 4.4451 1
142.8880 81.2503 1
182.1124 2.3324 1
133.3900 68.2954 1
127.2860 49.0505 1
153.7298 224.9327 1
157.0558 166.1113 1
104.1090 89.0328 1
176.9717 168.6797 1
115.1773 148.4006 1
165.0662 14.9919 1
105.9202 15.3750 1
165.6198 94.0796 1
153.5458 55.0994 1
122.6657 201.0725 1
135.5993 103.8803 1
158.8178 113.2609 1
167.0371 181.9311 1
108.3765 137.9550 1
160.8276 204.5516 1
163.6283 104.9898 1
173.3329 165.6622 1
137.5631 156.7185 1
165.1567 217.8832 1
148.9907 121.2205 1
129.8436 241.2021 1
122.9075 208.1829 1
121.9053 172.3700 1
126.2315 183.5250 1
153.4187 195.6474 1
184.5280 230.3374 1
140.9353 20.7336 1
112.1338 97.4016 1
139.7769 222.7310 1
169.6524 173.4901 1
145.6566 143.1777 1
139.3100 11.2959 1
125.2597 29.5242 1
143.0567 91.7010 1
133.2984 124.4343 1
105.4489 11.0789 1
172.9324 230.7073 1
108.7533 105.5558 1
156.7055 121.6085 1
109.3568 211.5915 1
168.5367 151.3908 1
169.5006 125.6980 1
113.9472 198.3721 1
142.3799 35.0219 1
169.5398 54.7884 1
170.3225 138.7057 1
171.5072 156.1269 1
101.7116 176.6640 1
132.0051 115.5717 1
150.4207 51.0938 1
110.0478 69.8871 1
159.8063 152.2483 1
148.3737 76.3139 1
123.3861 115.1233 1
179.4367 107.2141 1
153.5934 68.8076 1
179.3350 76.4520 1
163.4375 20.5163 1
176.5273 117.4666 1
124.2328 22.9941 1
134.7825 132.7294 1
133.1775 173.2728 1
178.0158 85.5612 1
137.3275 164.6444 1
101.2543 153.1277 1
120.5209 69.7368 1
160.9661 141.8147 1
112.9009 19.1428 1
127.8260 76.4525 1
185.3367 51.2351 1
103.7503 165.2540 1
111.3858 143.3874 1
124.9064 177.8298 1
143.5745 190.6238 1
101.7435 115.2389 1
147.5907 64.5297 1
125.3122 191.0043 1
166.8379 64.3190 1
154.2694 10.4957 1
128.3439 244.3159 1
104.9453 5.1143 1
142.8822 158.0733 1
163.2450 188.5470 1
132.1602 230.4488 1
121.3875 15.1257 1
108.3993 172.0164 1
106.1205 33.6552 1
100.5985 82.5231 1
154.0982 185.7352 1
141.1406 148.4183 1
116.6679 174.1408 1
109.4377 2.4603 1
149.2310 152.5607 1
115.9616 220.2743 1
140.8859 245.6827 1
179.6280 210.9321 1
112.0549 226.5134 1
154.6396 244.6441 1
175.9942 67.0840 1
139.6027 237.9238 1
151.0157 35.8514 1
133.9935 142.2802 1
170.6737 82.9865 1
117.7817 56.0377 1
146.3532 131.1218 1
129.8873 39.4168 1
162.0623 159.2204 1
175.6340 131.6170 1
106.2443 43.2570 1
112.4960 160.7231 1
131.0731 88.3761 1
164.9796 37.0096 1
179.4420 59.7915 1
162.8770 56.7748 1
172.4915 105.0409 1
142.0193 5.8837 1
190.0342 76.0774 1
136.7681 211.6456 1
151.1763 128.1835 1
126.8969 98.8602 1
140.3717 112.6794 1
137.4175 67.1659 1
100.5565 120.1789 1
124.7117 238.0980 1
119.0841 126.8296 1
174.8353 239.5373 1
171.9908 209.8482 1
169.0185 87.7774 1
161.8523 211.1723 1
137.0946 198.0174 1
126.6946 60.3796 1
132.2971 153.2606 1
153.8707 208.7749 1
150.8391 15.9265 1
142.1282 172.6382 1
154.9996 104.3978 1
101.0262 65.2029 1
135.5402 53.5455 1
160.1470 95.8145 1
115.3479 34.5630 1
108.9925 53.5447 1
137.4106 207.8713 1
161.6176 229.4190 1
115.2622 238.4715 1
131.5898 23.8397 1
172.2430 11.2688 1
