226.9067 48.3284 0
228.4701 80.9458 0
173.7312 236.9250 0
234.0965 30.1148 0
239.9647 32.7160 0
238.8613 22.9323 0
197.0289 99.5816 0
182.5421 222.5445 0
185.6525 8.5846 0
227.4501 105.5748 0
236.4930 102.6372 0
182.5546 246.1200 0
242.2668 173.7597 0
199.1226 32.3168 0
225.2260 182.9330 0
194.8669 41.7654 0
249.3818 99.9902 0
198.1371 60.1418 0
210.9985 123.5800 0
206.9437 85.7512 0
225.7647 175.1864 0
172.6704 213.2266 0
238.5814 231.6190 0
230.3157 69.6494 0
206.5900 238.5422 0
244.1907 84.5522 0
217.1237 231.8277 0
183.3071 103.1222 0
237.4163 153.5302 0
195.9762 180.9196 0
189.9042 140.0764 0
208.7561 228.3677 0
206.0107 197.3171 0
238.9907 5.2452 0
229.6563 75.7701 0
237.8788 188.9728 0
202.0238 65.3591 0
179.8275 26.0648 0
249.9532 187.7388 0
245.0042 244.1189 0
212.0476 218.4297 0
221.7288 131.5900 0
237.1194 132.2928 0
241.8735 166.7742 0
248.6284 13.8542 0
196.0293 121.6791 0
249.0777 176.5863 0
212.5855 237.0090 0
145.0723 69.6161 0
228.9149 121.0585 0
242.8048 55.3203 0
247.3616 53.0320 0
165.3936 23.1434 0
215.1573 226.8160 0
223.2056 102.4108 0
237.9221 162.8422 0
235.0666 52.8351 0
248.7679 40.5814 0
206.6133 57.6475 0
187.2839 115.8652 0
223.4929 17.7661 0
184.4123 3.6287 0
178.5357 170.3814 0
196.5633 116.7186 0
191.9702 222.2262 0
249.9664 151.1313 0
181.3413 41.0597 0
203.7662 135.1653 0
215.7100 141.8078 0
187.0387 227.8420 0
214.6834 55.8112 0
211.7891 95.9933 0
219.9323 67.8798 0
241.6771 79.1014 0
230.2639 182.4530 0
225.0981 166.4699 0
204.1858 7.1480 0
203.4075 154.2104 0
209.9167 50.5696 0
181.9256 242.1357 0
195.9110 130.9772 0
184.8986 199.8202 0
203.0652 216.4494 0
216.8147 126.9154 0
242.4107 238.7998 0
225.8781 26.4027 0
225.9224 216.2990 0
201.4565 209.2702 0
225.1552 97.7614 0
173.6781 218.3480 0
189.5803 213.0351 0
191.7798 196.4587 0
242.4109 101.7044 0
247.1469 47.8303 0
250.0538 125.8238 0
190.2811 185.9841 0
187.5234 50.1631 0
239.6599 50.1559 0
190.1583 54.9148 0
203.5557 202.6659 0
223.1302 187.8219 0
175.8241 19.7703 0
181.9080 140.6791 0
214.8571 33.2996 0
228.7785 3.2319 0
192.6898 165.4219 0
242.6935 113.5743 0
176.0542 231.6944 0
205.6130 111.9206 0
194.0560 4.8057 0
241.6335 224.1524 0
222.0792 206.8453 0
188.0421 65.0170 0
181.8784 108.4416 0
164.6138 238.7677 0
238.1449 113.8036 0
232.9197 170.1890 0
229.2207 43.9984 0
247.6382 75.5065 0
214.6149 45.6469 0
197.4615 26.3941 0
222.6132 145.7061 0
249.2555 207.2972 0
247.3957 66.0619 0
235.6207 237.6032 0
207.9292 12.0120 0
219.8406 195.9010 0
205.2390 32.7976 0
221.1556 40.6686 0
190.8418 241.0690 0
240.6270 126.2752 0
174.2752 7.3282 0
193.6064 173.5542 0
188.6769 72.5398 0
244.6729 182.0540 0
169.1208 46.8103 0
245.1762 230.4467 0
190.9226 77.8975 0
192.2709 106.3344 0
232.1535 225.5929 0
237.7254 97.2238 0
208.7149 104.1378 0
213.4195 210.7281 0
232.5548 22.6081 0
186.1807 147.8903 0
206.5465 96.1394 0
205.3934 18.1856 0
202.2759 221.3437 0
172.1742 41.1102 0
241.7883 196.1133 0
227.7234 138.0776 0
198.2762 189.4087 0
218.5763 63.6646 0
236.4268 118.6446 0
220.0134 165.8046 0
205.7763 144.3179 0
208.9986 41.1209 0
220.1005 137.3377 0
243.6876 213.1052 0
214.6909 149.0325 0
247.5546 160.8016 0
223.1584 71.1907 0
189.8143 246.1978 0
220.4379 218.9494 0
239.2357 43.2538 0
240.5190 12.6076 0
192.6281 154.8435 0
179.0130 75.7093 0
206.4717 157.4913 0
209.8359 72.1109 0
219.1546 7.6087 0
218.5170 246.5523 0
228.1827 248.5742 0
219.6418 81.6545 0
231.0258 57.7765 0
183.3299 236.3049 0
227.8996 88.6058 0
187.4653 172.7542 0
245.3484 61.3128 0
176.7026 38.0916 0
214.9379 14.1595 0
202.5444 78.9619 0
213.6891 201.9167 0
246.2393 32.3947 0
205.1330 175.4146 0
201.7117 1.1624 0
195.6463 90.9798 0
221.3058 116.9757 0
215.9674 85.7764 0
234.6098 205.4091 0
187.3925 98.6581 0
210.9025 182.4128 0
228.5045 115.3296 0
227.8311 199.0574 0
214.6648 18.6829 0
237.0182 123.8654 0
249.7610 195.4654 0
173.5276 249.1570 0
210.4672 247.5081 0
162.1172 6.8431 0
190.8426 181.2205 0
184.7426 27.8378 0
192.6392 60.8226 0
237.5611 218.4771 0
239.2126 205.5430 0
214.7440 177.4988 0
197.2642 21.2279 0
231.5571 145.5890 0
233.4894 213.9812 0
205.1628 48.5198 0
203.3852 124.2196 0
198.7194 86.2204 0
205.0192 116.5197 0
190.1683 119.9948 0
193.6989 203.7884 0
195.6128 229.2468 0
176.9560 205.4606 0
239.9184 179.7510 0
198.0498 76.4040 0
167.3565 242.8477 0
189.2596 33.1617 0
204.8001 105.7219 0
221.3005 54.2654 0
217.4106 170.5004 0
206.9499 26.1137 0
202.5495 241.1947 0
249.3979 3.9852 0
193.5311 237.0806 0
213.8167 185.3060 0
230.7388 65.3266 0
223.5051 154.6327 0
195.2803 225.3709 0
186.9453 166.7491 0
157.7277 249.6975 0
182.5321 213.1920 0
200.3126 150.2279 0
207.3354 62.9641 0
191.7027 131.6022 0
238.6066 74.7170 0
180.7110 84.4513 0
191.1345 20.7330 0
174.8240 12.2082 0
207.6974 127.2823 0
227.4411 243.3770 0
248.8005 106.6294 0
212.5044 193.1175 0
232.3395 88.9121 0
218.8679 210.6609 0
194.0623 210.2854 0
244.2418 21.5185 0
200.2664 42.2778 0
250.2456 170.8349 0
228.4279 18.8524 0
223.4526 108.8666 0
227.3927 233.1586 0
209.0523 162.3020 0
186.3014 204.2235 0
197.5694 160.1068 0
239.4213 142.4315 0
246.3965 237.1256 0
173.1313 80.0803 0
216.9017 107.9650 0
238.8389 66.0557 0
180.0342 121.1618 0
221.6673 34.6610 0
214.8796 28.4154 0
227.5462 191.2650 0
228.6493 155.9004 0
103.8234 187.8851 0
186.0354 132.1900 0
231.1070 137.1506 0
227.1084 125.8908 0
198.2283 247.1385 0
169.3163 13.6425 0
220.6896 27.6278 0
211.7946 118.2399 0
223.1428 234.5511 0
165.4457 250.2942 0
208.5213 171.7564 0
241.4401 93.4814 0
222.6432 224.3220 0
199.4151 164.0250 0
218.5292 48.7264 0
236.5693 14.9281 0
229.6001 94.7473 0
249.2281 135.6103 0
201.3454 193.4228 0
218.7738 153.5516 0
183.1234 71.1508 0
217.5165 90.9261 0
179.8668 95.0018 0
178.8813 226.2515 0
197.3683 143.1469 0
231.0321 209.0654 0
236.3719 250.2348 0
191.8845 12.6952 0
235.6743 158.5630 0
139.9822 110.2082 1
109.1814 109.5869 1
148.4978 88.2093 1
132.6640 177.1188 1
110.2274 153.7807 1
103.3353 105.6575 1
121.7808 68.2071 1
173.6521 144.5340 1
167.9675 210.1373 1
160.8965 93.9551 1
123.0350 28.7108 1
160.3860 181.1672 1
132.4671 115.7778 1
143.4350 148.0251 1
117.6966 233.6432 1
118.8820 204.5918 1
178.6643 179.2939 1
106.0597 223.8988 1
166.0326 66.0334 1
118.8538 3.7092 1
114.4581 156.6217 1
131.2596 88.4477 1
159.4673 212.7648 1
144.7558 122.8225 1
166.3615 126.9389 1
155.6553 145.0348 1
168.1025 138.4226 1
100.3604 151.8786 1
130.0267 219.4811 1
113.7758 248.1351 1
126.5651 164.8337 1
146.3950 163.7379 1
117.2454 127.9438 1
165.2124 135.2206 1
103.0338 245.5560 1
135.1192 166.0574 1
101.7134 206.6228 1
158.5970 80.8790 1
150.8574 221.8543 1
123.8042 63.8891 1
143.6537 154.0648 1
133.2505 190.4827 1
128.0507 84.7332 1
103.2605 10.7165 1
131.3661 43.7171 1
102.9395 99.6447 1
123.9099 8.6930 1
117.2164 166.0470 1
143.0056 61.9708 1
165.8597 119.0095 1
140.0166 100.1539 1
122.7018 159.8583 1
109.4865 127.8605 1
128.4973 208.4089 1
166.6917 172.0125 1
135.9026 242.1290 1
172.0999 138.1474 1
153.1384 25.5411 1
155.1766 81.7243 1
158.0134 105.6023 1
132.3479 67.5508 1
130.9832 22.3104 1
147.6700 9.9744 1
146.1844 210.8762 1
143.9155 106.5681 1
102.4169 80.2588 1
164.3777 147.3301 1
148.6398 52.0423 1
124.0931 0.4196 1
163.2908 78.2412 1
125.7104 50.2493 1
141.1014 134.5282 1
134.9191 29.5745 1
182.4628 164.3284 1
121.1411 179.9598 1
159.0957 222.1602 1
110.8209 43.8903 1
135.1086 38.5457 1
167.0442 186.4175 1
170.5078 195.2154 1
107.9906 25.4011 1
174.9641 128.2582 1
136.3872 77.6259 1
159.3479 42.3807 1
146.1954 235.7877 1
132.6407 97.3691 1
118.4543 77.7200 1
146.5695 132.6931 1
177.5652 193.7855 1
120.3780 94.1983 1
164.0703 191.2983 1
134.5281 173.3046 1
100.3133 160.8876 1
156.4325 71.0599 1
131.6500 123.7456 1
142.4981 189.3790 1
159.9407 188.7733 1
146.9692 176.4865 1
103.3565 129.2008 1
168.3852 162.8403 1
143.7181 167.8286 1
158.5261 116.1629 1
104.9965 147.3006 1
123.8525 143.2028 1
129.6808 36.2595 1
102.8813 185.0072 1
106.2675 38.0813 1
144.1490 173.7074 1
136.2470 59.7456 1
112.5907 37.0497 1
179.5934 62.2914 1
179.1557 52.8805 1
110.4671 122.2503 1
128.7229 112.4657 1
117.5698 219.3826 1
110.1789 15.3467 1
136.5175 143.0080 1
108.2487 83.9349 1
103.7233 55.9392 1
163.6803 154.7820 1
123.3915 90.3483 1
174.5717 181.8729 1
135.5134 0.3164 1
167.7184 32.8239 1
157.9263 168.5351 1
171.6488 85.3658 1
134.4847 184.4519 1
122.6584 185.2962 1
146.8945 30.3211 1
153.0067 194.2602 1
107.7141 166.7854 1
112.4063 206.6793 1
112.7446 104.4579 1
147.9267 197.4177 1
173.1018 99.0178 1
130.6029 74.6391 1
112.3067 28.6930 1
121.0668 38.2768 1
164.2353 114.1610 1
157.2791 198.2176 1
149.9326 155.2924 1
152.5119 53.4357 1
187.7053 20.1448 1
118.2833 172.6589 1
129.8340 8.9423 1
139.0520 215.2165 1
120.7568 137.6483 1
116.8409 190.4230 1
177.5440 131.4232 1
106.5406 213.8246 1
172.5488 69.0641 1
121.2102 19.6978 1
152.5774 65.0498 1
164.6719 226.1288 1
149.3004 181.7711 1
117.1478 226.8336 1
109.5726 72.9340 1
136.8406 152.8029 1
129.6982 200.0534 1
172.8147 114.3792 1
123.3050 192.8948 1
125.5694 225.6476 1
136.1930 236.8907 1
127.5515 127.0123 1
148.6170 129.2232 1
142.1238 3.3795 1
141.1199 38.5947 1
101.6986 216.7798 1
130.9177 243.8361 1
144.5680 247.6111 1
136.7112 230.2637 1
166.1940 213.9492 1
109.5070 197.6358 1
165.4263 58.3164 1
157.0345 126.9515 1
107.9887 2.1112 1
138.9742 208.1267 1
126.7016 105.2479 1
121.3797 45.9322 1
155.8103 14.2213 1
138.7751 20.2567 1
102.2894 91.5235 1
160.4192 144.3094 1
152.7697 164.3730 1
133.6173 139.0709 1
107.6267 98.5827 1
139.0083 11.2439 1
121.8883 122.0121 1
139.2185 124.8670 1
109.8181 179.5746 1
178.3271 90.1700 1
160.2267 31.1429 1
142.3730 82.1539 1
157.4857 5.0250 1
119.5567 98.6215 1
124.3679 134.0426 1
142.8588 218.9607 1
104.8200 235.2917 1
141.1360 227.7431 1
116.6978 181.4965 1
121.5029 239.6152 1
167.4612 200.8498 1
173.6868 103.3760 1
150.1155 199.3924 1
153.4317 113.2075 1
117.9062 57.9783 1
133.0981 227.5466 1
107.7036 136.4154 1
146.4663 93.0278 1
117.2206 113.5673 1
152.8232 38.0764 1
101.6347 15.5248 1
116.6928 25.4111 1
142.3293 236.7440 1
154.1065 234.2448 1
152.0451 244.1932 1
