228.8623 56.2346 0
226.3082 65.9253 0
209.1715 5.4771 0
249.5544 44.7272 0
249.3728 13.7372 0
216.3043 96.1982 0
187.2216 225.7677 0
222.6883 27.8295 0
235.2155 114.6989 0
232.7639 106.9955 0
207.8995 23.9034 0
239.9322 174.1175 0
190.2959 40.3541 0
221.4185 156.5145 0
197.6497 48.4074 0
229.7956 92.5399 0
175.2200 56.5700 0
218.6143 125.9435 0
220.4631 67.8801 0
226.5078 161.3866 0
188.3549 203.4073 0
243.0795 227.7069 0
208.1208 74.0502 0
232.9959 250.7688 0
242.7507 87.6188 0
231.9090 244.4481 0
189.2701 85.0936 0
225.8800 144.1527 0
209.8129 176.1127 0
242.5775 102.4987 0
183.0343 106.5326 0
208.6565 201.4761 0
221.8928 170.0561 0
239.2873 245.3629 0
193.7037 70.6898 0
247.8591 197.7209 0
175.5413 74.1592 0
196.7018 18.4001 0
212.8455 223.4498 0
248.3639 141.3073 0
244.9915 136.6773 0
179.7765 132.6285 0
203.1319 246.1765 0
173.0459 76.8541 0
240.4431 128.2070 0
185.0663 23.7944 0
225.7982 225.7315 0
218.3960 117.0209 0
230.8133 179.6239 0
238.7742 61.6955 0
249.5635 31.4253 0
211.7943 55.2074 0
181.3848 117.7341 0
242.4422 18.5539 0
209.8416 18.9870 0
203.6631 149.5359 0
174.8636 123.3129 0
200.2876 219.9253 0
170.8744 68.3079 0
186.8128 125.2688 0
209.2669 101.2925 0
207.3691 243.2631 0
222.1686 62.3472 0
218.8399 108.2723 0
198.7000 36.4425 0
247.2727 76.7710 0
246.2452 176.1789 0
234.4662 151.9667 0
220.9045 33.2615 0
214.2585 112.8528 0
204.7050 52.0096 0
215.5701 250.7580 0
184.5902 120.4006 0
189.2748 180.2389 0
215.5541 196.0929 0
227.3031 113.1130 0
241.0999 30.8205 0
217.4770 217.3969 0
221.7281 207.6954 0
213.1437 81.5704 0
182.1527 218.8885 0
201.3197 198.2116 0
200.4855 176.5461 0
240.6533 94.6599 0
249.7979 108.8185 0
188.3382 189.2741 0
182.9749 43.3590 0
244.1687 50.7753 0
191.7421 54.9908 0
209.8756 185.1403 0
229.2408 184.9781 0
191.0429 9.9133 0
192.0693 104.0177 0
239.7679 40.5299 0
246.2219 241.8561 0
188.3827 128.8660 0
248.9668 128.5141 0
193.8306 235.4121 0
206.1376 94.5375 0
236.6675 9.0696 0
237.0546 218.6897 0
230.2151 169.3305 0
187.4623 80.0173 0
249.4931 100.1781 0
164.8153 102.4483 0
246.7549 164.5928 0
173.5200 9.8416 0
238.9288 123.6357 0
234.8530 171.1370 0
234.6848 44.2464 0
232.5329 71.9929 0
223.6073 54.7449 0
204.0812 29.8065 0
237.4660 132.8640 0
246.9089 213.3847 0
227.1648 220.0133 0
223.4148 19.2896 0
221.8908 183.8930 0
224.2650 40.5272 0
246.4877 21.6189 0
225.6194 5.3251 0
243.5206 117.2245 0
198.3762 4.6880 0
186.5636 166.9165 0
196.8766 62.9196 0
243.6665 200.7522 0
182.4454 28.1299 0
242.0395 218.3142 0
178.8267 93.9395 0
220.9478 95.9937 0
223.9986 215.8658 0
234.4996 99.7633 0
225.7575 97.2476 0
213.4316 204.2355 0
195.7588 137.9715 0
203.2645 85.7265 0
229.7308 35.4977 0
204.4799 217.2281 0
172.6820 15.9936 0
237.9800 193.4783 0
234.3935 141.6225 0
194.3847 162.3734 0
199.0514 58.4028 0
247.8324 119.8307 0
221.7542 140.8113 0
167.5851 124.9513 0
217.1468 47.0694 0
230.5967 127.3464 0
237.6109 207.2532 0
209.5832 136.9754 0
241.5112 147.1712 0
182.0349 80.1255 0
221.3510 7.4084 0
213.9342 213.2876 0
247.2788 58.4546 0
245.7119 28.0309 0
196.0766 154.2946 0
186.1325 55.0257 0
249.9243 232.2922 0
199.9288 122.7680 0
181.0184 89.3899 0
241.4460 14.1375 0
218.5117 234.2973 0
247.2534 248.7127 0
208.6357 86.3102 0
211.4560 59.9490 0
217.1626 241.4377 0
228.2975 80.0869 0
194.0748 196.7503 0
190.1825 31.9661 0
233.1263 17.0237 0
198.9669 92.7518 0
212.4322 179.8017 0
212.7950 168.3043 0
239.7958 250.4625 0
182.3697 98.3873 0
214.1431 129.0575 0
222.8258 88.1387 0
241.9533 207.9221 0
194.0578 98.4766 0
215.9430 146.8945 0
218.9234 186.8327 0
237.9118 22.0730 0
237.4242 184.8973 0
200.5246 0.0760 0
225.2371 247.4738 0
175.6683 22.5369 0
198.0087 184.5023 0
180.8238 38.6539 0
172.3079 26.6619 0
233.7040 215.2295 0
248.3728 208.6995 0
229.5508 152.2266 0
216.6083 20.4831 0
229.5806 137.1140 0
234.2919 196.6266 0
218.2822 39.9602 0
190.2344 145.7171 0
201.4644 81.0031 0
173.4762 109.5744 0
184.3006 139.3184 0
193.9861 203.3119 0
200.1111 237.6720 0
203.5045 207.0485 0
241.3951 182.5485 0
214.8229 90.9875 0
186.3793 1.8646 0
194.0318 45.2493 0
220.2802 77.5676 0
210.4626 69.4002 0
210.6386 146.7958 0
212.4335 33.2882 0
209.8900 227.8413 0
211.3344 237.7021 0
216.7444 155.4698 0
177.2859 49.4153 0
214.4590 137.5567 0
195.1899 229.9615 0
201.2384 143.4801 0
183.8491 10.6436 0
193.8204 225.4453 0
205.2198 119.6769 0
188.3078 71.6813 0
205.7694 111.4075 0
241.8035 69.6770 0
174.5610 86.2040 0
198.4488 22.5297 0
196.3391 10.2029 0
200.3358 110.2826 0
233.5569 227.1802 0
240.3155 110.0895 0
215.1227 164.3646 0
237.1759 77.8699 0
213.4686 191.4088 0
198.3298 205.7686 0
204.5020 43.6090 0
245.3699 6.0637 0
230.3832 121.8960 0
239.6274 232.2240 0
196.7137 132.4370 0
180.0226 199.3843 0
204.8135 168.9914 0
179.2910 68.2196 0
246.2795 146.7716 0
226.2144 124.8788 0
247.6951 64.0730 0
176.9141 105.1621 0
238.1665 53.2635 0
233.4126 34.3725 0
228.7251 190.2657 0
241.6163 157.1828 0
118.3784 245.5842 0
172.9204 132.7549 0
227.1292 134.2167 0
227.9087 13.5974 0
190.7038 18.2148 0
229.2181 26.3631 0
194.6731 115.9905 0
223.8925 233.7081 0
193.4845 249.4743 0
202.6204 158.9044 0
249.2906 90.3437 0
226.0441 201.6229 0
208.0339 158.5274 0
230.6274 50.0147 0
234.0954 89.1876 0
197.8853 192.7866 0
204.2640 129.3364 0
182.9999 62.8365 0
223.6027 105.7900 0
187.3884 91.5152 0
191.8865 240.2880 0
208.8101 125.0744 0
224.0460 197.4112 0
236.5628 236.5019 0
215.1364 12.8340 0
239.3542 165.2696 0
133.1048 113.5606 1
129.4532 205.6928 1
118.5672 147.5791 1
127.6186 124.7073 1
161.7139 32.6202 1
103.9355 199.6691 1
102.5456 159.5300 1
112.9587 198.6664 1
143.4573 121.9331 1
137.2365 22.7192 1
119.7004 161.3049 1
149.5760 156.2361 1
161.7870 205.5081 1
115.5332 111.5963 1
130.8358 88.0235 1
151.6151 8.4101 1
153.4485 199.5741 1
117.3355 139.9888 1
173.0693 233.1986 1
168.9769 158.1665 1
109.8121 153.0456 1
117.4873 205.5241 1
142.4913 227.2612 1
176.5440 193.4116 1
145.2493 184.5795 1
136.3837 80.1351 1
102.3896 132.5144 1
119.7402 240.3681 1
104.7847 103.0593 1
180.1663 241.9168 1
142.7796 91.5582 1
160.0715 97.7054 1
170.9155 97.0495 1
154.4183 107.4938 1
102.0008 112.9194 1
154.0006 228.5750 1
139.1794 202.4224 1
139.8895 157.1343 1
146.1602 140.6877 1
138.8873 135.6789 1
116.8272 36.4323 1
168.4918 172.5946 1
110.9653 115.1491 1
140.8898 57.4831 1
170.9008 189.0103 1
117.4100 48.5244 1
101.2090 176.8213 1
161.0063 160.1732 1
105.3921 207.7574 1
159.9212 179.7915 1
112.5175 87.7005 1
106.4938 144.8405 1
132.1053 104.7899 1
132.3393 9.0806 1
158.4246 118.9750 1
122.7471 8.2034 1
115.0922 224.2670 1
157.1355 20.2022 1
166.0639 88.4244 1
154.2702 82.8706 1
111.2866 128.9464 1
139.4115 193.2890 1
104.7702 120.9807 1
119.3537 13.2306 1
179.7204 151.2273 1
130.4510 227.6862 1
166.2023 113.4058 1
111.7757 185.6194 1
154.8119 249.8187 1
101.0804 51.5643 1
151.7391 54.9846 1
112.7112 57.1549 1
139.8698 36.2101 1
157.4739 4.5235 1
149.5917 228.2649 1
158.8660 154.8396 1
162.1389 38.3331 1
120.5322 56.5524 1
135.7662 147.0573 1
135.8821 242.1700 1
103.9039 243.3555 1
113.2113 119.2952 1
145.7588 48.7792 1
147.5515 76.1832 1
139.4815 45.5468 1
172.6232 139.2381 1
185.4419 230.9075 1
102.6781 3.5399 1
147.1278 215.7600 1
167.2273 198.3223 1
140.5917 82.6466 1
133.4718 71.6153 1
174.2221 36.8213 1
159.9855 220.6342 1
126.7531 33.5912 1
110.6015 214.7227 1
117.3285 66.0411 1
148.8342 134.7839 1
122.2958 140.1952 1
181.6037 169.2349 1
128.6776 78.7478 1
144.5870 148.1247 1
157.2998 208.0019 1
169.1153 130.1455 1
152.1352 66.9862 1
131.5593 144.3322 1
162.2019 164.1630 1
187.3020 175.9268 1
110.9120 76.9350 1
177.3556 161.1260 1
101.9080 186.9350 1
114.8242 192.1233 1
154.9756 161.8288 1
125.7379 170.0592 1
159.1106 129.0125 1
128.2795 186.4280 1
123.7832 155.6588 1
146.3709 14.3083 1
133.9249 177.7393 1
135.9473 17.7269 1
124.4301 233.5386 1
127.7452 14.6718 1
162.6361 67.0055 1
144.3332 43.6937 1
131.2628 163.0531 1
104.0303 137.8414 1
165.1348 218.0822 1
107.5613 57.4579 1
122.4607 165.5669 1
127.7695 64.4419 1
163.1230 214.9222 1
103.4041 37.4849 1
179.6880 159.8394 1
152.0221 15.5424 1
162.2375 25.3613 1
125.8572 118.8442 1
163.4545 142.9994 1
162.6715 84.0118 1
139.4091 219.2511 1
174.5675 214.4343 1
169.4044 31.1254 1
177.6411 172.6870 1
110.9009 91.5786 1
112.7742 169.2590 1
131.2467 98.1054 1
185.9923 160.9821 1
163.3516 75.5728 1
115.7641 77.4038 1
116.7966 9.7971 1
112.7255 250.0640 1
115.2203 100.6572 1
119.1726 31.4046 1
119.3832 98.8240 1
146.8323 189.5834 1
140.4172 145.2706 1
156.2595 91.3735 1
161.4713 48.3064 1
108.8103 164.9029 1
143.0575 18.4920 1
144.6120 24.2254 1
164.9749 16.5736 1
156.0961 187.5993 1
105.2554 194.8173 1
172.4864 119.1574 1
109.2670 175.3675 1
150.0527 80.0593 1
152.1929 37.5257 1
181.4059 210.1443 1
129.4689 53.2927 1
169.7536 245.0702 1
153.5757 179.4090 1
102.5649 94.4566 1
113.9855 232.9886 1
112.5310 158.8562 1
143.9283 239.3163 1
171.9225 196.0258 1
144.3689 62.8606 1
180.2257 232.4352 1
158.9939 236.6844 1
145.0899 100.5649 1
144.1615 5.9809 1
133.1940 39.7893 1
100.3846 213.3973 1
172.8084 223.7483 1
137.1772 6.4532 1
149.7741 249.4047 1
160.2928 187.9317 1
173.7068 45.1057 1
151.4622 112.5574 1
110.2556 232.2911 1
150.5021 167.8696 1
124.3015 114.5739 1
112.7935 38.2101 1
122.5636 218.4146 1
164.3994 5.1097 1
106.4431 224.1219 1
138.2109 171.1415 1
122.6198 178.2266 1
101.6274 84.2068 1
129.1614 133.6376 1
153.6848 25.9042 1
144.2095 71.8095 1
168.7322 60.8239 1
115.2083 44.2891 1
157.1900 56.0403 1
161.4423 1.1863 1
138.1577 113.7298 1
134.2990 192.8861 1
125.8289 209.0063 1
110.6666 206.6572 1
122.3644 130.9326 1
166.1698 230.2924 1
139.4489 161.3729 1
131.1451 235.8116 1
150.1976 206.9484 1
136.3239 106.1342 1
173.7322 153.5257 1
154.1304 146.3233 1
136.4542 60.9291 1
175.9879 181.6784 1
103.3524 221.3959 1
118.3800 175.7756 1
127.9998 45.8689 1
121.2730 24.7119 1
181.8593 246.9432 1
101.0977 235.5109 1
122.4078 191.9583 1
136.8186 234.1376 1
132.0759 0.4261 1
100.6634 24.3011 1
173.2561 0.7161 1
