207.3763 26.4164 0
240.1927 97.6178 0
246.0624 65.2810 0
184.8276 131.6541 0
189.7314 205.7389 0
226.2564 54.6974 0
209.5511 159.5678 0
233.9767 162.3813 0
188.5413 81.6692 0
230.7616 212.8094 0
194.6043 76.7260 0
199.6360 130.5597 0
222.4773 186.4934 0
226.8847 155.9425 0
187.7020 22.7160 0
234.8719 56.8111 0
212.6967 136.5137 0
205.3799 60.6319 0
180.4349 181.1399 0
237.5837 15.7769 0
193.0818 213.0152 0
251.4589 159.8973 0
193.6057 220.6905 0
248.4445 151.1785 0
214.6791 180.0817 0
242.2558 51.1915 0
236.8989 69.0023 0
176.1635 123.2508 0
183.4968 71.1581 0
239.8301 239.6734 0
235.3882 20.2064 0
185.6347 120.9019 0
228.7288 144.1281 0
244.8967 185.7307 0
197.9021 235.1467 0
233.2728 85.3268 0
139.4875 34.1619 0
185.5238 168.5073 0
213.2077 5.7298 0
215.2709 79.9499 0
194.0270 128.4342 0
247.7698 37.6917 0
236.7987 181.9939 0
210.7393 117.3336 0
242.8358 59.1320 0
206.5997 93.9564 0
221.9119 230.6831 0
229.3557 34.4483 0
240.8595 229.2447 0
210.3258 39.7620 0
221.0685 7.3198 0
191.6132 246.5927 0
223.5905 227.0837 0
194.1282 111.4599 0
218.5007 193.5303 0
216.3255 158.3805 0
233.6027 245.9656 0
243.0569 141.9017 0
205.4463 45.0235 0
218.1628 102.2754 0
218.6513 74.9217 0
198.5028 152.9821 0
241.4873 33.4650 0
222.4466 171.9314 0
194.1161 46.6222 0
189.9676 185.6976 0
191.1854 232.1818 0
237.9018 187.8473 0
235.9279 235.6759 0
197.3701 181.3140 0
249.6322 46.7460 0
237.9003 36.8305 0
246.8672 197.1886 0
185.8155 158.1349 0
218.4666 214.5750 0
198.3704 250.8937 0
249.6067 239.2543 0
228.1323 170.4467 0
223.7002 129.6938 0
243.4676 122.1959 0
228.0056 118.0139 0
210.5540 6.0478 0
213.8491 110.4528 0
205.6150 110.1142 0
233.8249 217.3425 0
217.9812 2.4752 0
197.0511 135.1021 0
250.6077 86.3659 0
213.6343 224.4591 0
238.6120 130.9862 0
224.2611 203.4223 0
206.6096 156.9783 0
196.6610 20.1777 0
225.3889 68.9543 0
204.7986 2.4372 0
185.9420 180.2821 0
196.8002 192.9213 0
228.2360 190.9682 0
201.0894 52.3140 0
238.4149 112.1076 0
243.6818 217.1927 0
221.7972 110.0385 0
229.0157 136.4738 0
173.2268 31.8705 0
181.7184 187.2316 0
224.7485 60.9316 0
178.9368 33.2024 0
176.3145 39.6464 0
225.2609 94.5175 0
207.1656 36.0369 0
230.1198 49.9134 0
226.9523 222.9722 0
175.4002 152.9406 0
238.6121 168.6673 0
190.4304 73.8117 0
234.2575 28.8453 0
196.4453 119.2858 0
187.1589 199.0990 0
232.4597 43.8399 0
177.9313 141.0925 0
187.6803 107.6752 0
218.4381 243.3407 0
197.1219 71.6205 0
192.5670 147.7784 0
239.0405 143.3688 0
191.7138 160.3390 0
220.3565 92.9839 0
232.3432 224.6675 0
189.6383 36.8661 0
246.7558 221.1176 0
197.3753 171.6372 0
249.5453 201.3501 0
197.3411 97.7497 0
235.8977 149.3397 0
209.4244 189.1770 0
210.3185 199.1623 0
179.4502 104.3246 0
243.4362 159.9287 0
229.3587 73.3079 0
178.9335 132.8310 0
186.3339 163.3641 0
219.1683 42.1165 0
191.1503 91.1399 0
242.2387 90.0457 0
173.7574 214.6545 0
202.8437 193.4579 0
240.5846 224.8723 0
228.8097 111.7047 0
236.5373 77.5570 0
198.5147 85.0445 0
241.5816 77.2270 0
218.4193 123.2720 0
242.9233 27.0081 0
210.0244 143.3054 0
212.0414 239.9378 0
246.0707 94.0052 0
200.4948 122.3199 0
201.0248 62.6351 0
247.0534 16.7394 0
206.6739 135.5068 0
245.6087 206.5916 0
234.4514 89.1678 0
242.6153 194.4831 0
118.5487 73.4550 0
179.9794 99.0224 0
181.5815 140.5514 0
203.2218 151.4270 0
183.8025 113.5384 0
248.3075 111.8962 0
200.9659 212.6719 0
236.2691 205.4375 0
238.1530 7.0669 0
204.1695 244.1462 0
221.9879 154.3141 0
224.5271 29.6231 0
230.1143 98.9006 0
200.3593 41.0039 0
222.1622 210.9206 0
213.4701 48.5234 0
208.9955 122.1877 0
224.7530 242.9387 0
221.0287 218.6394 0
228.9005 16.0004 0
208.9428 87.5897 0
203.8610 236.5217 0
189.2484 191.2347 0
178.6893 196.5141 0
204.3549 186.0057 0
237.0288 195.9148 0
209.0407 67.0866 0
244.6460 135.4455 0
216.6614 236.2409 0
216.4357 175.2346 0
247.1216 173.3008 0
212.9414 104.3452 0
227.8205 24.0922 0
200.9598 108.0000 0
249.0547 104.1252 0
210.4445 173.9386 0
204.8222 77.6826 0
197.1385 206.9113 0
232.7401 66.2945 0
214.8938 14.6502 0
199.3593 242.9108 0
221.6782 12.3992 0
216.0964 149.8085 0
198.3791 225.5224 0
243.8420 168.0450 0
238.0030 47.4121 0
190.1791 199.6131 0
223.3887 137.0325 0
210.5477 220.6883 0
213.8970 86.9149 0
178.0200 174.6686 0
218.2102 53.5748 0
216.3407 32.8596 0
186.6685 240.9194 0
215.3432 68.2910 0
244.3709 11.3202 0
207.7316 129.9831 0
225.8329 19.6577 0
245.8905 233.9891 0
224.6682 86.2290 0
188.2826 117.3783 0
222.9828 163.7527 0
224.8683 78.2405 0
197.2128 161.5452 0
208.6690 58.0890 0
212.7880 208.2110 0
199.9310 202.0388 0
175.7957 166.1513 0
212.2771 98.4719 0
250.0274 49.3634 0
205.2195 101.2861 0
232.2890 175.5286 0
183.8412 149.1826 0
231.9638 120.4947 0
207.1458 208.3185 0
231.7672 106.7208 0
229.4233 237.8013 0
239.3942 152.9315 0
218.6973 198.7767 0
220.4480 148.7741 0
241.4814 147.5919 0
191.3037 26.7400 0
250.3207 177.5588 0
219.5808 61.1082 0
190.4642 98.9066 0
201.4799 168.1573 0
182.3588 38.5718 0
220.4298 19.6132 0
227.8085 179.3073 0
232.9389 135.9944 0
222.8287 45.4317 0
180.7630 204.9702 0
238.6178 209.5725 0
248.1648 250.4975 0
236.7229 2.3266 0
185.7669 174.4011 0
200.7065 139.8054 0
215.2611 127.4886 0
202.8990 221.8873 0
204.6627 22.1240 0
206.3901 231.6833 0
229.7644 4.2106 0
236.8155 43.3134 0
200.3033 89.3731 0
249.4390 142.4477 0
210.5738 166.3562 0
168.4121 0.7872 1
176.2203 15.9886 1
108.2281 59.8824 1
101.0702 73.6856 1
153.8606 70.4166 1
162.0848 187.1674 1
101.0794 99.7662 1
134.6853 204.4608 1
144.5266 224.4786 1
100.8268 216.3209 1
118.5930 131.4134 1
108.8826 237.8225 1
131.3717 70.3577 1
109.2421 216.6351 1
109.9982 43.1529 1
118.8604 48.4253 1
170.4193 188.3057 1
143.5479 231.6531 1
116.2910 221.0917 1
104.4672 158.6320 1
104.8744 88.7182 1
122.5714 31.2572 1
119.6789 56.2646 1
168.9655 225.0240 1
125.5344 94.4227 1
133.0128 56.3269 1
173.6956 114.4889 1
168.5688 213.6733 1
102.6176 169.5883 1
180.3422 58.5823 1
139.8017 135.8716 1
156.4055 231.3998 1
164.1940 11.9144 1
127.7601 16.1067 1
159.9023 127.9930 1
167.0363 107.2771 1
154.2222 195.6969 1
100.6194 176.1835 1
169.9672 134.4818 1
166.4933 74.9558 1
110.6397 6.9044 1
138.7141 157.4451 1
106.7398 136.7406 1
114.8237 186.3589 1
109.2820 76.3604 1
191.5195 6.5596 1
122.8968 115.4239 1
151.8097 136.9082 1
113.9112 32.1613 1
177.7559 77.8137 1
116.8468 93.1673 1
128.3045 172.0194 1
103.6065 246.1028 1
139.5533 69.8209 1
125.6535 182.4818 1
149.0866 224.9019 1
146.9494 190.2116 1
157.8276 225.9864 1
166.6216 149.2703 1
170.1396 195.7233 1
142.6579 181.3796 1
140.9521 151.3507 1
127.0278 4.1105 1
133.9474 41.7730 1
105.4471 178.5370 1
124.0764 82.7378 1
123.4119 35.4213 1
167.8391 25.0006 1
159.4783 65.0018 1
173.6565 54.5764 1
117.9121 11.7073 1
144.3163 121.6451 1
155.9145 56.3278 1
141.8159 190.1346 1
153.9183 201.4079 1
116.0063 200.3538 1
124.7093 138.8169 1
154.1586 153.0953 1
119.2175 230.3274 1
158.0139 163.7827 1
154.6268 144.6896 1
144.4132 13.5449 1
123.0784 251.0491 1
162.9197 248.9177 1
165.6065 231.9754 1
111.7382 251.3381 1
152.2065 126.3827 1
191.4642 65.8393 1
103.9786 200.6252 1
161.4144 121.9048 1
157.6426 22.8984 1
156.4634 83.1807 1
132.3970 83.5919 1
124.3657 146.6739 1
138.3554 166.4832 1
151.4298 162.4942 1
106.5452 182.8291 1
133.3697 75.6098 1
162.0575 222.2488 1
142.2237 38.8966 1
153.2049 43.9815 1
125.0088 205.3876 1
120.9455 160.4224 1
125.0279 64.0009 1
174.9627 188.4563 1
112.1649 57.4474 1
117.1184 152.7899 1
147.1525 37.2893 1
103.7284 210.9071 1
179.6272 94.2234 1
155.9579 106.0231 1
130.5022 165.0109 1
141.7341 86.9889 1
139.6372 95.1327 1
141.4206 173.2518 1
105.1298 114.5424 1
163.6229 203.5595 1
166.2071 98.2085 1
135.2417 149.3122 1
113.9290 122.9536 1
141.2987 240.6779 1
107.1790 225.9193 1
106.7966 151.2527 1
115.0317 172.1953 1
124.4284 187.6148 1
188.3013 251.1336 1
128.9738 24.7054 1
144.3018 69.1105 1
178.8495 213.9693 1
132.2708 188.1127 1
177.6259 241.4350 1
175.3200 65.9996 1
136.6137 104.1383 1
109.6959 230.7487 1
125.8406 214.3201 1
114.2638 85.2677 1
142.0740 111.1642 1
129.4444 195.8697 1
163.4432 171.3873 1
142.2645 9.5205 1
143.7691 62.6349 1
102.1406 105.5763 1
169.3023 203.9128 1
153.5569 173.9694 1
108.0022 50.2463 1
148.8934 89.4185 1
146.4973 50.1877 1
140.0990 129.1211 1
149.4893 107.0084 1
162.1819 135.0107 1
150.7727 98.4350 1
180.5673 47.6822 1
179.7030 23.5402 1
160.7726 142.9602 1
134.0506 234.4402 1
108.2602 105.7858 1
108.1873 162.6041 1
172.2314 87.5913 1
122.5081 170.1052 1
101.4672 63.8884 1
124.5420 53.4456 1
168.9902 119.8953 1
167.2259 86.4748 1
153.9570 59.5381 1
119.7890 119.5261 1
110.8751 178.9716 1
118.7389 178.7255 1
138.2493 62.3730 1
121.3772 193.1894 1
167.0304 62.5640 1
158.1057 17.0861 1
109.6868 21.7051 1
137.9145 224.6396 1
103.3511 129.5865 1
160.1779 73.8563 1
113.5582 145.4932 1
149.3232 198.4930 1
134.9156 6.7440 1
100.0673 81.5437 1
105.1879 28.5091 1
112.8015 131.5842 1
122.4819 16.7629 1
105.6770 193.5664 1
158.9849 96.0420 1
125.3303 221.8358 1
106.9094 96.7954 1
152.3857 238.4671 1
177.6505 230.9303 1
111.6068 197.8919 1
151.8357 18.6860 1
171.8389 48.0540 1
156.9902 210.0210 1
111.4420 38.7189 1
121.0348 110.2242 1
101.8052 18.7820 1
167.6979 57.5532 1
134.4139 11.8264 1
125.7916 104.1514 1
177.2871 2.8381 1
169.7907 178.0689 1
168.7158 171.3671 1
102.9767 49.1085 1
169.2469 241.9396 1
146.8334 77.6238 1
165.2203 52.2561 1
119.7930 139.0567 1
138.7484 22.5727 1
191.2173 55.5256 1
132.5145 0.6166 1
127.4066 156.8596 1
151.3483 116.2946 1
115.8359 106.0577 1
169.9394 19.8246 1
133.7367 243.6814 1
144.4913 202.7874 1
120.0086 243.2052 1
148.9792 215.8721 1
173.9438 104.7789 1
159.3326 8.5740 1
133.3512 159.3608 1
139.0523 43.1168 1
132.1882 124.6645 1
129.2057 201.0730 1
199.8657 33.0812 1
141.3495 141.8862 1
133.7461 112.9202 1
114.2106 64.3185 1
129.2650 34.0746 1
137.3334 90.3441 1
101.7869 237.1355 1
156.7051 240.8089 1
151.4801 2.5036 1
142.4960 209.8928 1
164.7504 38.0750 1
183.3212 0.0929 1
