224.5331 57.5444 0
240.3219 190.3710 0
234.7030 83.1354 0
206.4882 228.8613 0
218.3314 206.8703 0
245.4336 119.7583 0
193.8741 68.2195 0
240.3585 74.7643 0
209.1472 207.7024 0
226.9914 219.2628 0
217.7091 222.7935 0
220.8350 142.7778 0
222.0838 244.8982 0
210.8962 152.2617 0
230.8161 75.5530 0
186.5642 88.8396 0
248.7317 11.5905 0
215.2243 132.8546 0
227.3930 164.8356 0
238.7549 110.6399 0
208.6295 161.0212 0
227.1338 71.8210 0
218.4126 98.7269 0
232.3448 62.8558 0
250.6433 0.3272 0
244.2520 103.9960 0
224.8392 90.8691 0
232.4632 143.6900 0
206.3388 213.1192 0
230.8933 116.5503 0
201.2270 207.4593 0
218.0203 108.5549 0
248.8398 71.6259 0
243.7636 246.4680 0
235.4799 9.9179 0
204.0684 66.0018 0
231.6765 228.2290 0
206.6675 175.6226 0
203.8259 84.9393 0
243.9916 141.2971 0
205.9517 60.4186 0
186.8026 196.9920 0
209.2749 219.9593 0
198.1803 97.2301 0
221.0677 30.6694 0
247.8085 127.4345 0
210.6862 130.9896 0
231.8979 134.6038 0
238.7694 55.4853 0
250.0781 166.7775 0
242.0189 132.1989 0
248.1075 17.7104 0
232.7428 164.2159 0
216.7522 85.0441 0
203.3960 37.2756 0
193.8894 113.5269 0
189.8777 105.4171 0
239.7453 11.1538 0
242.5818 149.0921 0
219.9008 230.1083 0
212.0563 66.9967 0
203.7424 146.1705 0
235.0136 195.3418 0
201.3900 225.8412 0
215.3210 102.5072 0
223.2446 209.5631 0
214.7476 122.9026 0
225.3486 21.9108 0
224.3729 133.3523 0
218.8322 80.8151 0
219.1812 126.0837 0
186.9340 82.2695 0
201.3709 150.9101 0
233.1384 223.9099 0
200.7094 167.7963 0
247.3488 236.2423 0
215.2816 184.3945 0
173.3002 98.5722 0
221.3733 177.4958 0
246.7836 175.0034 0
212.7323 17.3852 0
249.3189 111.0918 0
226.2243 114.7309 0
205.7169 125.5740 0
236.9220 133.7200 0
206.0876 199.5111 0
191.9246 83.0694 0
212.2713 32.9244 0
219.5073 9.4020 0
213.8801 23.1044 0
241.8823 239.9500 0
226.6160 155.4287 0
243.1495 209.4881 0
237.7039 209.5691 0
239.8652 96.4515 0
245.0262 187.7685 0
241.4216 217.4827 0
233.6606 27.4718 0
212.4019 73.0193 0
227.3874 170.4076 0
193.6706 59.0526 0
202.5263 244.0331 0
204.6817 29.8441 0
205.3023 95.4070 0
199.8955 202.4820 0
217.7928 2.4982 0
213.1246 3.2494 0
237.4033 181.8942 0
217.3779 47.1715 0
222.1564 107.7464 0
231.6028 45.4156 0
239.3770 50.0181 0
198.5570 110.2924 0
232.7791 118.4285 0
209.2284 104.8055 0
243.2706 3.3284 0
191.5515 51.1581 0
208.8868 147.7376 0
209.0014 116.7942 0
224.0290 185.4129 0
201.6875 157.1184 0
212.5268 41.4359 0
242.2793 83.1238 0
224.4405 78.1620 0
226.2143 33.8910 0
234.1905 173.0472 0
200.2474 163.0094 0
218.2552 90.1640 0
192.5967 195.5009 0
201.9978 113.8234 0
211.3245 193.9395 0
188.3818 153.7416 0
242.8133 161.6192 0
230.5355 51.9922 0
216.3976 175.1821 0
194.9971 102.3099 0
222.4030 190.4729 0
218.1918 72.9574 0
228.3285 237.6713 0
203.9317 182.3406 0
213.6954 203.6569 0
207.7387 244.0172 0
229.8229 197.6942 0
226.5522 85.4533 0
218.8200 216.4468 0
224.7424 9.2628 0
244.6439 170.0155 0
195.7084 171.4520 0
248.2449 23.9108 0
190.6470 185.2939 0
203.7178 121.4541 0
230.5353 250.5896 0
214.0115 245.7536 0
230.7932 40.3545 0
191.7534 152.2311 0
222.6181 117.8321 0
239.3676 21.3105 0
202.8425 24.5904 0
238.4526 158.4957 0
220.0544 22.3391 0
230.3089 24.4441 0
194.9826 212.2016 0
234.1619 205.7378 0
235.6242 151.4214 0
245.8904 230.6403 0
210.8688 11.8654 0
182.5397 205.3385 0
229.2278 106.0101 0
239.7385 225.3831 0
239.1415 125.0833 0
227.4297 189.3116 0
199.3741 69.6527 0
240.5217 200.6199 0
247.1753 63.8206 0
197.1257 91.7804 0
225.9233 1.9120 0
229.6226 14.9818 0
216.8004 239.1058 0
237.5206 63.7356 0
238.3446 104.6986 0
219.5002 35.8022 0
245.8712 42.8943 0
222.3187 40.6503 0
212.2974 230.1634 0
190.6827 166.1707 0
200.4017 180.4805 0
204.9034 51.6677 0
229.4005 126.4534 0
214.6704 56.7182 0
203.4759 103.3927 0
199.4710 38.0980 0
247.1286 59.0034 0
247.6295 242.8762 0
239.7652 34.4689 0
232.1469 97.7806 0
202.0361 238.9724 0
235.7165 217.0607 0
236.0350 232.9229 0
197.6866 189.2368 0
206.0299 47.2693 0
205.0818 80.1422 0
191.2904 204.6970 0
250.0775 209.1165 0
216.4348 152.2384 0
247.8174 222.6967 0
197.1147 121.2263 0
183.8010 105.8657 0
247.8761 192.6705 0
212.9196 96.4360 0
210.4607 166.3568 0
222.1815 157.9773 0
202.3723 196.7593 0
240.8361 42.2312 0
189.3828 68.7904 0
236.9180 246.1297 0
223.1087 238.0349 0
250.6552 216.6246 0
198.5348 52.4686 0
207.0324 55.9503 0
223.6001 148.6245 0
249.2215 36.6755 0
229.5737 178.7521 0
198.5276 144.9520 0
219.4544 165.4213 0
176.3913 217.9917 1
137.9124 52.3777 1
141.1590 115.7772 1
117.4222 151.8545 1
114.6634 134.7418 1
112.8972 59.3112 1
117.4788 208.4480 1
138.2126 129.8135 1
155.9821 180.2503 1
147.4319 15.9180 1
111.5859 56.6172 1
154.4434 36.8482 1
123.3137 7.2647 1
155.5268 250.5142 1
137.5898 105.0223 1
179.5873 0.0777 1
137.1144 193.8054 1
152.8638 133.7384 1
129.4305 201.2493 1
150.7562 107.9081 1
168.0246 89.7913 1
173.9087 42.5779 1
124.5023 146.0510 1
113.1811 127.2031 1
175.1225 210.5676 1
112.0937 182.7713 1
136.8788 169.8389 1
127.0433 177.1109 1
165.0946 243.0497 1
117.1297 171.8041 1
160.1401 225.8345 1
128.5858 167.3318 1
100.0331 126.0023 1
110.1235 137.7171 1
120.3189 16.9504 1
163.8589 78.6698 1
130.2272 91.3489 1
112.3545 158.3598 1
142.4292 223.5776 1
161.5354 164.7078 1
136.9182 235.0179 1
106.7769 166.1943 1
154.3746 95.3969 1
103.0141 50.9135 1
150.1153 234.5265 1
143.7828 227.7842 1
184.2532 215.6824 1
116.2976 44.7509 1
160.0975 154.5694 1
121.3678 78.2419 1
102.1600 12.5599 1
167.4301 118.7170 1
133.8119 78.8744 1
166.1632 41.4944 1
106.0413 66.4886 1
100.6095 134.3694 1
112.5942 70.8260 1
153.8063 140.8790 1
167.9284 159.3352 1
148.4027 137.8589 1
146.6100 3.1273 1
109.9932 191.0372 1
123.4151 31.8542 1
132.7919 190.8498 1
197.0971 234.5009 1
170.7457 176.3018 1
168.5849 239.1378 1
120.0804 225.5830 1
176.4370 161.8134 1
181.1822 67.5018 1
142.5110 140.9718 1
132.5580 5.4835 1
124.3976 157.2773 1
124.9756 100.7800 1
172.0811 29.2570 1
118.7233 230.6792 1
166.8035 33.7502 1
184.1534 126.2158 1
194.0565 43.4151 1
100.9405 159.9660 1
141.4483 77.9666 1
112.5840 237.1005 1
148.9497 208.3706 1
103.2511 115.7453 1
157.4547 185.6117 1
115.9764 17.8384 1
188.3299 32.7255 1
184.3764 151.1863 1
141.6998 167.9867 1
185.4216 28.0818 1
162.1285 62.9093 1
105.8048 72.3031 1
135.5394 32.5154 1
172.8890 145.1433 1
169.9818 216.5792 1
193.6224 246.1876 1
100.6499 81.1365 1
134.4074 140.3971 1
128.2509 80.7378 1
126.0216 206.3619 1
110.1103 97.6151 1
174.5535 34.1630 1
169.4228 124.6055 1
174.9747 83.3165 1
128.7159 47.0602 1
151.6723 229.2469 1
179.4337 176.1980 1
131.5613 125.6987 1
175.1465 86.2920 1
154.1154 27.5175 1
148.4481 42.5055 1
112.0479 10.9182 1
138.0952 11.3608 1
108.6093 22.1531 1
118.4565 245.4867 1
144.8812 20.7851 1
138.8523 123.3068 1
167.0410 152.3584 1
127.1193 20.7671 1
120.5616 58.7227 1
112.8516 82.6561 1
189.7449 13.8696 1
171.4542 119.3489 1
101.4380 174.0425 1
152.7804 70.6093 1
108.1378 181.5456 1
140.3150 20.9360 1
164.7102 248.9694 1
163.0851 88.7390 1
198.3141 214.2169 1
178.2496 153.1474 1
126.9273 152.6322 1
125.2878 70.6374 1
155.7855 234.5989 1
170.4044 63.2583 1
103.7822 41.4531 1
166.9739 10.5503 1
177.9196 186.3486 1
108.0468 150.6822 1
116.4351 143.7309 1
170.8781 250.5080 1
109.2042 82.1575 1
127.9799 250.1974 1
179.2686 40.3683 1
149.3410 123.2698 1
104.7455 25.9823 1
169.8474 223.7890 1
151.8956 115.5788 1
178.9102 231.1383 1
105.2315 4.7398 1
186.0383 42.7512 1
152.4108 202.3608 1
103.8846 95.1396 1
110.4041 174.1528 1
198.3314 11.9184 1
107.4499 222.8246 1
111.6677 89.0735 1
142.5887 55.3551 1
111.9883 208.5659 1
191.7161 129.3972 1
120.7134 104.7427 1
165.8797 202.6380 1
146.2682 214.3082 1
143.2473 196.3462 1
152.0119 223.4126 1
102.4143 203.1255 1
100.4191 3.3775 1
142.3123 96.1621 1
154.8889 99.1229 1
126.8956 115.8260 1
139.0229 182.7348 1
125.4627 240.6865 1
160.0750 213.3034 1
132.4499 158.0304 1
184.8379 226.0638 1
168.1343 75.8454 1
174.0312 127.8839 1
103.1588 86.0265 1
195.3449 25.1702 1
171.2790 186.8791 1
143.5832 38.2164 1
110.2572 42.0449 1
176.9315 221.7708 1
175.9444 17.1002 1
102.9276 107.2232 1
148.5756 169.1631 1
100.6940 142.8270 1
171.8178 139.5987 1
164.6552 180.3201 1
173.5710 179.8250 1
139.0438 212.9126 1
120.3015 193.7992 1
177.4827 50.1187 1
163.0401 173.9393 1
188.9229 60.8648 1
139.3146 2.3928 1
133.1382 229.9617 1
143.8972 29.2676 1
140.7258 47.1193 1
176.1689 242.7019 1
189.1499 42.1322 1
149.0182 163.3348 1
206.9877 6.7679 1
133.0147 150.4894 1
163.4931 142.3559 1
147.9908 43.1044 1
135.0246 203.4194 1
113.6387 31.2644 1
173.7612 194.8285 1
121.1580 137.9193 1
107.3140 18.8769 1
166.3864 188.7899 1
122.0476 117.2229 1
187.9312 117.4997 1
114.5685 110.9866 1
122.3131 126.7240 1
169.7214 108.1528 1
189.4698 139.3754 1
100.2158 151.0893 1
204.7414 138.4225 1
150.5463 81.4214 1
177.2975 9.9206 1
173.9641 134.0490 1
144.1091 73.6593 1
147.7617 246.9762 1
183.0317 168.8373 1
121.2720 217.0357 1
152.6781 56.1089 1
153.5157 61.3178 1
151.7368 215.0504 1
100.7706 225.8236 1
191.9531 234.2215 1
103.8780 131.7699 1
114.6849 3.2432 1
156.1268 128.6532 1
152.0258 198.3955 1
103.3603 192.5185 1
107.4646 227.6539 1
154.3041 5.1329 1
127.3942 212.4705 1
166.8105 129.0938 1
164.3289 51.1222 1
146.1565 128.1405 1
175.2757 6.1025 1
131.2181 63.6984 1
192.7137 16.0764 1
162.6752 68.0492 1
180.4261 110.4162 1
175.7006 25.4367 1
107.3560 144.6651 1
138.4669 196.8794 1
146.7060 113.5388 1
185.0274 248.1155 1
183.9546 58.8947 1
148.7402 176.1083 1
147.0234 188.0274 1
185.7450 178.0257 1
121.9332 92.6830 1
153.0513 151.5512 1
188.0906 25.6306 1
147.3394 89.6573 1
171.3954 51.8803 1
182.7095 74.5348 1
116.7883 160.5465 1
100.9930 210.5052 1
130.0057 40.1584 1
160.3733 13.3628 1
170.3272 233.9158 1
183.5697 18.1210 1
198.6233 3.5561 1
