230.8208 59.1992 0
227.6447 81.3216 0
177.9133 241.6565 0
236.1420 39.3360 0
241.3112 31.5735 0
236.8550 22.1870 0
188.9097 107.7681 0
179.8826 214.0251 0
183.1604 16.6046 0
207.5990 113.0415 0
240.2590 95.7809 0
186.0917 248.9137 0
230.0406 176.3947 0
190.4302 45.9313 0
248.9908 118.2439 0
215.2445 195.0073 0
185.0107 61.2196 0
196.9728 67.0902 0
197.6656 117.5377 0
198.0829 90.3441 0
213.8140 176.9599 0
177.5880 228.4095 0
233.1393 243.7460 0
221.0938 77.3864 0
202.9590 4.0072 0
237.6074 85.5556 0
206.3392 232.5399 0
180.1487 123.5491 0
237.9013 154.0735 0
196.6277 181.6261 0
198.1773 154.8323 0
201.4210 229.9561 0
206.5270 197.1050 0
237.4725 6.8722 0
232.2449 70.1608 0
237.4463 202.6218 0
197.9049 84.6806 0
178.6260 35.6446 0
247.6652 196.4739 0
245.2918 7.0527 0
201.2875 220.7113 0
223.5744 141.3917 0
237.8188 143.5887 0
238.6806 170.1728 0
192.9779 136.3617 0
246.5509 184.3346 0
204.4303 247.4055 0
119.6789 37.9413 0
222.4515 125.6583 0
239.3355 52.7785 0
154.8866 11.6334 0
205.7928 236.4876 0
214.0159 111.2180 0
228.9328 169.1089 0
237.7086 67.4445 0
247.2041 170.5008 0
236.2306 44.1384 0
202.0160 72.7164 0
186.5384 148.8697 0
223.1464 25.9367 0
180.9796 250.3820 0
186.3335 169.7286 0
177.8244 133.6289 0
192.3224 212.6412 0
247.8854 157.5470 0
187.7046 52.5956 0
190.3094 127.7843 0
217.3674 134.0373 0
188.3058 227.0976 0
243.8859 106.5271 0
213.9809 66.2904 0
206.7268 96.5728 0
216.8111 71.6084 0
244.3925 236.1224 0
233.7557 89.4366 0
230.9749 193.7701 0
241.6008 229.0078 0
220.3848 170.8798 0
201.5803 18.1205 0
211.4033 157.6875 0
203.1496 58.6314 0
184.2516 241.1855 0
206.9991 130.9056 0
185.0548 202.1207 0
201.2030 213.1159 0
205.7683 125.5405 0
249.4281 248.6203 0
225.0497 32.3375 0
228.6285 225.8591 0
203.7378 209.1988 0
218.9235 99.3003 0
175.6009 197.5530 0
184.3760 211.1943 0
182.1157 193.6311 0
233.5617 100.1246 0
238.3275 126.0740 0
183.4420 187.2758 0
194.8204 58.1145 0
231.8777 50.8400 0
175.0720 58.1389 0
205.7895 203.7201 0
223.4670 197.7428 0
172.9658 12.2075 0
180.6541 152.9449 0
214.1356 36.6138 0
231.3684 13.2043 0
193.7790 162.0625 0
234.1086 121.9398 0
168.7087 218.2402 0
201.3266 113.8145 0
193.3628 7.6209 0
234.8955 238.2544 0
209.0677 226.2919 0
245.6196 240.9368 0
185.9378 69.9490 0
188.9595 119.6430 0
241.0419 164.5896 0
165.9302 234.9238 0
236.0889 113.6809 0
226.0267 185.8324 0
223.6323 49.1550 0
235.4842 79.3912 0
213.6000 59.5331 0
192.9453 39.3123 0
214.4299 145.0515 0
236.6191 221.6775 0
248.6589 190.5668 0
249.1525 66.7274 0
228.6534 5.0099 0
213.4286 23.7711 0
219.2005 207.8052 0
197.3561 48.8118 0
221.4482 44.2600 0
189.5674 240.0752 0
241.5499 137.8253 0
176.2749 5.9977 0
247.4463 221.7518 0
181.9091 171.8967 0
176.5639 86.2828 0
238.8514 191.4945 0
240.9042 77.8440 0
181.2341 70.2883 0
225.7482 238.2136 0
190.1535 76.2306 0
192.0526 115.4210 0
220.0844 248.1076 0
218.1076 106.2486 0
201.8214 104.5608 0
207.4229 217.6782 0
232.6283 25.8382 0
202.0238 156.7507 0
182.9825 101.4894 0
205.4344 30.9114 0
195.9256 219.7795 0
173.7941 47.7154 0
234.4872 214.2367 0
226.8759 147.9368 0
203.1563 188.4903 0
207.9601 68.7709 0
226.4051 105.6607 0
221.3748 147.7322 0
210.1358 139.2734 0
211.3489 46.1070 0
224.7201 135.5775 0
236.7679 230.4526 0
214.9467 152.5299 0
243.8850 14.5576 0
236.2301 157.6038 0
213.2065 75.8644 0
185.4651 7.5099 0
220.2115 226.1542 0
227.1595 46.6378 0
238.9200 15.0254 0
185.1500 158.1095 0
179.0152 95.7456 0
249.4782 229.4968 0
218.0491 160.4163 0
205.1917 91.8739 0
215.0190 14.4690 0
214.4425 4.0339 0
226.0346 12.6487 0
219.7451 85.7923 0
235.6717 60.1047 0
180.2366 232.8066 0
214.4409 91.9060 0
183.0293 178.0321 0
244.8875 59.0128 0
242.8051 44.7682 0
169.0854 37.7857 0
219.3298 21.3639 0
189.7826 85.7266 0
213.5850 207.7336 0
247.9392 38.7596 0
201.4175 179.6367 0
204.5862 12.4638 0
187.4240 90.3300 0
216.3480 120.5832 0
209.7927 85.8705 0
229.3452 215.8665 0
181.4156 113.5502 0
209.1271 188.4923 0
232.0719 116.5273 0
225.8803 211.5153 0
208.0053 25.7743 0
238.2863 134.0525 0
244.1642 205.1048 0
169.3884 8.9516 0
210.4422 8.6874 0
171.2492 2.3338 0
189.9861 183.4027 0
185.5236 32.1344 0
192.9777 68.5482 0
227.0655 231.3057 0
237.1803 210.3511 0
218.6420 180.2343 0
196.6889 26.0089 0
228.9694 152.4573 0
217.4082 229.1619 0
201.8701 63.5441 0
198.0119 131.6478 0
175.9312 105.2810 0
194.4315 124.4573 0
185.3698 134.4763 0
197.6740 194.8700 0
193.1573 229.0550 0
180.3854 196.0497 0
235.3944 184.3906 0
204.0695 82.3238 0
171.8504 247.7321 0
190.2287 61.2480 0
194.0193 100.6298 0
220.1660 64.7148 0
210.7803 169.0407 0
202.9104 40.7871 0
197.7977 237.4725 0
250.1120 6.5987 0
194.8930 241.2201 0
217.1904 190.7195 0
224.3632 67.8396 0
223.4277 158.4026 0
184.6540 223.2388 0
186.7090 162.5914 0
161.8265 247.5515 0
242.8488 84.8528 0
177.7515 205.6941 0
206.0646 150.8324 0
212.6088 81.7860 0
192.1922 141.3049 0
241.5077 72.5572 0
170.0728 117.0016 0
198.5933 35.1289 0
177.7528 25.2083 0
201.6438 123.8866 0
222.2325 3.9210 0
241.7363 100.8194 0
212.6767 199.1447 0
223.7984 91.2410 0
210.7877 213.4259 0
192.9974 207.6258 0
245.4818 23.9468 0
201.4343 48.1196 0
242.3042 177.5783 0
226.1708 20.5296 0
219.8013 116.3113 0
221.6637 242.0421 0
199.9194 172.5155 0
196.8614 200.1381 0
202.8625 164.4935 0
242.3818 146.0164 0
240.6137 245.3213 0
182.2131 91.9308 0
249.9755 149.4701 0
227.5340 110.5365 0
245.2929 64.3090 0
183.3452 144.6215 0
227.7645 37.0086 0
217.0883 40.5844 0
229.1177 199.2048 0
226.2166 162.8471 0
184.2999 139.3681 0
249.7124 79.0888 0
232.9003 141.6969 0
230.7196 131.2112 0
193.9624 0.9014 0
185.3865 21.3748 0
220.4304 30.4461 0
214.8714 125.6980 0
213.4459 245.1002 0
162.6839 2.4406 0
211.2885 181.0238 0
245.6499 93.4528 0
211.7781 234.6558 0
192.3832 175.6234 0
249.4491 162.7472 0
218.3948 57.7202 0
244.5394 216.6127 0
231.9482 20.6179 0
223.0852 95.2472 0
246.2143 144.1241 0
193.6673 190.6738 0
206.1522 141.5643 0
180.7965 78.8909 0
210.5491 104.5579 0
176.2605 119.4609 0
172.6537 215.3264 0
196.1510 139.9761 0
219.5499 215.2593 0
236.9643 2.2528 0
192.1237 16.2492 0
228.2115 157.9762 0
141.9572 100.0466 1
111.5070 98.4207 1
146.7204 68.5895 1
129.7812 173.3521 1
120.0368 139.4872 1
106.9542 90.6487 1
174.4380 165.0961 1
165.2035 213.2980 1
104.3526 159.9547 1
153.1206 93.8085 1
139.2163 38.1783 1
164.0144 166.2303 1
139.2801 109.3590 1
121.8860 148.5109 1
106.6777 218.0780 1
102.5538 177.0012 1
172.5333 170.8106 1
127.9661 214.3197 1
169.6066 43.1978 1
121.0768 247.5258 1
109.1475 157.3581 1
150.5734 80.8571 1
139.2930 206.7649 1
139.8604 120.8944 1
156.6341 129.2459 1
144.9895 127.5991 1
150.3009 104.7045 1
129.5856 143.1472 1
121.3785 202.1874 1
122.1621 231.4292 1
105.2790 235.8010 1
129.4696 162.9810 1
153.8892 162.9881 1
105.9006 115.4893 1
162.5055 149.3441 1
109.9128 226.8344 1
136.9229 184.6171 1
116.7972 199.6118 1
108.4423 134.5468 1
175.8026 72.4080 1
148.4444 222.1431 1
116.9674 45.2806 1
158.6381 145.5052 1
119.8347 218.9351 1
125.3821 195.6590 1
126.5083 82.7068 1
148.1250 28.2800 1
130.1594 32.7233 1
108.2507 207.5678 1
133.1660 191.1937 1
146.9529 36.7004 1
157.6888 109.5142 1
117.5202 103.7828 1
100.4335 98.0896 1
124.1079 157.1243 1
105.9769 78.8507 1
121.4731 182.6845 1
163.4221 156.7117 1
150.0890 243.9682 1
174.2537 139.5638 1
149.8560 20.9520 1
128.3260 73.0409 1
165.9423 94.2428 1
102.8990 125.4859 1
100.1157 36.6939 1
116.7135 10.6474 1
163.5160 240.7888 1
150.4974 229.7109 1
133.5667 86.1348 1
152.6094 135.4623 1
154.9485 34.5766 1
102.5320 4.0751 1
158.2999 66.0581 1
124.3212 47.5986 1
126.0564 123.1770 1
120.8686 23.6050 1
157.0686 138.8587 1
118.1699 160.9840 1
170.3196 222.7814 1
154.2547 51.5693 1
161.1204 179.8060 1
174.1194 179.6747 1
113.4772 32.3208 1
170.8534 125.7581 1
118.0049 66.0459 1
168.0047 29.5904 1
149.7129 234.9217 1
116.4300 95.9782 1
145.7329 77.3802 1
138.3744 133.1514 1
167.3362 196.3299 1
106.8780 110.2477 1
158.0345 185.1157 1
138.3509 163.3033 1
160.7844 86.8405 1
151.6480 117.6993 1
145.4487 186.3854 1
154.6887 171.0500 1
147.3976 174.7127 1
110.0641 140.4428 1
153.3411 150.9713 1
139.9015 148.3117 1
143.8998 99.8559 1
101.8101 130.3679 1
141.7604 42.4225 1
103.9421 148.4292 1
106.5433 31.0091 1
147.0392 144.2996 1
164.9436 56.4290 1
166.6588 47.6623 1
166.9935 61.6421 1
129.4068 114.9066 1
132.8998 99.5434 1
134.1853 224.3065 1
120.9711 14.4681 1
117.3764 126.9883 1
165.8053 139.8927 1
134.3165 58.2345 1
165.3443 171.0340 1
151.4767 6.7149 1
170.6938 19.2126 1
152.5325 180.5672 1
172.3612 89.5803 1
132.9316 170.1251 1
114.2052 179.0367 1
137.1038 25.8557 1
147.0436 193.3456 1
109.0376 152.1345 1
101.1238 61.8209 1
153.6640 198.9538 1
168.2426 100.2290 1
120.1074 58.2697 1
124.5313 33.5202 1
111.4847 249.9745 1
132.0345 39.8078 1
170.7916 107.7278 1
172.9629 206.7643 1
138.2732 141.3661 1
142.0581 73.2434 1
184.4671 44.2796 1
119.6644 173.3469 1
132.8534 3.6402 1
149.7611 202.9797 1
112.5451 117.3199 1
100.2633 167.6092 1
173.1323 146.7565 1
103.0489 198.1925 1
166.9459 75.1921 1
130.9005 15.6357 1
101.0630 240.1991 1
147.1474 47.1775 1
159.4979 217.2174 1
145.8641 169.7365 1
131.9402 207.7189 1
136.1397 154.5515 1
165.0926 108.3863 1
112.4159 198.2437 1
144.9399 217.0721 1
125.9816 241.1195 1
106.3131 101.3192 1
122.5751 116.0024 1
131.9630 247.8048 1
129.5436 20.3393 1
101.4530 19.4092 1
112.1689 212.5847 1
139.3059 3.9789 1
125.7805 228.5023 1
153.0893 218.7667 1
109.0032 188.7585 1
159.9471 34.9229 1
163.0456 118.5619 1
118.2087 239.0715 1
116.7200 185.8000 1
120.9975 88.6165 1
142.9278 57.7017 1
155.4436 22.8132 1
139.9731 13.6505 1
108.2755 86.0426 1
154.2240 125.1738 1
146.6621 157.6076 1
124.2629 132.1704 1
118.4449 75.4107 1
153.3734 245.2651 1
126.4521 95.2251 1
116.3646 135.6354 1
108.6062 169.6461 1
158.1793 73.7764 1
163.1406 22.7996 1
148.0630 59.7006 1
140.6972 23.3650 1
107.7382 64.7809 1
120.2468 112.6591 1
131.0372 199.9834 1
100.6966 13.6581 1
131.2375 220.6286 1
112.7939 162.0557 1
116.4771 229.1773 1
158.8953 205.8896 1
149.6165 96.7459 1
162.0035 198.8219 1
135.4870 88.9579 1
107.6844 48.4416 1
127.8168 204.4055 1
170.1876 78.8350 1
103.4437 72.1796 1
107.9197 56.3396 1
165.1064 12.5177 1
109.2123 13.7568 1
106.7243 19.6914 1
132.9336 233.8426 1
142.2761 228.4442 1
155.3588 225.7754 1
