210.7981 11.4914 0
249.2982 102.6126 0
183.3161 151.0562 0
212.0396 188.4356 0
224.8242 58.6742 0
218.5663 156.4498 0
239.9813 142.2053 0
191.9766 68.9024 0
235.3012 117.7593 0
193.9599 64.4145 0
198.1580 108.7204 0
227.6372 180.6834 0
230.9904 145.4344 0
201.7530 249.5926 0
235.6637 44.2783 0
206.1032 146.1159 0
185.1126 50.7626 0
183.4745 170.0370 0
237.2406 6.4097 0
187.2196 184.2346 0
218.8483 201.6497 0
240.5005 147.0542 0
240.5278 182.4073 0
242.6698 50.9251 0
250.9347 232.8813 0
249.6245 61.5884 0
185.0780 120.2391 0
184.2345 61.2556 0
241.9079 231.0975 0
224.6697 19.2036 0
178.2093 123.0839 0
239.3527 134.3865 0
249.9834 191.5933 0
198.7712 215.3120 0
235.9412 72.9918 0
118.8967 229.2807 0
192.4155 153.5960 0
213.0536 249.5726 0
225.2365 66.2520 0
181.4340 135.4378 0
245.0236 44.0829 0
249.1838 177.9898 0
222.6107 125.7076 0
220.9771 89.5775 0
207.4428 238.3847 0
215.4877 30.2200 0
247.9087 224.7049 0
201.5330 29.3699 0
231.3751 246.0924 0
204.1134 223.6509 0
230.5104 226.9852 0
199.7929 91.3649 0
230.8601 183.4875 0
226.8051 156.4216 0
237.5377 244.6516 0
239.1525 124.6875 0
195.9471 10.5967 0
209.2416 102.7514 0
206.4189 64.1664 0
199.8706 160.0992 0
246.9952 32.0930 0
239.0628 164.2855 0
187.3972 35.3569 0
210.9294 177.7594 0
195.3557 193.1599 0
232.1476 238.8450 0
246.0396 7.1489 0
205.1691 186.2172 0
242.5281 78.6251 0
220.7829 34.8764 0
221.3329 49.1304 0
247.5801 229.8035 0
173.5348 143.4554 0
229.8020 215.1241 0
202.1930 234.4071 0
239.0053 239.6538 0
233.4853 153.0434 0
213.9371 139.0704 0
217.5195 132.1082 0
223.5641 120.9713 0
200.1241 3.4671 0
202.4716 112.6591 0
233.1810 101.2279 0
239.7051 223.3929 0
218.5890 237.2934 0
190.4973 145.1579 0
216.0150 216.7462 0
228.6563 112.9880 0
231.8632 190.0717 0
212.7715 157.3948 0
192.4314 1.7575 0
220.7575 64.6160 0
193.7502 212.0297 0
170.2377 168.0417 0
195.8502 184.8190 0
250.4034 80.3416 0
242.1278 187.1931 0
212.1466 49.9832 0
227.7665 98.8600 0
230.2356 124.7418 0
232.6544 137.5374 0
198.0340 22.9658 0
190.2035 165.4510 0
239.6814 94.3233 0
238.3816 53.5339 0
194.7806 29.3009 0
189.6977 23.3565 0
217.0906 85.3723 0
193.8288 15.4549 0
244.7030 74.1583 0
236.9675 36.1387 0
242.1937 10.7857 0
247.1747 202.0235 0
170.6871 131.4433 0
244.3498 170.0045 0
184.8370 78.4912 0
228.4616 31.6928 0
210.2283 92.2289 0
172.7196 173.2673 0
197.6740 33.4369 0
171.9206 136.2867 0
194.2595 98.2352 0
213.7385 230.4708 0
201.1869 61.1608 0
201.7381 148.2617 0
246.7853 139.7751 0
182.6017 160.2251 0
226.2146 71.2587 0
229.2486 223.4888 0
197.3876 234.5445 0
243.3120 1.4826 0
226.6476 173.0625 0
207.7166 83.9712 0
219.3878 140.6649 0
234.1478 174.4245 0
228.7946 202.2773 0
193.3801 87.3790 0
237.5974 156.5825 0
249.8211 21.8725 0
242.8352 60.3141 0
200.9993 135.9197 0
174.5243 151.0462 0
202.2477 41.9722 0
184.0033 66.3920 0
241.9175 89.2581 0
210.9193 193.8785 0
203.5754 181.1651 0
241.7281 218.2906 0
227.7067 93.9363 0
238.5186 61.2157 0
196.2204 70.5600 0
238.6323 68.6080 0
208.1300 126.0703 0
244.9935 115.6395 0
241.5642 32.8448 0
193.0665 136.1044 0
205.1860 214.7063 0
237.7602 81.2167 0
197.8021 115.8357 0
187.7020 54.0173 0
227.8815 13.6863 0
185.7134 125.7239 0
229.9294 80.4685 0
157.6604 88.6513 0
189.3821 89.8584 0
189.2377 140.5681 0
204.7697 160.2082 0
186.7374 97.6654 0
217.3198 194.0604 0
250.0921 209.0341 0
230.7491 9.2520 0
188.2475 225.1232 0
224.5728 150.7112 0
228.5970 26.1273 0
224.4515 82.0555 0
194.1606 38.5518 0
235.4647 202.1553 0
207.7071 25.9192 0
189.9113 105.1917 0
222.7318 245.6189 0
231.5546 210.0365 0
219.2802 16.2101 0
209.7020 78.5593 0
204.5679 199.8559 0
198.4638 170.2350 0
184.2122 179.7734 0
218.7060 184.0001 0
243.6795 198.2573 0
210.9989 66.1495 0
245.4031 125.2150 0
214.6814 244.6414 0
225.4479 163.0651 0
250.2582 165.9833 0
205.8603 94.4553 0
235.8698 26.0337 0
225.0674 108.0513 0
232.7625 87.2715 0
220.7379 163.8692 0
210.1523 72.3711 0
215.3797 205.6519 0
227.2636 44.3460 0
215.6722 19.5009 0
208.9842 205.6891 0
208.8594 1.2913 0
221.5386 147.3051 0
203.5069 204.9086 0
251.4727 159.1219 0
247.4688 39.4700 0
190.8732 173.7468 0
215.2791 116.7556 0
218.6951 214.7868 0
218.1644 95.8822 0
178.5184 163.3915 0
196.1047 48.4372 0
220.6667 24.5078 0
251.4643 2.1226 0
186.8067 193.8812 0
217.4914 56.3456 0
245.7399 108.2671 0
235.6842 19.1175 0
208.0102 112.7784 0
250.3147 124.2112 0
206.2178 11.5351 0
247.7220 246.2928 0
232.6222 61.5742 0
192.5046 118.4115 0
230.8830 164.3887 0
219.6719 73.7861 0
204.0761 173.2655 0
203.0492 55.9030 0
223.3382 221.3855 0
225.2908 194.2770 0
181.6596 143.7747 0
212.9231 99.8558 0
249.1783 48.3803 0
199.5535 100.9046 0
245.3357 158.5058 0
201.8210 139.7602 0
241.8212 108.2324 0
224.4544 215.1541 0
235.0589 93.2032 0
250.0122 150.7091 0
222.0055 234.1089 0
242.8472 132.9055 0
234.1030 196.4817 0
216.3913 148.3920 0
251.7177 133.3111 0
186.7914 230.9710 0
212.1465 38.3568 0
189.9879 77.8589 0
217.3633 173.4381 0
200.2099 244.8219 0
195.9603 249.3014 0
239.6465 172.3592 0
213.0209 131.1006 0
216.2088 46.6656 0
183.1722 191.5470 0
243.8080 238.2461 0
241.5664 98.8159 0
250.9338 143.0814 0
235.5158 249.5612 0
194.7636 161.9903 0
205.9259 121.0738 0
192.7893 132.7703 0
201.2621 228.2392 0
213.1593 3.7586 0
221.2468 229.1938 0
221.3540 3.2004 0
229.1824 38.3251 0
199.8829 79.5814 0
234.0894 111.9818 0
212.1138 165.7410 0
176.6957 245.5660 1
163.0831 44.5811 1
152.6020 67.4736 1
113.3510 109.8750 1
139.6612 65.1828 1
157.5323 135.8371 1
125.5993 113.9609 1
115.9482 209.7623 1
138.3471 199.6752 1
127.7822 145.0428 1
137.6523 78.9734 1
103.9094 9.4468 1
116.3718 158.8853 1
172.9736 66.7370 1
124.8630 238.9104 1
145.4734 77.3613 1
118.0778 62.2682 1
149.6217 177.3840 1
148.3703 251.4353 1
141.5291 219.0727 1
100.3440 19.5185 1
123.5313 25.9449 1
121.5641 112.0084 1
122.4020 35.5507 1
145.5338 58.8358 1
175.7445 197.1539 1
172.5372 126.3057 1
178.2510 36.4303 1
160.9422 104.9188 1
178.5962 178.7353 1
114.5123 193.9891 1
121.7777 6.0848 1
110.5354 172.6356 1
155.7355 181.1725 1
152.3461 190.4625 1
130.5037 60.6593 1
155.9608 109.5905 1
154.8053 122.0900 1
156.7886 160.5466 1
168.1052 118.2202 1
162.9725 52.5035 1
129.6429 160.8452 1
105.0967 79.0196 1
108.7929 149.6802 1
154.6866 46.1390 1
188.9626 14.1690 1
129.7253 169.0838 1
142.2331 24.0136 1
173.3083 28.8886 1
111.8167 95.5020 1
154.4979 53.7660 1
126.9969 179.8481 1
105.5118 251.0291 1
181.5820 92.4648 1
104.3468 189.6711 1
176.4174 222.4693 1
141.2705 192.7695 1
117.7734 11.0732 1
140.9091 128.3617 1
161.0575 180.5860 1
140.4743 181.2429 1
130.7052 247.1047 1
121.2945 105.9404 1
121.2895 161.8417 1
134.3420 225.7269 1
160.6786 39.3488 1
146.3150 97.4927 1
164.4404 85.8790 1
101.2213 98.5655 1
108.6892 162.1967 1
164.4624 12.0525 1
165.4927 19.5165 1
145.0893 45.2936 1
178.8609 45.2982 1
176.9652 113.8276 1
110.0342 10.9073 1
177.1216 237.6740 1
167.0729 200.1724 1
168.0879 172.7506 1
114.3555 182.5991 1
159.6991 97.5391 1
132.6308 154.1610 1
149.3492 146.9581 1
184.0839 0.0032 1
103.0658 236.7530 1
159.3314 243.6263 1
171.4125 229.0253 1
167.2462 90.5971 1
184.2408 42.9477 1
175.4141 188.0408 1
164.0694 137.9579 1
160.5165 2.8797 1
122.9631 90.3648 1
130.2410 122.6666 1
153.9668 78.6056 1
107.9524 116.9032 1
136.1937 162.1105 1
162.1013 188.5593 1
154.0365 226.1453 1
136.9748 48.3411 1
150.6244 153.2253 1
160.4211 248.5203 1
125.8589 248.6675 1
131.0768 210.2490 1
136.1363 22.6468 1
150.2492 165.6626 1
111.2807 56.8127 1
118.9904 144.2549 1
110.6781 51.2441 1
118.2837 220.1670 1
175.6457 92.0100 1
157.2726 148.5089 1
104.9424 140.7079 1
117.4531 205.7595 1
101.7307 27.3218 1
140.2878 104.7810 1
139.5774 115.1121 1
129.2476 184.3424 1
170.7756 105.2963 1
167.6546 238.9127 1
106.4173 122.0540 1
139.1731 225.5965 1
133.1308 192.3390 1
100.9507 146.3862 1
112.2743 223.7109 1
177.3275 206.3783 1
176.0551 78.1684 1
163.8886 169.4675 1
159.0421 209.8759 1
169.4570 222.2643 1
122.3437 30.8312 1
155.9603 60.9901 1
167.9731 77.0409 1
112.8595 235.9871 1
144.1247 196.0766 1
144.9680 86.5479 1
152.3731 117.2197 1
164.9255 152.7927 1
129.7384 14.9859 1
126.8932 68.4550 1
174.6112 200.3688 1
141.0563 164.8077 1
110.5295 195.7340 1
114.5963 88.0914 1
176.4236 86.6406 1
148.1995 244.7098 1
112.4569 6.8409 1
127.4948 90.7182 1
102.3177 48.1219 1
133.3234 109.8197 1
110.1598 131.5937 1
140.7288 160.0490 1
147.8000 136.4462 1
180.0948 32.7060 1
180.7068 18.6754 1
164.6761 142.9066 1
143.2691 207.0076 1
105.8330 101.2108 1
102.9362 126.4303 1
101.7404 159.1680 1
166.8341 61.0389 1
113.0882 72.9225 1
155.1722 28.1313 1
161.7053 71.2392 1
119.9841 46.9831 1
150.0491 31.8847 1
172.7617 74.8463 1
123.3755 154.6830 1
101.5880 223.4343 1
131.9615 29.4745 1
121.2244 189.3232 1
160.8710 21.1456 1
117.7679 245.7266 1
108.4827 239.4852 1
148.5197 232.3800 1
110.2602 45.2132 1
177.2821 101.3851 1
120.8483 141.1072 1
152.5188 204.0573 1
104.2051 34.1780 1
103.7664 87.6754 1
134.5970 70.2817 1
111.4490 29.4694 1
120.5297 120.9249 1
136.2481 134.9684 1
131.0879 42.2078 1
184.7010 111.6302 1
136.3790 217.6730 1
118.2212 129.1105 1
186.1816 215.5365 1
156.3168 234.8799 1
101.0445 202.7570 1
140.4497 15.4059 1
163.7685 32.4462 1
162.5216 224.8464 1
126.6688 133.0923 1
132.0514 55.4554 1
135.8619 30.3394 1
142.6119 6.9715 1
122.8497 80.9935 1
139.9174 94.4862 1
189.7620 235.6576 1
145.5904 130.9995 1
168.9652 162.2974 1
101.7423 65.6125 1
153.2282 212.3453 1
173.3636 53.4546 1
153.5216 16.8579 1
103.5821 172.6591 1
135.3361 7.2917 1
173.5255 44.3795 1
126.5737 220.3528 1
109.2761 136.2689 1
162.0863 126.8233 1
166.6208 248.3633 1
103.3427 211.4544 1
150.8074 249.2646 1
111.1648 212.8959 1
167.1096 186.8726 1
176.2182 213.4799 1
160.0788 116.3621 1
147.4233 213.8207 1
115.4170 147.8505 1
169.9559 27.1321 1
138.1729 126.2714 1
129.6093 200.1184 1
179.2054 7.8864 1
138.0037 145.7462 1
136.0074 101.8501 1
101.9363 54.1347 1
119.9252 52.5969 1
132.4611 118.0862 1
101.3957 108.7951 1
139.9650 246.0365 1
136.5101 236.0651 1
157.1174 224.3168 1
179.0324 29.9819 1
176.8519 228.0907 1
