2000 1343 
2001 1278 
2002 1287 
2003 1318 
2004 1221 
2005 1290 
2006 1276 
2007 1240 
2008 1226 
2009 1320 
2010 1344 
2011 1378 
2012 1286 
2013 1236 
2014 1244 
2015 1412 
2016 1387 
2017 1367 
2018 1292 
2019 1300 
2020 1320 
2021 1288 
2022 1254 
2023 1282 
2024 1509 
2025 1348 
2026 1222 
2027 1342 
2028 1274 
2029 1259 
2030 1133 
2031 1306 
2032 1386 
2033 1331 
2034 1295 
2035 1481 
2036 1373 
2037 1440 
2038 1327 
2039 1185 
2040 1277 
2041 1243 
2042 1248 
2043 1271 
2044 1209 
2045 1246 
2046 1178 
2047 1245 
2048 1225 
2049 1234 
2050 1316 
2051 1214 
2052 1282 
2053 1272 
2054 1293 
2055 1254 
2056 1266 
2057 1289 
2058 1299 
2059 1118 
2060 1121 
2061 1165 
2062 1199 
2063 1251 
2064 1248 
2065 1225 
2066 1188 
2067 1255 
2068 1254 
2069 1162 
2070 1190 
2071 1288 
2072 1296 
2073 1192 
2074 1269 
2075 1328 
2076 1252 
2077 1191 
2078 1314 
2079 1310 
2080 1221 
2081 1208 
2082 1206 
2083 1246 
2084 1368 
2085 1383 
2086 1301 
2087 1284 
2088 1194 
2089 1415 
2090 1325 
2091 1114 
2092 1206 
2093 1178 
2094 1180 
2095 1195 
2096 1178 
2097 1203 
2098 1243 
2099 1166 
2100 1239 
2000 1343 
2001 1278 
2002 1287 
2003 1318 
2004 1221 
2005 1290 
2006 1276 
2007 1240 
2008 1226 
2009 1320 
2010 1344 
2011 1378 
2012 1286 
2013 1236 
2014 1244 
2015 1412 
2016 1387 
2017 1367 
2018 1292 
2019 1300 
2020 1320 
2021 1288 
2022 1254 
2023 1282 
2024 1509 
2025 1348 
2026 1222 
2027 1342 
2028 1274 
2029 1259 
2030 1133 
2031 1306 
2032 1386 
2033 1331 
2034 1295 
2035 1481 
2036 1373 
2037 1440 
2038 1327 
2039 1185 
2040 1277 
2041 1243 
2042 1248 
2043 1271 
2044 1209 
2045 1246 
2046 1178 
2047 1245 
2048 1225 
2049 1234 
2050 1316 
2051 1214 
2052 1282 
2053 1272 
2054 1293 
2055 1254 
2056 1266 
2057 1289 
2058 1299 
2059 1118 
2060 1121 
2061 1165 
2062 1199 
2063 1251 
2064 1248 
2065 1225 
2066 1188 
2067 1255 
2068 1254 
2069 1162 
2070 1190 
2071 1288 
2072 1296 
2073 1192 
2074 1269 
2075 1328 
2076 1252 
2077 1191 
2078 1314 
2079 1310 
2080 1221 
2081 1208 
2082 1206 
2083 1246 
2084 1368 
2085 1383 
2086 1301 
2087 1284 
2088 1194 
2089 1415 
2090 1325 
2091 1114 
2092 1206 
2093 1178 
2094 1180 
2095 1195 
2096 1178 
2097 1203 
2098 1243 
2099 1166 
2100 1239 
2000 1343 
2001 1278 
2002 1287 
2003 1318 
2004 1221 
2005 1290 
2006 1276 
2007 1240 
2008 1226 
2009 1320 
2010 1344 
2011 1378 
2012 1286 
2013 1236 
2014 1244 
2015 1412 
2016 1387 
2017 1367 
2018 1292 
2019 1300 
2020 1320 
2021 1288 
2022 1254 
2023 1282 
2024 1509 
2025 1348 
2026 1222 
2027 1342 
2028 1274 
2029 1259 
2030 1133 
2031 1306 
2032 1386 
2033 1331 
2034 1295 
2035 1481 
2036 1373 
2037 1440 
2038 1327 
2039 1185 
2040 1277 
2041 1243 
2042 1248 
2043 1271 
2044 1209 
2045 1246 
2046 1178 
2047 1245 
2048 1225 
2049 1234 
2050 1316 
2051 1214 
2052 1282 
2053 1272 
2054 1293 
2055 1254 
2056 1266 
2057 1289 
2058 1299 
2059 1118 
2060 1121 
2061 1165 
2062 1199 
2063 1251 
2064 1248 
2065 1225 
2066 1188 
2067 1255 
2068 1254 
2069 1162 
2070 1190 
2071 1288 
2072 1296 
2073 1192 
2074 1269 
2075 1328 
2076 1252 
2077 1191 
2078 1314 
2079 1310 
2080 1221 
2081 1208 
2082 1206 
2083 1246 
2084 1368 
2085 1383 
2086 1301 
2087 1284 
2088 1194 
2089 1415 
2090 1325 
2091 1114 
2092 1206 
2093 1178 
2094 1180 
2095 1195 
2096 1178 
2097 1203 
2098 1243 
2099 1166 
2000 1343 
2001 1278 
2002 1287 
2003 1318 
2004 1221 
2005 1290 
2006 1276 
2007 1240 
2008 1226 
2009 1320 
2010 1344 
2011 1378 
2012 1286 
2013 1236 
2014 1244 
2015 1412 
2016 1387 
2017 1367 
2018 1292 
2019 1300 
2020 1320 
2021 1288 
2022 1254 
2023 1282 
2024 1509 
2025 1348 
2026 1222 
2027 1342 
2028 1274 
2029 1259 
2030 1133 
2031 1306 
2032 1386 
2033 1331 
2034 1295 
2035 1481 
2036 1373 
2037 1440 
2038 1327 
2039 1185 
2040 1277 
2041 1243 
2042 1248 
2043 1271 
2044 1209 
2045 1246 
2046 1178 
2047 1245 
2048 1225 
2049 1234 
2050 1316 
2051 1214 
2052 1282 
2053 1272 
2054 1293 
2055 1254 
2056 1266 
2057 1289 
2058 1299 
2059 1118 
2060 1121 
2061 1165 
2062 1199 
2063 1251 
2064 1248 
2065 1225 
2066 1188 
2067 1255 
2068 1254 
2069 1162 
2070 1190 
2071 1288 
2072 1296 
2073 1192 
2074 1269 
2075 1328 
2076 1252 
2077 1191 
2078 1314 
2079 1310 
2080 1221 
2081 1208 
2082 1206 
2083 1246 
2084 1368 
2085 1383 
2086 1301 
2087 1284 
2088 1194 
2089 1415 
2090 1325 
2091 1114 
2092 1206 
2093 1178 
2094 1180 
2095 1195 
2096 1178 
2097 1203 
2098 1243 
2099 1166 
2100 1239 
