8.382405395384397856e-03 2.444634487463239930e+04
1.676481079076879571e-02 2.087530758310981582e+03
2.514721618615319704e-02 1.869872066505372459e+03
3.352962158153759142e-02 2.078444499891048054e+03
4.191202697692199275e-02 1.641571574493967773e+03
5.029443237230639407e-02 1.770188441742558325e+03
5.867683776769078846e-02 2.312629444381844678e+03
6.705924316307518285e-02 2.774301990292779465e+03
7.544164855845958417e-02 2.619735709657645657e+03
8.382405395384398550e-02 2.561763437618263652e+03
9.220645934922837295e-02 2.534041274327491465e+03
1.005888647446127881e-01 2.229170278681250693e+03
1.089712701399971895e-01 1.993909425006508854e+03
1.173536755353815769e-01 1.925735390626351318e+03
1.257360809307659644e-01 1.555452407609068132e+03
1.341184863261503657e-01 1.321418422120759487e+03
1.425008917215347948e-01 1.363675851180737709e+03
1.508832971169191683e-01 1.149741666609773119e+03
1.592657025123035697e-01 9.529536795607052682e+02
1.676481079076879710e-01 7.318119055106119504e+02
1.760305133030723723e-01 6.555638760401221816e+02
1.844129186984567459e-01 6.066539875589762687e+02
1.927953240938411750e-01 5.168234108290662334e+02
2.011777294892255763e-01 4.590986128063634624e+02
2.095601348846099776e-01 4.643313559871699567e+02
2.179425402799943789e-01 3.992267466004449261e+02
2.263249456753787525e-01 3.433980203752122975e+02
2.347073510707631538e-01 2.825877619037608497e+02
2.430897564661475829e-01 3.245513218320898545e+02
2.514721618615319287e-01 2.644401043828360116e+02
2.598545672569163578e-01 2.919213481725910810e+02
2.682369726523007314e-01 2.194237924352310358e+02
2.766193780476851605e-01 1.990620104181701606e+02
2.850017834430695896e-01 1.996850870596575760e+02
2.933841888384539631e-01 1.747176940547248876e+02
3.017665942338383367e-01 1.270230039972848033e+02
3.101489996292227658e-01 1.413732396040575168e+02
3.185314050246071393e-01 1.508028495577058266e+02
3.269138104199915684e-01 1.303888408044352047e+02
3.352962158153759420e-01 1.040168945641262468e+02
3.436786212107603156e-01 9.395639474528813651e+01
3.520610266061447446e-01 1.200528817176122942e+02
3.604434320015291182e-01 1.067775852257118032e+02
3.688258373969134918e-01 8.628592004153964012e+01
3.772082427922979764e-01 7.324771831229189445e+01
3.855906481876823499e-01 6.955897028959576289e+01
3.939730535830667790e-01 7.520160021336401712e+01
4.023554589784511526e-01 7.237844961427258283e+01
4.107378643738355262e-01 5.540339545906423524e+01
4.191202697692199552e-01 6.340942602607243117e+01
4.275026751646043288e-01 4.161358116685283193e+01
4.358850805599887579e-01 4.790678625950918246e+01
4.442674859553731315e-01 3.904834619081164959e+01
4.526498913507575050e-01 3.633059879380319046e+01
4.610322967461419341e-01 3.121282493092166632e+01
4.694147021415263077e-01 3.999115611180393870e+01
4.777971075369106813e-01 3.194426487203370968e+01
4.861795129322951659e-01 3.206883665833785102e+01
4.945619183276795394e-01 2.897683402252204843e+01
5.029443237230638575e-01 2.795712906839913359e+01
5.113267291184483421e-01 2.787913721238294684e+01
5.197091345138327156e-01 2.299521853548646178e+01
5.280915399092172002e-01 2.179239549433285461e+01
5.364739453046014628e-01 1.857761605253069348e+01
5.448563506999858363e-01 2.007597818937730239e+01
5.532387560953703209e-01 2.185438248560711472e+01
5.616211614907546945e-01 1.961295625932118369e+01
5.700035668861391791e-01 1.535220805921984066e+01
5.783859722815235527e-01 1.862065058112937876e+01
5.867683776769079262e-01 1.443627267677034531e+01
5.951507830722922998e-01 1.304864031727982621e+01
6.035331884676766734e-01 1.436916713720918359e+01
6.119155938630610470e-01 1.339277216510116197e+01
6.202979992584455315e-01 1.221122046490033064e+01
6.286804046538299051e-01 1.041502218307523719e+01
6.370628100492142787e-01 1.259850912626251507e+01
6.454452154445987633e-01 1.118311737992200250e+01
6.538276208399831368e-01 1.075772976932403679e+01
6.622100262353675104e-01 9.341182180591388828e+00
6.705924316307518840e-01 7.694156486051170418e+00
6.789748370261362576e-01 8.024847791041173295e+00
6.873572424215206311e-01 8.868645642963427278e+00
6.957396478169051157e-01 8.895412414920283339e+00
7.041220532122894893e-01 7.885930689487322454e+00
7.125044586076738629e-01 6.496859898452587601e+00
7.208868640030582364e-01 6.107482226270832371e+00
7.292692693984426100e-01 5.552569354888447606e+00
7.376516747938269836e-01 5.064553132825131421e+00
7.460340801892115792e-01 6.047640833020837547e+00
7.544164855845959528e-01 4.133368942930774281e+00
7.627988909799803263e-01 4.881666637265799302e+00
7.711812963753646999e-01 4.561158749637741927e+00
7.795637017707489624e-01 4.006994663827522452e+00
7.879461071661335581e-01 4.235844553564347414e+00
7.963285125615179316e-01 3.768775929927135504e+00
8.047109179569023052e-01 3.783280700000926089e+00
8.130933233522866788e-01 3.277106629481036038e+00
8.214757287476710523e-01 3.431954003297510436e+00
8.298581341430555369e-01 2.895031689864500546e+00
8.382405395384399105e-01 2.627003098497876721e+00
8.466229449338242841e-01 2.742912984300446499e+00
8.550053503292086576e-01 2.889623191673520886e+00
8.633877557245930312e-01 2.631786382160289595e+00
8.717701611199775158e-01 2.208184046875279360e+00
8.801525665153618894e-01 1.988907987310166492e+00
8.885349719107462629e-01 2.274316366205031859e+00
8.969173773061306365e-01 2.065292381611902872e+00
9.052997827015150101e-01 2.385132819365060275e+00
9.136821880968993836e-01 1.776119934004892098e+00
9.220645934922838682e-01 1.703047504886268992e+00
9.304469988876682418e-01 1.655713006561910783e+00
9.388294042830526154e-01 1.854109977614472493e+00
9.472118096784369889e-01 1.501056191870472345e+00
9.555942150738213625e-01 1.519166930097406887e+00
9.639766204692059581e-01 1.279297651687292037e+00
9.723590258645903317e-01 1.232917826952309115e+00
9.807414312599747053e-01 1.087759604495559085e+00
9.891238366553590788e-01 1.128746347269909966e+00
9.975062420507434524e-01 1.173182365226957513e+00
1.005888647446127715e+00 8.274909180022747002e-01
1.014271052841512200e+00 9.892971940387179641e-01
1.022653458236896684e+00 8.423373465883738920e-01
1.031035863632280947e+00 8.764321789729220269e-01
1.039418269027665431e+00 8.119413669183471738e-01
1.047800674423049694e+00 8.498040308116379116e-01
1.056183079818434400e+00 7.918778439293057136e-01
1.064565485213818663e+00 8.890265794204693650e-01
1.072947890609202926e+00 5.713014552980646421e-01
1.081330296004587410e+00 6.190540032682027016e-01
1.089712701399971673e+00 4.761194076927750540e-01
1.098095106795356379e+00 5.847017441125452741e-01
1.106477512190740642e+00 5.417206747502024689e-01
1.114859917586125126e+00 4.413812905373055151e-01
1.123242322981509389e+00 3.930348723495430407e-01
1.131624728376893874e+00 4.008731228061780394e-01
1.140007133772278358e+00 4.859843454842180388e-01
1.148389539167662621e+00 3.701165595915313355e-01
1.156771944563047105e+00 3.856446505534765201e-01
1.165154349958431368e+00 3.877596615699145377e-01
1.173536755353815852e+00 4.289683679192946575e-01
1.181919160749200115e+00 3.480438582695561944e-01
1.190301566144584600e+00 4.125825117828189059e-01
1.198683971539969084e+00 3.686475834953779618e-01
1.207066376935353347e+00 2.839959231069467127e-01
1.215448782330737831e+00 3.277359341486354993e-01
1.223831187726122094e+00 2.442505162482234982e-01
1.232213593121506578e+00 2.442049266370784621e-01
1.240595998516891063e+00 2.504933919129814779e-01
1.248978403912275326e+00 2.476010878520451541e-01
1.257360809307659810e+00 2.156168107075909501e-01
1.265743214703044073e+00 2.177733591522103551e-01
1.274125620098428557e+00 2.301106118823831315e-01
1.282508025493813042e+00 1.968661890396939396e-01
1.290890430889197527e+00 2.474474413411385521e-01
1.299272836284581789e+00 1.617325177424992488e-01
1.307655241679966274e+00 1.878864076563520058e-01
1.316037647075350536e+00 1.630339856510549801e-01
1.324420052470735021e+00 1.532531022448548608e-01
1.332802457866119505e+00 1.787576877796531183e-01
1.341184863261503768e+00 1.401806423262090262e-01
1.349567268656888253e+00 1.444708809850864251e-01
1.357949674052272515e+00 1.542776220219247152e-01
1.366332079447657000e+00 1.356510964987465984e-01
1.374714484843041262e+00 1.464707450862002269e-01
1.383096890238425747e+00 1.175058950788381434e-01
1.391479295633810231e+00 1.290115852902291027e-01
1.399861701029194716e+00 1.218871507178986013e-01
1.408244106424578979e+00 1.268908798128938198e-01
1.416626511819963463e+00 1.100452512062117388e-01
1.425008917215347726e+00 1.251669531930009738e-01
1.433391322610732210e+00 9.894656892135597626e-02
1.441773728006116473e+00 9.163804703921360484e-02
1.450156133401500957e+00 9.600027503004722462e-02
1.458538538796885220e+00 8.966006271109723536e-02
1.466920944192269705e+00 1.000587073858093395e-01
1.475303349587653967e+00 7.667562186036355754e-02
1.483685754983038674e+00 7.449562660914225976e-02
1.492068160378423158e+00 8.053258961307610542e-02
1.500450565773807421e+00 8.788589659754232619e-02
1.508832971169191906e+00 8.300772881348977839e-02
1.517215376564576168e+00 6.656124010710187666e-02
1.525597781959960653e+00 6.967909139978772926e-02
1.533980187355344915e+00 6.911794767928361449e-02
1.542362592750729400e+00 7.745486039313173587e-02
1.550744998146113662e+00 7.088065214893268795e-02
1.559127403541497925e+00 6.111908902617686073e-02
1.567509808936882632e+00 6.208525541475457682e-02
1.575892214332267116e+00 6.472377077550246771e-02
1.584274619727651379e+00 4.505096523419725024e-02
1.592657025123035863e+00 4.571208580280511358e-02
1.601039430518420126e+00 5.352624392999717762e-02
1.609421835913804610e+00 6.742805094846041070e-02
1.617804241309188873e+00 5.423856509842916312e-02
1.626186646704573358e+00 5.817443441769225287e-02
1.634569052099957620e+00 4.686081412836665822e-02
1.642951457495342105e+00 5.086568469263792747e-02
1.651333862890726367e+00 4.732893030485063601e-02
1.659716268286111074e+00 4.460801904321193972e-02
1.668098673681495558e+00 5.262095875559039126e-02
1.676481079076879821e+00 5.099848250690390550e-02
1.684863484472264084e+00 4.484559771506502202e-02
1.693245889867648568e+00 4.543118055730595989e-02
1.701628295263032831e+00 4.325832097590962683e-02
1.710010700658417315e+00 4.270411107688683316e-02
1.718393106053801578e+00 3.329084594786369672e-02
1.726775511449186062e+00 3.521211939980708333e-02
1.735157916844570325e+00 3.997095695751627653e-02
1.743540322239955032e+00 4.019665545980884158e-02
1.751922727635339516e+00 3.751175698074363241e-02
1.760305133030723779e+00 3.231255482564528159e-02
1.768687538426108263e+00 3.294111609846375743e-02
1.777069943821492526e+00 3.737789401613598322e-02
1.785452349216877010e+00 2.887994916074919718e-02
1.793834754612261273e+00 2.761528131092937793e-02
1.802217160007645758e+00 2.910539403931413846e-02
1.810599565403030020e+00 3.111888177045750783e-02
1.818981970798414505e+00 3.035312473453697160e-02
1.827364376193798767e+00 2.940080217161508344e-02
1.835746781589183474e+00 2.501613594308394958e-02
1.844129186984567736e+00 2.798355932769752696e-02
1.852511592379952221e+00 2.380046017987286905e-02
1.860893997775336484e+00 2.847855860103747777e-02
1.869276403170720968e+00 2.766089599568558044e-02
1.877658808566105231e+00 2.167330071528964300e-02
1.886041213961489715e+00 2.169558843816837140e-02
1.894423619356873978e+00 2.098169040617981623e-02
1.902806024752258462e+00 2.300608071154445697e-02
1.911188430147642725e+00 2.243439008066827611e-02
1.919570835543027210e+00 2.034734634674187359e-02
1.927953240938411916e+00 1.701612425359037839e-02
1.936335646333796179e+00 2.210323994582978277e-02
1.944718051729180663e+00 1.983368809466855287e-02
1.953100457124564926e+00 1.600396547898749744e-02
1.961482862519949411e+00 1.927638026441487809e-02
1.969865267915333673e+00 1.691154345181303253e-02
1.978247673310718158e+00 1.975276494822569492e-02
1.986630078706102420e+00 1.954841890939346474e-02
1.995012484101486905e+00 1.666575762869162633e-02
2.003394889496871389e+00 1.491167166396843193e-02
2.011777294892255430e+00 1.538209149854013677e-02
2.020159700287640359e+00 1.472737999110758020e-02
2.028542105683024399e+00 1.728323232867230025e-02
2.036924511078408884e+00 1.720294115086130893e-02
2.045306916473793368e+00 1.586431345879488544e-02
2.053689321869177853e+00 1.217405749355985126e-02
2.062071727264561893e+00 1.528593564567347525e-02
2.070454132659946378e+00 1.329181122430315651e-02
2.078836538055330863e+00 1.486942238095553294e-02
2.087218943450715347e+00 1.503841105360795294e-02
2.095601348846099388e+00 1.259651847907785303e-02
2.103983754241484316e+00 1.341934029744871679e-02
2.112366159636868801e+00 1.282347969207432714e-02
2.120748565032252841e+00 1.369264002881191190e-02
2.129130970427637326e+00 1.326668892313202786e-02
2.137513375823021811e+00 1.123422286003751373e-02
2.145895781218405851e+00 1.081012039588260046e-02
2.154278186613790336e+00 1.029387229948318036e-02
2.162660592009174820e+00 1.208402418313117739e-02
2.171042997404559305e+00 8.335140751450205443e-03
2.179425402799943345e+00 1.102212142421063641e-02
2.187807808195327830e+00 1.056870659421625148e-02
2.196190213590712759e+00 9.741454404076633350e-03
2.204572618986096799e+00 8.316115628362753115e-03
2.212955024381481284e+00 9.166218350783815472e-03
2.221337429776865768e+00 8.134117411217875460e-03
2.229719835172250253e+00 9.686211870265224594e-03
2.238102240567634293e+00 9.819454315684907064e-03
2.246484645963018778e+00 8.732935337047498248e-03
2.254867051358403263e+00 8.372168907623106157e-03
2.263249456753787747e+00 7.158836549560135265e-03
2.271631862149171788e+00 8.501150906252233699e-03
2.280014267544556716e+00 9.616529890354184873e-03
2.288396672939940757e+00 1.019360108163496967e-02
2.296779078335325242e+00 8.281710093725839009e-03
2.305161483730709726e+00 9.255621229926999649e-03
2.313543889126094211e+00 7.072498733903804027e-03
2.321926294521478251e+00 7.313275174755361381e-03
2.330308699916862736e+00 7.221822582782863771e-03
2.338691105312247220e+00 7.416568435330637976e-03
2.347073510707631705e+00 7.557571287262812403e-03
2.355455916103015745e+00 7.064581537592096172e-03
2.363838321498400230e+00 6.706532924332216962e-03
2.372220726893785159e+00 6.893437913239224349e-03
2.380603132289169199e+00 5.995514953071969834e-03
2.388985537684553684e+00 6.532705385412694576e-03
2.397367943079938168e+00 6.411764069186675838e-03
2.405750348475322653e+00 6.151711767886624757e-03
2.414132753870706694e+00 5.921394173297762388e-03
2.422515159266091178e+00 5.453699895568426062e-03
2.430897564661475663e+00 5.730117280183287011e-03
2.439279970056860147e+00 5.346551811575415113e-03
2.447662375452244188e+00 6.515146539003948550e-03
2.456044780847628672e+00 6.960461421021936317e-03
2.464427186243013157e+00 6.170289871716316994e-03
2.472809591638397642e+00 5.121941568467262493e-03
2.481191997033782126e+00 5.016101418221553983e-03
2.489574402429166611e+00 4.838478533578985039e-03
2.497956807824550651e+00 6.224167723317974160e-03
2.506339213219935136e+00 4.995452963285814882e-03
2.514721618615319620e+00 4.391811847812351378e-03
2.523104024010704105e+00 4.808462873342836744e-03
2.531486429406088146e+00 4.835249523287993463e-03
2.539868834801472630e+00 4.405177571393000327e-03
2.548251240196857115e+00 5.165004434644406353e-03
2.556633645592241599e+00 5.508567735119962970e-03
2.565016050987626084e+00 4.985461607296484861e-03
2.573398456383010569e+00 5.064329905155278214e-03
2.581780861778395053e+00 3.614785451168561845e-03
2.590163267173779094e+00 4.038860635445831390e-03
2.598545672569163578e+00 4.196186966777136831e-03
2.606928077964548063e+00 4.464545283273610617e-03
2.615310483359932547e+00 4.140440490946859994e-03
2.623692888755316588e+00 4.027809062198155730e-03
2.632075294150701072e+00 4.792070447151195248e-03
2.640457699546085557e+00 3.868680825478013844e-03
2.648840104941470042e+00 3.859346759387878145e-03
2.657222510336854526e+00 3.552419647155747196e-03
2.665604915732239011e+00 3.852558286296605197e-03
2.673987321127623051e+00 3.710581509027990454e-03
2.682369726523007536e+00 3.759952973522840899e-03
2.690752131918392021e+00 4.204965881334923189e-03
2.699134537313776505e+00 3.597875983488403075e-03
2.707516942709160546e+00 4.033216128836584688e-03
2.715899348104545030e+00 3.311950291021607557e-03
2.724281753499929515e+00 3.575605285973260626e-03
2.732664158895313999e+00 3.354213717611677099e-03
2.741046564290698484e+00 3.177757464359097853e-03
2.749428969686082525e+00 3.839760794103156284e-03
2.757811375081467009e+00 2.940501795669151971e-03
2.766193780476851494e+00 2.918812391797104104e-03
2.774576185872235978e+00 2.929063731743997406e-03
2.782958591267620463e+00 3.284541529277129265e-03
2.791340996663004503e+00 3.067076437751731308e-03
2.799723402058389432e+00 3.018544695393188086e-03
2.808105807453773473e+00 2.514084155292061525e-03
2.816488212849157957e+00 2.458515986288538346e-03
2.824870618244541998e+00 2.479849448677282076e-03
2.833253023639926926e+00 2.555358349533553772e-03
2.841635429035310967e+00 3.167278970076576727e-03
2.850017834430695451e+00 2.621084655222538640e-03
2.858400239826079492e+00 2.518263022417696791e-03
2.866782645221464421e+00 2.613317648463649948e-03
2.875165050616848905e+00 2.690276139200514088e-03
2.883547456012232946e+00 2.725829641680907987e-03
2.891929861407617874e+00 2.788571434956418644e-03
2.900312266803001915e+00 2.653520374687757741e-03
2.908694672198386399e+00 2.543627889302790823e-03
2.917077077593770440e+00 2.326287901889864240e-03
2.925459482989155369e+00 2.812740598312650064e-03
2.933841888384539409e+00 2.460807432174884173e-03
2.942224293779923894e+00 2.115182508960710556e-03
2.950606699175307934e+00 2.286674405680487725e-03
2.958989104570692863e+00 2.135434905922193455e-03
2.967371509966077348e+00 2.502676916113547555e-03
2.975753915361461388e+00 1.886905049011029095e-03
2.984136320756846317e+00 1.940165866030632178e-03
2.992518726152230357e+00 2.480666199553588358e-03
3.000901131547614842e+00 2.303066361884961982e-03
3.009283536942998882e+00 2.195251873219513251e-03
3.017665942338383811e+00 2.275532617474718307e-03
3.026048347733767852e+00 1.853468752001098153e-03
3.034430753129152336e+00 2.214623338982277343e-03
3.042813158524536821e+00 2.181168145327936139e-03
3.051195563919921305e+00 1.890809896932484904e-03
3.059577969315305790e+00 2.459929723542526262e-03
3.067960374710689830e+00 1.874416721233254602e-03
3.076342780106074315e+00 2.239138915909776300e-03
3.084725185501458800e+00 2.524149700572300096e-03
3.093107590896843284e+00 2.320245994738436013e-03
3.101489996292227325e+00 2.328488639207647402e-03
3.109872401687611809e+00 2.124627093329434918e-03
3.118254807082995850e+00 2.007530121147852592e-03
3.126637212478380778e+00 1.983958676121761085e-03
3.135019617873765263e+00 1.995763077870653726e-03
3.143402023269149304e+00 2.146402329148111056e-03
3.151784428664534232e+00 2.003008447930484937e-03
3.160166834059918273e+00 2.014238137716007661e-03
3.168549239455302757e+00 1.671899955817051286e-03
3.176931644850686798e+00 1.595391197723093147e-03
3.185314050246071726e+00 1.715894638971723332e-03
3.193696455641455767e+00 1.609272948706962081e-03
3.202078861036840252e+00 2.173142135856403687e-03
3.210461266432224292e+00 1.681883304053898714e-03
3.218843671827609221e+00 1.600645389806967887e-03
3.227226077222993705e+00 2.115332551641829154e-03
3.235608482618377746e+00 1.461910665302316569e-03
3.243990888013762675e+00 1.663665379561383561e-03
3.252373293409146715e+00 1.794932692078971990e-03
3.260755698804531200e+00 1.793483190595071206e-03
3.269138104199915240e+00 1.641609753757743541e-03
3.277520509595300169e+00 1.904286247764132387e-03
3.285902914990684209e+00 2.045974045288031888e-03
3.294285320386068694e+00 1.638211056969629412e-03
3.302667725781452734e+00 1.816559107368197808e-03
3.311050131176837663e+00 1.726035831829315827e-03
3.319432536572222148e+00 1.665381827921895604e-03
3.327814941967606188e+00 1.563477700850734184e-03
3.336197347362991117e+00 1.547145385324800917e-03
3.344579752758375157e+00 1.505049265650068406e-03
3.352962158153759642e+00 1.626563319227197118e-03
3.361344563549143682e+00 1.486868323508232486e-03
3.369726968944528167e+00 1.625723217235208479e-03
3.378109374339912652e+00 1.598081098326777603e-03
3.386491779735297136e+00 1.651917198703683641e-03
3.394874185130681177e+00 1.362138623589377118e-03
3.403256590526065661e+00 1.739172806950914276e-03
3.411638995921450590e+00 1.490025970176004060e-03
3.420021401316834631e+00 1.997900793630263006e-03
3.428403806712219115e+00 1.380006374474761991e-03
3.436786212107603156e+00 1.704689400211309306e-03
3.445168617502988084e+00 1.594690960100443979e-03
3.453551022898372125e+00 1.261581362780803128e-03
3.461933428293756609e+00 1.516297049042811479e-03
3.470315833689140650e+00 1.838027327229151001e-03
3.478698239084525579e+00 1.285995136995566213e-03
3.487080644479910063e+00 1.212563919383564124e-03
3.495463049875294104e+00 1.415476274586450513e-03
3.503845455270679032e+00 1.596172943148871154e-03
3.512227860666063073e+00 1.614332548686076398e-03
3.520610266061447557e+00 1.814202645231926267e-03
3.528992671456831598e+00 1.391899394912812348e-03
3.537375076852216527e+00 1.656497741807181484e-03
3.545757482247600567e+00 1.717689980067177912e-03
3.554139887642985052e+00 1.654821833432157819e-03
3.562522293038369092e+00 1.489303317931167919e-03
3.570904698433754021e+00 1.428761681848661046e-03
3.579287103829138506e+00 1.382631461668080769e-03
3.587669509224522546e+00 1.649848309047541230e-03
3.596051914619907475e+00 1.741992766116570073e-03
3.604434320015291515e+00 1.381195979916558262e-03
3.612816725410676000e+00 1.512509173278509152e-03
3.621199130806060040e+00 1.737640270876918049e-03
3.629581536201444969e+00 1.786197878642533298e-03
3.637963941596829009e+00 1.516389637197119436e-03
3.646346346992213494e+00 1.470002194245875662e-03
3.654728752387597535e+00 1.434962194628320101e-03
3.663111157782982463e+00 1.466943096882724782e-03
3.671493563178366948e+00 1.529558763962206303e-03
3.679875968573750988e+00 1.404938252806266479e-03
3.688258373969135473e+00 1.238564620533713764e-03
3.696640779364519513e+00 1.286091484405560859e-03
3.705023184759904442e+00 1.204379805936634700e-03
3.713405590155288483e+00 1.389108507212137751e-03
3.721787995550672967e+00 1.277607017851863482e-03
3.730170400946057008e+00 1.651132987054176058e-03
3.738552806341441936e+00 1.255739459705598532e-03
3.746935211736825977e+00 1.272076141808603077e-03
3.755317617132210462e+00 1.292804836796436442e-03
3.763700022527595390e+00 1.373156461800171830e-03
3.772082427922979431e+00 1.346167112645460778e-03
3.780464833318363915e+00 1.185414931061970229e-03
3.788847238713747956e+00 1.039626250779434853e-03
3.797229644109132884e+00 1.247963745421719946e-03
3.805612049504516925e+00 1.166609583338006247e-03
3.813994454899901410e+00 1.334282138514634227e-03
3.822376860295285450e+00 1.260562295713850769e-03
3.830759265690670379e+00 1.456713861667189528e-03
3.839141671086054419e+00 1.405433529009180197e-03
3.847524076481438904e+00 1.313188519253954793e-03
3.855906481876823833e+00 1.396457371880654129e-03
3.864288887272207873e+00 1.298084920645098264e-03
3.872671292667592358e+00 1.634906148197077863e-03
3.881053698062976398e+00 1.148969740974432104e-03
3.889436103458361327e+00 1.196595056034476271e-03
3.897818508853745367e+00 1.350806667397517428e-03
3.906200914249129852e+00 1.282925576893510474e-03
3.914583319644513892e+00 1.413704502869261859e-03
3.922965725039898821e+00 1.360965050505318682e-03
3.931348130435282862e+00 1.246940672231196907e-03
3.939730535830667346e+00 1.194804322439443683e-03
3.948112941226052275e+00 1.407651769318619440e-03
3.956495346621436315e+00 1.389851588302768153e-03
3.964877752016820800e+00 1.248136161256060972e-03
3.973260157412204840e+00 1.417908784814672944e-03
3.981642562807589325e+00 1.172826472395277269e-03
3.990024968202973810e+00 1.325136461363306045e-03
3.998407373598358294e+00 1.517248179356789090e-03
4.006789778993742779e+00 1.382145948661963643e-03
4.015172184389126819e+00 1.366947797940441236e-03
4.023554589784510860e+00 1.298607075229473926e-03
4.031936995179895789e+00 1.373431862043492839e-03
4.040319400575280717e+00 1.323444937503509729e-03
4.048701805970664758e+00 1.247780755164600106e-03
4.057084211366048798e+00 1.266103591598329763e-03
4.065466616761432839e+00 1.198983838405666543e-03
4.073849022156817767e+00 1.228447052198469421e-03
4.082231427552201808e+00 9.975390617989565549e-04
4.090613832947586737e+00 1.307481104077002970e-03
4.098996238342970777e+00 1.166213116743477227e-03
4.107378643738355706e+00 1.410915057074239864e-03
4.115761049133739746e+00 1.273189629360815724e-03
4.124143454529123787e+00 1.064331154439864717e-03
4.132525859924508715e+00 1.192055807956008979e-03
4.140908265319892756e+00 1.341647955573861640e-03
4.149290670715277685e+00 1.346735678235894042e-03
4.157673076110661725e+00 1.281729654423778087e-03
4.166055481506046654e+00 1.299414420007607724e-03
4.174437886901430694e+00 1.098802696073374356e-03
4.182820292296814735e+00 1.367535002001835564e-03
4.191202697692198775e+00 9.890447786836849275e-04
4.199585103087583704e+00 1.207276424334342802e-03
4.207967508482968633e+00 1.350148624312091190e-03
4.216349913878352673e+00 1.268060609486136147e-03
4.224732319273737602e+00 1.674871724933109070e-03
4.233114724669121642e+00 1.191787914357932609e-03
4.241497130064505683e+00 1.205020122454995369e-03
4.249879535459889723e+00 1.166794996346126991e-03
4.258261940855274652e+00 1.287898333818705311e-03
4.266644346250658693e+00 1.224399524164505350e-03
4.275026751646043621e+00 1.381832331669929524e-03
4.283409157041427662e+00 1.537851459690413574e-03
4.291791562436811702e+00 1.325820817623600024e-03
4.300173967832196631e+00 1.236058373620512081e-03
4.308556373227580671e+00 1.342199534239444866e-03
4.316938778622965600e+00 1.195283590425020616e-03
4.325321184018349641e+00 1.266512428085187977e-03
4.333703589413734569e+00 1.244935301763312220e-03
4.342085994809118610e+00 1.175854176453802790e-03
4.350468400204502650e+00 1.242004805105995872e-03
4.358850805599886691e+00 1.306149021546806378e-03
4.367233210995271619e+00 1.097966531108739803e-03
4.375615616390655660e+00 1.264391055053912076e-03
4.383998021786040589e+00 1.344309208502073158e-03
4.392380427181425517e+00 1.328402309037914628e-03
4.400762832576809558e+00 1.295367596708707578e-03
4.409145237972193598e+00 1.332280131124431981e-03
4.417527643367577639e+00 9.638128287172940956e-04
4.425910048762962568e+00 1.048198122468127621e-03
4.434292454158346608e+00 9.740904472067902012e-04
4.442674859553731537e+00 9.825850216907123895e-04
4.451057264949115577e+00 1.235580407870376591e-03
4.459439670344500506e+00 1.246729103910258242e-03
4.467822075739884546e+00 1.237463761245112146e-03
4.476204481135268587e+00 1.368427433202067285e-03
4.484586886530653516e+00 1.107922586758286606e-03
4.492969291926037556e+00 1.141236239165104504e-03
4.501351697321422485e+00 1.210723146500688454e-03
4.509734102716806525e+00 1.117169705433752099e-03
4.518116508112191454e+00 1.099584235124193574e-03
4.526498913507575494e+00 1.144777723274408715e-03
4.534881318902959535e+00 1.123054984164086664e-03
4.543263724298343575e+00 1.178358202271343348e-03
4.551646129693728504e+00 1.331248809947523266e-03
4.560028535089113433e+00 1.197133288301449735e-03
4.568410940484497473e+00 9.453491696988256887e-04
4.576793345879881514e+00 1.272897040241994246e-03
4.585175751275266443e+00 1.262455586938872939e-03
4.593558156670650483e+00 1.448853508001288117e-03
4.601940562066034524e+00 1.297778128951704215e-03
4.610322967461419452e+00 1.311021336505250635e-03
4.618705372856803493e+00 1.444268722493993956e-03
4.627087778252188421e+00 1.373251305143870487e-03
4.635470183647572462e+00 1.313574710333499781e-03
4.643852589042956502e+00 1.265313054123389045e-03
4.652234994438341431e+00 1.116991058636807553e-03
4.660617399833725472e+00 1.141106942503516226e-03
4.668999805229110400e+00 1.480980449384993423e-03
4.677382210624494441e+00 1.225134124501480858e-03
4.685764616019879369e+00 1.301780447110825354e-03
4.694147021415263410e+00 1.425859601211337466e-03
4.702529426810647450e+00 1.391093054133612670e-03
4.710911832206031491e+00 1.268010363953745150e-03
4.719294237601416420e+00 1.324030825368799043e-03
4.727676642996800460e+00 1.103552503713192733e-03
4.736059048392185389e+00 1.165822705114010534e-03
4.744441453787570318e+00 1.252005207394102804e-03
4.752823859182954358e+00 1.120654300291141787e-03
4.761206264578338399e+00 1.192055997297863457e-03
4.769588669973722439e+00 1.209035504772319010e-03
4.777971075369107368e+00 1.158697380928957197e-03
4.786353480764491408e+00 1.032784579368787887e-03
4.794735886159876337e+00 1.031442294692085006e-03
4.803118291555260377e+00 1.206906588502495211e-03
4.811500696950645306e+00 1.261517584307641961e-03
4.819883102346029347e+00 1.282951292412601134e-03
4.828265507741413387e+00 1.176958563393709373e-03
4.836647913136798316e+00 1.201974934687612649e-03
4.845030318532182356e+00 1.264448565456244376e-03
4.853412723927567285e+00 1.210996531010322076e-03
4.861795129322951325e+00 1.240064711931987028e-03
4.870177534718336254e+00 1.293412377412918920e-03
4.878559940113720295e+00 1.189656452463619830e-03
4.886942345509104335e+00 1.417788050084970147e-03
4.895324750904488376e+00 1.161786181918581483e-03
4.903707156299873304e+00 1.489201855021102857e-03
4.912089561695257345e+00 1.413189686077973104e-03
4.920471967090642273e+00 1.082282427100616324e-03
4.928854372486026314e+00 1.264976073935711841e-03
4.937236777881410354e+00 1.220912922900368970e-03
4.945619183276795283e+00 1.138398163675317107e-03
4.954001588672179324e+00 1.326946261937481542e-03
4.962383994067564252e+00 1.104981826734573050e-03
4.970766399462948293e+00 1.248769645267500073e-03
4.979148804858333222e+00 1.266645442392947633e-03
4.987531210253717262e+00 1.251034679962613385e-03
4.995913615649101303e+00 1.131893932962125442e-03
5.004296021044485343e+00 1.315059676883199814e-03
5.012678426439870272e+00 1.308425897006167474e-03
5.021060831835255200e+00 1.457980266099577482e-03
5.029443237230639241e+00 1.080324101932489921e-03
5.037825642626024170e+00 1.010583131188663025e-03
5.046208048021408210e+00 1.239495376749140962e-03
5.054590453416792251e+00 8.749335285153043767e-04
5.062972858812176291e+00 1.068385712652825895e-03
5.071355264207561220e+00 1.124560878363344658e-03
5.079737669602945260e+00 1.093513141980272108e-03
5.088120074998330189e+00 1.060331857393255429e-03
5.096502480393714229e+00 1.208337398621698667e-03
5.104884885789099158e+00 1.017487626045873641e-03
5.113267291184483199e+00 1.317317993017255804e-03
5.121649696579867239e+00 1.095614074119653520e-03
5.130032101975252168e+00 1.081558957531226443e-03
5.138414507370636208e+00 1.352363923591607146e-03
5.146796912766021137e+00 1.013143521085544275e-03
5.155179318161405178e+00 1.079431168499632703e-03
5.163561723556790106e+00 1.187069361389068859e-03
5.171944128952174147e+00 1.279019537308608576e-03
5.180326534347558187e+00 1.288736251895329426e-03
5.188708939742943116e+00 1.186530099410858111e-03
5.197091345138327156e+00 1.129903902642056179e-03
5.205473750533712085e+00 1.218438638737744410e-03
5.213856155929096126e+00 1.186491363062885983e-03
5.222238561324480166e+00 1.099353475217164844e-03
5.230620966719865095e+00 1.053393933134265511e-03
5.239003372115249135e+00 1.241495643016083533e-03
5.247385777510633176e+00 1.129885270928140126e-03
5.255768182906018104e+00 9.582204499802336002e-04
5.264150588301402145e+00 1.014892499625909099e-03
5.272532993696787074e+00 1.043334131538435454e-03
5.280915399092171114e+00 1.368920641299559929e-03
5.289297804487555155e+00 1.254896998864182909e-03
5.297680209882940083e+00 1.381853649559867643e-03
5.306062615278324124e+00 1.220608330407975482e-03
5.314445020673709053e+00 1.499360959277519761e-03
5.322827426069093093e+00 1.225948169277523130e-03
5.331209831464478022e+00 1.305889439653738727e-03
5.339592236859862062e+00 1.218081202019641448e-03
5.347974642255246103e+00 1.121956392070739498e-03
5.356357047650630143e+00 1.180490767236290093e-03
5.364739453046015072e+00 9.735778146986462118e-04
5.373121858441400001e+00 9.817256020315445406e-04
5.381504263836784041e+00 1.128346800207347773e-03
5.389886669232168970e+00 1.214085682499800329e-03
5.398269074627553010e+00 1.117772901062736961e-03
5.406651480022937051e+00 1.283025528113255521e-03
5.415033885418321091e+00 1.259286347752427201e-03
5.423416290813706020e+00 1.282008065928012244e-03
5.431798696209090060e+00 1.197559468355271182e-03
5.440181101604474989e+00 1.268132022218173205e-03
5.448563506999859030e+00 1.190459460462113149e-03
5.456945912395243958e+00 1.295793811735208509e-03
5.465328317790627999e+00 1.232669976938315440e-03
5.473710723186012927e+00 1.423178676340375618e-03
5.482093128581396968e+00 1.389074070936643836e-03
5.490475533976781009e+00 1.257525434718936201e-03
5.498857939372165049e+00 1.359387691106013225e-03
5.507240344767549978e+00 1.477071169748027640e-03
5.515622750162934018e+00 1.132547032411161669e-03
5.524005155558318947e+00 1.251278348816926497e-03
5.532387560953702987e+00 1.083635051761491688e-03
5.540769966349087916e+00 1.259747801617024142e-03
5.549152371744471957e+00 1.139308554865937169e-03
5.557534777139855997e+00 1.178886299924355183e-03
5.565917182535240926e+00 9.802454595853587332e-04
5.574299587930624966e+00 1.163155843300885854e-03
5.582681993326009007e+00 1.135830697010447839e-03
5.591064398721393047e+00 1.126809870811549923e-03
5.599446804116778864e+00 9.992682442402597322e-04
5.607829209512162905e+00 1.068105763897676417e-03
5.616211614907546945e+00 1.282597619183054125e-03
5.624594020302930986e+00 1.347622641313583761e-03
5.632976425698315914e+00 1.367565420814039270e-03
5.641358831093699955e+00 1.295822630280009683e-03
5.649741236489083995e+00 1.249831364289191553e-03
5.658123641884469812e+00 1.409571604114622781e-03
5.666506047279853853e+00 1.446199685537527578e-03
5.674888452675237893e+00 1.269205037121326225e-03
5.683270858070621934e+00 1.317584009000770948e-03
5.691653263466006862e+00 1.371129959456651726e-03
5.700035668861390903e+00 1.167461690149775065e-03
5.708418074256774943e+00 1.035450565331214393e-03
5.716800479652158984e+00 1.091613420085580429e-03
5.725182885047544801e+00 1.186976864031517734e-03
5.733565290442928841e+00 1.161386527148488852e-03
5.741947695838312882e+00 1.116712803871568443e-03
5.750330101233697810e+00 1.235050823587325632e-03
5.758712506629081851e+00 1.342602406264626789e-03
5.767094912024465891e+00 9.782429533677127267e-04
5.775477317419849932e+00 1.204452816880850242e-03
5.783859722815235749e+00 1.374111761431066545e-03
5.792242128210619789e+00 1.343410999505056588e-03
5.800624533606003830e+00 1.256223441473422377e-03
5.809006939001387870e+00 1.125636752210398090e-03
5.817389344396772799e+00 1.160974561819156465e-03
5.825771749792156839e+00 1.453666588156424765e-03
5.834154155187540880e+00 1.226887218575508677e-03
5.842536560582926697e+00 1.309870686879443386e-03
5.850918965978310737e+00 9.122244811351429023e-04
5.859301371373694778e+00 1.012409850936898991e-03
5.867683776769078818e+00 1.141610035980022714e-03
5.876066182164463747e+00 1.408581381860955946e-03
5.884448587559847788e+00 1.075091010803191699e-03
5.892830992955231828e+00 1.216409689869707694e-03
5.901213398350615869e+00 1.178251922612024490e-03
5.909595803746001685e+00 1.174064358972951678e-03
5.917978209141385726e+00 1.109420418499930091e-03
5.926360614536769766e+00 1.063975145313848401e-03
5.934743019932154695e+00 1.286759402439061842e-03
5.943125425327538736e+00 1.124306429488658009e-03
5.951507830722922776e+00 1.034262117615101020e-03
5.959890236118306817e+00 1.340799619199900278e-03
5.968272641513692633e+00 1.366912455183275695e-03
5.976655046909076674e+00 1.253646496065660308e-03
5.985037452304460714e+00 1.163971391398760597e-03
5.993419857699845643e+00 1.290117162934013200e-03
6.001802263095229684e+00 1.285422897654220744e-03
6.010184668490613724e+00 1.111054853881877523e-03
6.018567073885997765e+00 1.115997808066764626e-03
6.026949479281383582e+00 1.219555678672801756e-03
6.035331884676767622e+00 1.259873659221131354e-03
6.043714290072151663e+00 1.153177590236043439e-03
6.052096695467535703e+00 1.226051252281816018e-03
6.060479100862920632e+00 1.075319588042496785e-03
6.068861506258304672e+00 1.051009568817128049e-03
6.077243911653688713e+00 1.060831557619599944e-03
6.085626317049073641e+00 1.122751714584789952e-03
6.094008722444458570e+00 1.201749025019921684e-03
6.102391127839842611e+00 1.289004837138433505e-03
6.110773533235226651e+00 1.256453944711246121e-03
6.119155938630611580e+00 1.189570836098539832e-03
6.127538344025995620e+00 1.014619931982932042e-03
6.135920749421379661e+00 1.077383063428135690e-03
6.144303154816763701e+00 1.174686528345462088e-03
6.152685560212148630e+00 1.185011112861999831e-03
6.161067965607532670e+00 1.013882121276604448e-03
6.169450371002917599e+00 1.284122803705797832e-03
6.177832776398302528e+00 1.124046259317217078e-03
6.186215181793686568e+00 1.113774877385185222e-03
6.194597587189070609e+00 1.259573140385763937e-03
6.202979992584454649e+00 1.258685873438473730e-03
6.211362397979839578e+00 1.340296322645769195e-03
6.219744803375223619e+00 1.058629599778524756e-03
6.228127208770607659e+00 1.202873378658634532e-03
6.236509614165991700e+00 1.236090623082094619e-03
6.244892019561377516e+00 1.187639932517233887e-03
6.253274424956761557e+00 1.155605779683403864e-03
6.261656830352145597e+00 1.336203452510097969e-03
6.270039235747530526e+00 1.414185222614899482e-03
6.278421641142914567e+00 1.233887870660685610e-03
6.286804046538298607e+00 1.182866511359363356e-03
6.295186451933682648e+00 1.192410303620942708e-03
6.303568857329068464e+00 1.246796037564380311e-03
6.311951262724452505e+00 1.240663327045829142e-03
6.320333668119836545e+00 1.253833723351485251e-03
6.328716073515220586e+00 1.143694572603325653e-03
6.337098478910605515e+00 1.159864099021161964e-03
6.345480884305989555e+00 1.259937518951804525e-03
6.353863289701373596e+00 1.244708312754255189e-03
6.362245695096759412e+00 1.137703450873487091e-03
6.370628100492143453e+00 1.279842393872280062e-03
6.379010505887527493e+00 1.344127470257490149e-03
6.387392911282911534e+00 1.059524650895860053e-03
6.395775316678296463e+00 1.333424527851563178e-03
6.404157722073680503e+00 1.441253879762734429e-03
6.412540127469064544e+00 1.253055353822504813e-03
6.420922532864448584e+00 1.097565853858980481e-03
6.429304938259834401e+00 1.080034704215550572e-03
6.437687343655218442e+00 1.068528254666148425e-03
6.446069749050602482e+00 1.169747358778807289e-03
6.454452154445987411e+00 1.062845802534645705e-03
6.462834559841371451e+00 1.160577125632613346e-03
6.471216965236755492e+00 1.031407646204121490e-03
6.479599370632139532e+00 1.425258518179754958e-03
6.487981776027525349e+00 1.319846206052026306e-03
6.496364181422909390e+00 1.182393521231846862e-03
6.504746586818293430e+00 1.308575909005676042e-03
6.513128992213677471e+00 1.340656823100428059e-03
6.521511397609062399e+00 1.301712625807870593e-03
6.529893803004446440e+00 1.291935246724871568e-03
6.538276208399830480e+00 1.203636559314775166e-03
6.546658613795216297e+00 1.264132011601879022e-03
6.555041019190600338e+00 1.282093091884333683e-03
6.563423424585984378e+00 1.309033808139051583e-03
6.571805829981368419e+00 1.443109833816240807e-03
6.580188235376753347e+00 1.272253822480373837e-03
6.588570640772137388e+00 1.126984294953558251e-03
6.596953046167521428e+00 1.173315550251910738e-03
6.605335451562905469e+00 1.222801668997914714e-03
6.613717856958291286e+00 1.328098294219478854e-03
6.622100262353675326e+00 1.132276785433452638e-03
6.630482667749059367e+00 1.072313652686359255e-03
6.638865073144444295e+00 1.236282634188079228e-03
6.647247478539828336e+00 1.290564477219676657e-03
6.655629883935212376e+00 1.291910392933810336e-03
6.664012289330596417e+00 1.196214777736522234e-03
6.672394694725982234e+00 1.253719113963578085e-03
6.680777100121366274e+00 1.258758050116036984e-03
6.689159505516750315e+00 1.216879880664490906e-03
6.697541910912134355e+00 1.362284760029909949e-03
6.705924316307519284e+00 1.053408913769923695e-03
6.714306721702903324e+00 1.375992870519509486e-03
6.722689127098287365e+00 1.222297272772348339e-03
6.731071532493672294e+00 1.253994573664258053e-03
6.739453937889056334e+00 1.068459694790110329e-03
6.747836343284441263e+00 1.209841717722970377e-03
6.756218748679825303e+00 1.379445150798486956e-03
6.764601154075210232e+00 1.015832282127894764e-03
6.772983559470594273e+00 1.201089979493208133e-03
6.781365964865978313e+00 1.069481937326630322e-03
6.789748370261362354e+00 1.000471136798604084e-03
6.798130775656747282e+00 1.132036897226630992e-03
6.806513181052131323e+00 1.165893911608976334e-03
6.814895586447515363e+00 1.365530271245813353e-03
6.823277991842901180e+00 1.137178702416150175e-03
6.831660397238285221e+00 1.264325350447194005e-03
6.840042802633669261e+00 1.082645657081153295e-03
6.848425208029053302e+00 1.139255035993839245e-03
6.856807613424438230e+00 1.107580566973984625e-03
6.865190018819822271e+00 1.314274591176074498e-03
6.873572424215206311e+00 1.412380896217835160e-03
6.881954829610590352e+00 1.303582423613528114e-03
6.890337235005976169e+00 1.319073633978524443e-03
6.898719640401360209e+00 1.023855779583221926e-03
6.907102045796744250e+00 1.316541711548013934e-03
6.915484451192129178e+00 1.110773030117377137e-03
6.923866856587513219e+00 1.126098855739738691e-03
6.932249261982897259e+00 1.121885009545194913e-03
6.940631667378281300e+00 1.306923612211125527e-03
6.949014072773667117e+00 1.187661860135807426e-03
6.957396478169051157e+00 1.276048587203255967e-03
6.965778883564435198e+00 1.163240731568477519e-03
6.974161288959820126e+00 9.527968080657213271e-04
6.982543694355204167e+00 1.235149386582690828e-03
6.990926099750588207e+00 1.126399637931725173e-03
6.999308505145972248e+00 1.220926042509655517e-03
7.007690910541358065e+00 1.287168243167900522e-03
7.016073315936742105e+00 1.202146213336276886e-03
7.024455721332126146e+00 1.438327466313109315e-03
7.032838126727510186e+00 1.220398362222025303e-03
7.041220532122895115e+00 1.297015880103810680e-03
7.049602937518279155e+00 1.112344726993864767e-03
7.057985342913663196e+00 1.179924168662377631e-03
7.066367748309049013e+00 1.422312872300490532e-03
7.074750153704433053e+00 1.074148325078846901e-03
7.083132559099817094e+00 1.284493401771408944e-03
7.091514964495201134e+00 1.100684512860167739e-03
7.099897369890586063e+00 1.159211119195135802e-03
7.108279775285970103e+00 1.210809497591600059e-03
7.116662180681354144e+00 1.151033256267589705e-03
7.125044586076738184e+00 1.165667319866482048e-03
7.133426991472124001e+00 1.142819429452728150e-03
7.141809396867508042e+00 1.118138100319428186e-03
7.150191802262892082e+00 1.354085268043349116e-03
7.158574207658277011e+00 1.157063354500406952e-03
7.166956613053661052e+00 1.091096170843677696e-03
7.175339018449045092e+00 1.135922365136909570e-03
7.183721423844429133e+00 1.178344351308065543e-03
7.192103829239814949e+00 1.187971032046272008e-03
7.200486234635198990e+00 1.122648711105595160e-03
7.208868640030583030e+00 9.920660905895775043e-04
7.217251045425967071e+00 1.031128719738339753e-03
7.225633450821352000e+00 1.126868130416185717e-03
7.234015856216736040e+00 1.145340332690950643e-03
7.242398261612120081e+00 1.123842098977471081e-03
7.250780667007505897e+00 1.254720534243917518e-03
7.259163072402889938e+00 1.118756047670535969e-03
7.267545477798273978e+00 1.139447183020659638e-03
7.275927883193658019e+00 1.036827176237389413e-03
7.284310288589042948e+00 1.137256292312447802e-03
7.292692693984426988e+00 1.175863559072251900e-03
7.301075099379811029e+00 1.121244921979971509e-03
7.309457504775195069e+00 1.177032766217271870e-03
7.317839910170579998e+00 1.484437651695815711e-03
7.326222315565964927e+00 1.337152483003000098e-03
7.334604720961348967e+00 1.266238601044884695e-03
7.342987126356733896e+00 1.329225783032439304e-03
7.351369531752117936e+00 1.219405649689408403e-03
7.359751937147501977e+00 1.218607023442491027e-03
7.368134342542886017e+00 1.171577635868169352e-03
7.376516747938270946e+00 1.206319470673978276e-03
7.384899153333654986e+00 1.351833507147338648e-03
7.393281558729039027e+00 1.275091611632565456e-03
7.401663964124423956e+00 1.304682528611505413e-03
7.410046369519808884e+00 1.140002263820077966e-03
7.418428774915192925e+00 1.241757679245093999e-03
7.426811180310576965e+00 1.200431485006918158e-03
7.435193585705961894e+00 1.610782949065552548e-03
7.443575991101345934e+00 1.447296538229140552e-03
7.451958396496729975e+00 1.194338947671424274e-03
7.460340801892114015e+00 1.290335686471880952e-03
7.468723207287499832e+00 1.246157263873801189e-03
7.477105612682883873e+00 1.430106683083545672e-03
7.485488018078267913e+00 1.265113163409523111e-03
7.493870423473651954e+00 1.241178447208642630e-03
7.502252828869036883e+00 1.301382244985821359e-03
7.510635234264420923e+00 1.420503641023672988e-03
7.519017639659804964e+00 1.071159066241494191e-03
7.527400045055190780e+00 1.476568930745700715e-03
7.535782450450574821e+00 1.068407824004419769e-03
7.544164855845958861e+00 1.064819722874973474e-03
7.552547261241342902e+00 1.082948817054126206e-03
7.560929666636727831e+00 1.195200687719558163e-03
7.569312072032111871e+00 1.150183263522232399e-03
7.577694477427495912e+00 1.241775345418631715e-03
7.586076882822879952e+00 1.393246269721952783e-03
7.594459288218265769e+00 1.339890290496723296e-03
7.602841693613649809e+00 1.253095249363189462e-03
7.611224099009033850e+00 1.227441658623516308e-03
7.619606504404418779e+00 1.307750973100075880e-03
7.627988909799802819e+00 1.062483104723413018e-03
7.636371315195186860e+00 1.106626877388328751e-03
7.644753720590570900e+00 1.334850860557685931e-03
7.653136125985956717e+00 1.374870288692204299e-03
7.661518531381340757e+00 1.082395887550283370e-03
7.669900936776724798e+00 1.381067077310236483e-03
7.678283342172108838e+00 1.065707213791749434e-03
7.686665747567493767e+00 1.150478270232783333e-03
7.695048152962877808e+00 1.162351442481805155e-03
7.703430558358261848e+00 1.087881207617024228e-03
7.711812963753647665e+00 1.155151297537712661e-03
7.720195369149031706e+00 9.384003601373766676e-04
7.728577774544415746e+00 1.191304207615934228e-03
7.736960179939799787e+00 1.194781950797550512e-03
7.745342585335184715e+00 1.299365228348614131e-03
7.753724990730568756e+00 1.317546313051269321e-03
7.762107396125952796e+00 1.192688149326319664e-03
7.770489801521336837e+00 1.088748900212845082e-03
7.778872206916722654e+00 1.176217154930453684e-03
7.787254612312106694e+00 1.137569764984946649e-03
7.795637017707490735e+00 1.167478812249876305e-03
7.804019423102875663e+00 1.223627137286666978e-03
7.812401828498259704e+00 1.257871002892558404e-03
7.820784233893643744e+00 1.247701397540442337e-03
7.829166639289027785e+00 1.301163411055655805e-03
7.837549044684413602e+00 1.230169021213898184e-03
7.845931450079797642e+00 1.348964103720719319e-03
7.854313855475181683e+00 1.379977067106051515e-03
7.862696260870565723e+00 1.055990867923143435e-03
7.871078666265950652e+00 1.160362408233330889e-03
7.879461071661334692e+00 1.086448369359596785e-03
7.887843477056718733e+00 1.323283366225285092e-03
7.896225882452104550e+00 1.135265140659779499e-03
7.904608287847488590e+00 1.176755616352971297e-03
7.912990693242872631e+00 1.188303916828594743e-03
7.921373098638256671e+00 1.067421218220983639e-03
7.929755504033641600e+00 1.143728659511395471e-03
7.938137909429025640e+00 1.217795418360288285e-03
7.946520314824409681e+00 1.209166594762718693e-03
7.954902720219793721e+00 9.943065751511143743e-04
7.963285125615178650e+00 1.010705553427327383e-03
7.971667531010563579e+00 1.179179912056620583e-03
7.980049936405947619e+00 1.086643280418259343e-03
7.988432341801332548e+00 1.268974600058991832e-03
7.996814747196716588e+00 1.265228425847919613e-03
8.005197152592099741e+00 1.123136725699136257e-03
8.013579557987485558e+00 1.236105789847358237e-03
8.021961963382869598e+00 1.188051274503896691e-03
8.030344368778253639e+00 1.227075165748762152e-03
8.038726774173637679e+00 1.194592697744541578e-03
8.047109179569021720e+00 1.363177326009675557e-03
8.055491584964407537e+00 1.335149624330196367e-03
8.063873990359791577e+00 1.152255154470913524e-03
8.072256395755175618e+00 1.019500567624490820e-03
8.080638801150561434e+00 1.227220502272030394e-03
8.089021206545945475e+00 1.265605640431217982e-03
8.097403611941329515e+00 1.332223458565495906e-03
8.105786017336713556e+00 1.065394332353902535e-03
8.114168422732097596e+00 1.410724287149058573e-03
8.122550828127481637e+00 1.110835392107546206e-03
8.130933233522865677e+00 1.249370873290739717e-03
8.139315638918251494e+00 1.167978460314123479e-03
8.147698044313635535e+00 1.238543506942326594e-03
8.156080449709019575e+00 1.355980244557875155e-03
8.164462855104403616e+00 1.071975864127979643e-03
8.172845260499789433e+00 1.239201114831594208e-03
8.181227665895173473e+00 1.287383191523708368e-03
8.189610071290557514e+00 1.044029183434315401e-03
8.197992476685941554e+00 1.098370660933622490e-03
8.206374882081327371e+00 1.229507653956047860e-03
8.214757287476711412e+00 1.367732402121706135e-03
8.223139692872095452e+00 1.350140737431237926e-03
8.231522098267479493e+00 1.216642177002483834e-03
8.239904503662863533e+00 1.117880115955208892e-03
8.248286909058247574e+00 1.096656450430930942e-03
8.256669314453631614e+00 1.330086172338870894e-03
8.265051719849017431e+00 1.010678245486080996e-03
8.273434125244401471e+00 1.176638701379242044e-03
8.281816530639785512e+00 8.874851847100678022e-04
8.290198936035169552e+00 1.112409884543491155e-03
8.298581341430555369e+00 1.441133102978552809e-03
8.306963746825939410e+00 1.196755378185041310e-03
8.315346152221323450e+00 1.176030051306722543e-03
8.323728557616709267e+00 9.881189795010408925e-04
8.332110963012093308e+00 1.160198933318189532e-03
8.340493368407477348e+00 1.184171602001285115e-03
8.348875773802861389e+00 1.130888284263230608e-03
8.357258179198245429e+00 1.186356253510109562e-03
8.365640584593629470e+00 9.802637251733973406e-04
8.374022989989013510e+00 8.912183968907231310e-04
8.382405395384397551e+00 9.590573820895066572e-04
