0.6000 113.7000 0
1.3000 119.1000 0
322.5000 112.9000 0
327.5000 110.3000 0
261.5000 207.9000 0
259.0000 214.5000 0
55.7000 15.3000 0
51.7000 18.3000 0
83.6000 14.3000 0
85.1000 19.4000 0
293.8000 243.9000 0
296.3000 248.2000 0
267.0000 96.3000 0
261.9000 99.9000 0
304.1000 69.8000 0
300.1000 67.1000 0
97.0000 10.5000 0
92.8000 12.9000 0
294.7000 47.6000 0
298.8000 47.0000 0
208.0000 248.0000 0
200.9000 244.0000 0
317.8000 78.3000 0
313.0000 76.0000 0
271.4000 71.8000 0
275.8000 70.6000 0
320.8000 184.6000 0
316.3000 185.6000 0
92.4000 2.1000 0
87.3000 6.2000 0
164.8000 275.9000 0
164.8000 270.6000 0
120.4000 6.4000 0
115.2000 3.2000 0
54.6000 109.9000 0
60.5000 97.3000 0
325.1000 286.2000 0
329.1000 289.0000 0
294.8000 21.8000 0
290.3000 24.6000 0
266.4000 245.2000 0
269.4000 249.5000 0
271.8000 78.9000 0
276.2000 81.1000 0
38.7000 69.9000 0
45.6000 76.0000 0
30.1000 264.9000 0
35.1000 266.0000 0
69.7000 264.9000 0
74.1000 267.5000 0
250.7000 33.1000 0
255.3000 29.9000 0
75.5000 282.7000 0
77.0000 288.8000 0
291.3000 136.3000 0
295.9000 142.0000 0
293.5000 252.2000 0
291.3000 248.4000 0
230.3000 277.6000 0
234.6000 279.1000 0
62.4000 281.0000 0
59.0000 284.2000 0
290.6000 110.0000 0
285.7000 113.0000 0
216.3000 287.8000 0
210.4000 285.3000 0
304.5000 113.6000 0
304.3000 118.1000 0
251.9000 189.9000 0
254.5000 194.9000 0
261.4000 180.3000 0
258.1000 176.2000 0
95.4000 267.5000 0
89.0000 263.5000 0
82.1000 2.1000 0
79.1000 329.9000 0
272.1000 130.5000 0
267.9000 129.0000 0
194.5000 296.6000 0
194.3000 300.4000 0
245.5000 245.8000 0
242.6000 241.4000 0
239.7000 209.9000 0
236.6000 213.8000 0
69.6000 177.8000 0
74.3000 183.6000 0
204.0000 6.5000 0
207.7000 1.5000 0
258.4000 241.5000 0
256.0000 246.0000 0
308.1000 88.3000 0
313.4000 85.7000 0
249.4000 194.4000 0
251.7000 199.1000 0
310.9000 152.1000 0
309.5000 147.2000 0
329.4000 278.4000 0
2.7000 275.7000 0
191.5000 279.5000 0
191.2000 275.0000 0
102.0000 327.9000 0
101.4000 322.2000 0
78.9000 253.4000 0
74.1000 250.6000 0
221.0000 232.6000 0
230.6000 238.5000 0
86.4000 298.8000 0
90.9000 296.8000 0
177.8000 293.6000 0
179.0000 288.1000 0
253.7000 259.6000 0
252.1000 263.9000 0
244.9000 30.2000 0
246.1000 34.5000 0
290.4000 185.2000 0
287.5000 181.0000 0
322.7000 43.9000 0
322.5000 49.7000 0
274.5000 239.9000 0
276.6000 235.8000 0
59.8000 58.1000 0
61.7000 53.0000 0
258.9000 48.7000 0
254.7000 45.7000 0
183.9000 286.3000 0
182.9000 290.8000 0
35.7000 234.4000 0
39.9000 231.9000 0
216.5000 319.8000 0
222.0000 316.4000 0
225.1000 11.0000 0
220.3000 9.4000 0
119.6000 16.7000 0
127.0000 20.5000 0
284.6000 97.0000 0
280.6000 99.3000 0
316.0000 176.0000 0
324.2000 176.6000 0
247.6000 131.7000 0
249.7000 127.2000 0
212.1000 290.4000 0
212.4000 295.6000 0
122.7000 226.1000 0
133.3000 235.7000 0
193.8000 306.3000 0
198.5000 303.2000 0
47.2000 21.3000 0
42.0000 18.5000 0
257.9000 307.0000 0
259.0000 311.8000 0
300.1000 116.1000 0
299.2000 110.5000 0
129.7000 264.0000 0
125.9000 266.7000 0
207.8000 37.0000 0
208.6000 42.1000 0
327.2000 62.8000 0
326.7000 68.2000 0
215.4000 266.1000 0
209.8000 269.8000 0
150.0000 16.2000 0
145.1000 15.9000 0
270.0000 204.4000 0
264.4000 203.9000 0
315.8000 262.6000 0
312.1000 258.5000 0
22.4000 301.5000 0
18.1000 304.5000 0
306.5000 249.2000 0
304.7000 244.8000 0
280.5000 137.3000 0
280.0000 132.0000 0
293.8000 70.6000 0
295.4000 65.1000 0
57.0000 31.0000 0
57.0000 26.1000 0
268.2000 32.9000 0
272.2000 36.1000 0
57.9000 247.4000 0
59.7000 242.7000 0
13.0000 250.0000 0
14.3000 256.7000 0
40.9000 242.2000 0
43.2000 238.3000 0
38.2000 212.1000 0
42.9000 212.3000 0
130.5000 268.8000 0
131.2000 275.6000 0
256.0000 227.7000 0
253.2000 224.0000 0
35.7000 242.3000 0
29.6000 242.2000 0
311.5000 185.5000 0
309.1000 189.4000 0
225.1000 302.2000 0
231.9000 303.9000 0
7.3000 223.0000 0
10.5000 217.5000 0
182.4000 275.0000 0
182.8000 280.5000 0
329.8000 239.7000 0
1.6000 243.7000 0
316.9000 257.2000 0
318.9000 250.7000 0
267.1000 139.6000 0
270.9000 136.2000 0
277.0000 26.1000 0
272.9000 24.1000 0
243.0000 259.4000 0
245.3000 254.7000 0
165.6000 287.1000 0
169.8000 289.0000 0
322.9000 193.7000 0
324.4000 189.5000 0
236.0000 296.1000 0
235.6000 291.1000 0
318.3000 125.7000 0
313.9000 124.0000 0
189.9000 309.8000 0
188.8000 315.4000 0
318.1000 212.1000 0
321.2000 206.9000 0
279.8000 213.8000 0
276.7000 210.3000 0
57.9000 49.3000 0
64.9000 49.6000 0
44.4000 222.3000 0
49.2000 224.8000 0
239.0000 154.9000 0
236.4000 149.1000 0
280.9000 8.2000 0
276.8000 5.8000 0
144.1000 311.0000 0
147.4000 308.8000 0
53.2000 227.9000 0
50.5000 232.1000 0
66.1000 268.4000 0
60.1000 263.5000 0
18.9000 212.5000 0
13.9000 212.2000 0
259.5000 194.1000 0
264.7000 195.7000 0
78.6000 10.2000 0
83.8000 7.0000 0
97.0000 319.4000 0
92.6000 317.3000 0
148.4000 41.4000 0
143.8000 34.9000 0
57.7000 62.8000 0
55.5000 67.3000 0
284.7000 10.5000 0
285.7000 5.6000 0
63.0000 39.3000 0
67.9000 39.9000 0
140.0000 273.2000 0
136.7000 276.9000 0
30.9000 231.6000 0
24.5000 232.7000 0
262.5000 308.6000 0
267.4000 309.4000 0
100.1000 289.9000 0
100.3000 294.8000 0
304.3000 92.0000 0
298.8000 94.1000 0
78.0000 299.4000 0
77.2000 304.3000 0
61.1000 232.7000 0
56.5000 230.4000 0
70.3000 34.3000 0
66.4000 30.7000 0
326.3000 29.5000 0
321.9000 27.6000 0
8.2000 148.3000 0
4.1000 150.7000 0
325.7000 150.3000 0
322.2000 153.9000 0
222.7000 259.0000 0
227.4000 261.8000 0
183.4000 327.2000 0
178.7000 328.5000 0
71.1000 57.7000 0
76.0000 57.6000 0
280.3000 89.4000 0
280.5000 94.4000 0
216.5000 48.9000 0
225.1000 50.3000 0
248.0000 150.7000 0
240.0000 149.5000 0
23.7000 213.1000 0
28.1000 210.4000 0
230.5000 282.6000 0
225.3000 286.1000 0
174.7000 228.7000 0
170.0000 236.8000 0
27.3000 7.0000 0
28.3000 12.0000 0
229.1000 8.1000 0
230.2000 11.8000 0
52.1000 265.2000 0
47.3000 263.3000 0
299.3000 244.3000 0
302.1000 239.5000 0
150.8000 294.1000 0
146.1000 291.8000 0
224.0000 271.1000 0
227.6000 266.9000 0
327.5000 19.7000 0
325.7000 14.4000 0
257.0000 164.3000 0
252.2000 160.9000 0
320.7000 234.7000 0
323.7000 239.5000 0
148.6000 248.4000 0
155.8000 241.5000 0
272.1000 181.1000 0
267.5000 180.0000 0
107.9000 269.4000 0
103.1000 271.4000 0
65.3000 242.1000 0
62.9000 247.6000 0
205.4000 243.1000 0
211.0000 243.6000 0
57.9000 279.0000 0
53.7000 275.8000 0
38.6000 38.3000 0
42.7000 41.2000 0
5.7000 106.0000 0
0.3000 107.5000 0
121.8000 269.5000 0
121.5000 264.8000 0
169.5000 284.1000 0
169.6000 277.7000 0
168.5000 251.8000 0
162.9000 248.0000 0
24.4000 102.8000 0
31.1000 95.2000 0
132.3000 299.8000 0
131.4000 307.6000 0
18.5000 43.5000 0
19.6000 38.6000 0
290.2000 105.0000 0
285.9000 108.3000 0
200.9000 279.9000 0
204.7000 277.4000 0
116.5000 64.9000 0
110.1000 62.1000 0
262.0000 140.8000 0
261.2000 136.3000 0
313.8000 70.5000 0
313.3000 64.8000 0
0.5000 54.7000 0
4.0000 52.0000 0
238.6000 322.0000 0
243.2000 320.0000 0
159.8000 297.9000 0
165.3000 302.0000 0
182.8000 270.5000 0
178.2000 272.9000 0
249.8000 37.3000 0
254.4000 40.7000 0
151.4000 320.5000 0
152.5000 315.6000 0
1.2000 86.2000 0
5.3000 82.7000 0
42.5000 59.7000 0
36.1000 61.7000 0
257.9000 91.8000 0
254.0000 88.0000 0
34.0000 251.0000 0
32.8000 247.0000 0
322.4000 96.7000 0
327.3000 94.2000 0
156.4000 322.3000 0
160.4000 325.7000 0
216.2000 18.8000 0
214.6000 13.1000 0
65.9000 26.0000 0
70.9000 18.0000 0
152.0000 304.6000 0
146.8000 302.1000 0
32.0000 51.4000 0
27.7000 54.4000 0
290.5000 18.7000 0
286.6000 21.2000 0
164.5000 328.2000 0
166.2000 1.5000 0
250.1000 210.5000 0
252.9000 215.4000 0
325.9000 52.8000 0
326.3000 57.6000 0
165.3000 307.1000 0
160.8000 302.9000 0
71.2000 28.5000 0
75.8000 26.1000 0
207.3000 324.7000 0
216.3000 324.9000 0
9.7000 240.7000 0
11.8000 236.7000 0
36.9000 50.1000 0
39.6000 45.4000 0
207.7000 302.6000 0
211.5000 305.3000 0
320.7000 278.7000 0
319.2000 281.7000 0
246.1000 141.1000 0
240.9000 145.2000 0
38.4000 33.2000 0
37.3000 28.4000 0
331.2000 75.8000 0
5.2000 73.3000 0
154.5000 275.6000 0
154.5000 280.9000 0
237.8000 242.3000 0
234.3000 246.2000 0
184.1000 218.4000 0
189.1000 216.8000 0
324.3000 198.9000 0
327.2000 194.1000 0
320.2000 244.7000 0
323.7000 249.9000 0
49.0000 283.7000 0
44.2000 281.9000 0
87.3000 43.6000 0
96.9000 44.6000 0
240.3000 199.2000 0
246.3000 198.8000 0
294.9000 10.3000 0
290.3000 8.5000 0
276.9000 37.6000 0
272.9000 41.8000 0
202.8000 311.3000 0
202.8000 316.9000 0
253.7000 66.4000 0
254.1000 71.9000 0
33.0000 15.2000 0
27.8000 16.8000 0
54.7000 320.5000 0
56.2000 313.0000 0
155.8000 1.0000 0
160.1000 331.1000 0
325.7000 207.6000 0
327.7000 213.8000 0
197.0000 222.5000 0
192.5000 220.2000 0
313.7000 10.2000 0
308.7000 12.9000 0
319.7000 148.8000 0
316.8000 154.3000 0
39.7000 285.5000 0
46.1000 287.5000 0
227.1000 214.2000 0
228.1000 218.8000 0
225.8000 291.6000 0
231.4000 294.1000 0
294.6000 74.9000 0
293.7000 80.9000 0
31.3000 4.0000 0
27.9000 0.6000 0
129.4000 240.7000 0
135.3000 240.5000 0
50.7000 306.5000 0
45.9000 309.3000 0
9.8000 37.0000 0
13.7000 40.9000 0
284.9000 59.2000 0
281.0000 63.5000 0
268.7000 288.4000 0
265.4000 293.4000 0
197.9000 314.3000 0
194.5000 311.2000 0
213.4000 2.6000 0
216.5000 329.9000 0
320.7000 295.0000 0
324.8000 298.3000 0
327.3000 167.5000 0
0.9000 168.7000 0
222.1000 242.2000 0
224.5000 237.8000 0
252.8000 155.2000 0
252.5000 150.2000 0
253.2000 167.7000 0
256.8000 173.0000 0
65.3000 256.1000 0
60.8000 257.4000 0
173.1000 249.5000 0
172.8000 255.2000 0
203.0000 239.4000 0
204.9000 234.1000 0
281.2000 41.3000 0
281.4000 46.4000 0
23.1000 35.6000 0
26.9000 33.6000 0
245.4000 136.4000 0
252.5000 137.0000 0
185.3000 307.3000 0
190.1000 303.7000 0
281.2000 18.2000 0
281.9000 12.7000 0
310.5000 207.3000 0
315.7000 207.7000 0
304.7000 64.5000 0
308.6000 67.1000 0
22.5000 285.4000 0
26.5000 283.2000 0
95.4000 288.1000 0
99.4000 285.2000 0
309.1000 169.9000 0
313.6000 170.8000 0
259.1000 22.0000 0
259.0000 17.1000 0
271.8000 262.4000 0
270.5000 267.2000 0
273.7000 232.7000 0
276.8000 228.2000 0
114.9000 308.5000 0
115.1000 313.2000 0
204.2000 216.2000 0
208.7000 211.4000 0
179.2000 283.1000 0
174.0000 280.1000 0
206.0000 328.9000 0
201.7000 326.6000 0
105.3000 309.5000 0
109.7000 310.7000 0
47.4000 273.8000 0
48.3000 278.9000 0
201.7000 230.8000 0
199.4000 235.3000 0
53.5000 4.7000 0
58.1000 3.2000 0
29.8000 42.4000 0
33.1000 46.7000 0
274.5000 296.8000 0
278.4000 301.4000 0
264.5000 283.9000 0
263.8000 288.5000 0
314.2000 102.9000 0
307.7000 104.6000 0
102.0000 22.9000 0
105.4000 25.4000 0
262.1000 296.4000 0
255.0000 292.0000 0
47.7000 248.1000 0
45.4000 243.1000 0
10.7000 259.5000 0
5.6000 258.6000 0
289.4000 131.5000 0
294.3000 133.2000 0
294.4000 151.6000 0
288.6000 151.2000 0
201.9000 268.4000 0
200.8000 264.1000 0
258.0000 117.8000 0
262.8000 115.0000 0
76.7000 36.8000 0
71.6000 37.9000 0
205.3000 256.1000 0
204.6000 251.4000 0
0.9000 257.0000 0
8.2000 263.3000 0
267.9000 38.9000 0
263.4000 40.0000 0
235.5000 303.8000 0
234.5000 308.5000 0
13.3000 131.7000 0
7.1000 126.0000 0
93.3000 48.0000 0
92.7000 53.6000 0
197.1000 281.9000 0
195.7000 276.4000 0
44.4000 54.7000 0
42.1000 49.5000 0
293.8000 233.7000 0
291.6000 230.7000 0
307.6000 24.3000 0
308.4000 30.1000 0
29.0000 250.3000 0
31.8000 256.0000 0
307.7000 211.9000 0
304.5000 209.4000 0
64.2000 10.2000 0
59.7000 12.8000 0
11.9000 113.3000 0
10.5000 107.8000 0
295.9000 164.9000 0
294.0000 160.5000 0
14.6000 73.1000 0
16.2000 69.1000 0
264.7000 240.8000 0
271.5000 236.4000 0
27.8000 314.3000 0
28.2000 309.6000 0
248.8000 307.4000 0
244.5000 304.5000 0
139.9000 268.5000 0
139.1000 264.1000 0
45.5000 299.5000 0
49.4000 294.6000 0
178.3000 261.7000 0
177.1000 257.8000 0
90.1000 290.6000 0
89.8000 284.8000 0
22.1000 246.1000 0
24.1000 251.2000 0
318.1000 230.6000 0
315.6000 234.6000 0
18.6000 17.1000 0
19.3000 22.7000 0
16.7000 278.4000 0
21.1000 280.1000 0
223.4000 255.6000 0
221.6000 251.0000 0
8.3000 17.4000 0
8.6000 22.2000 0
250.4000 17.4000 0
254.3000 19.5000 0
253.5000 203.3000 0
255.9000 200.5000 0
266.9000 6.0000 0
268.6000 0.6000 0
44.9000 65.1000 0
47.3000 61.5000 0
0.3000 92.6000 0
327.9000 88.5000 0
50.5000 289.6000 0
54.3000 287.1000 0
15.8000 99.8000 0
22.0000 99.8000 0
155.0000 256.5000 0
160.7000 257.5000 0
255.5000 186.7000 0
259.3000 184.9000 0
286.0000 239.7000 0
288.6000 234.5000 0
108.9000 299.9000 0
104.1000 297.0000 0
231.6000 27.7000 0
228.0000 24.9000 0
285.2000 123.2000 0
284.9000 129.7000 0
211.7000 9.6000 0
216.7000 8.1000 0
256.3000 236.3000 0
251.2000 236.1000 0
136.2000 308.3000 0
136.4000 303.3000 0
210.4000 233.9000 0
207.2000 229.9000 0
244.1000 66.5000 0
240.3000 64.2000 0
1.0000 97.0000 0
1.5000 102.9000 0
236.6000 232.9000 0
239.5000 236.7000 0
188.0000 325.3000 0
184.2000 321.7000 0
35.1000 278.0000 0
30.7000 280.8000 0
277.2000 253.8000 0
279.5000 249.1000 0
35.5000 288.4000 0
40.8000 289.8000 0
19.8000 0.5000 0
16.9000 325.8000 0
119.5000 320.9000 0
114.3000 319.1000 0
244.2000 292.2000 0
244.6000 287.5000 0
150.7000 284.3000 0
156.1000 286.5000 0
293.8000 208.8000 0
298.9000 209.4000 0
238.3000 220.1000 0
236.0000 224.1000 0
286.1000 43.0000 0
290.7000 46.2000 0
106.4000 192.8000 0
110.1000 201.8000 0
34.2000 221.5000 0
32.5000 226.4000 0
184.5000 239.4000 0
186.1000 235.5000 0
89.1000 269.6000 0
93.6000 272.1000 0
101.2000 17.8000 0
97.2000 20.3000 0
329.7000 140.9000 0
329.2000 135.8000 0
289.7000 84.1000 0
293.9000 86.4000 0
156.7000 312.2000 0
161.0000 315.3000 0
297.9000 77.5000 0
302.4000 75.4000 0
292.0000 212.2000 0
294.1000 217.2000 0
195.5000 256.4000 0
200.2000 255.0000 0
299.5000 99.4000 0
304.2000 96.9000 0
31.3000 217.3000 0
33.1000 211.3000 0
322.8000 230.9000 0
319.6000 226.4000 0
215.6000 28.7000 0
220.9000 27.8000 0
242.7000 186.0000 0
240.1000 191.1000 0
236.2000 268.6000 0
241.9000 274.7000 0
312.7000 239.8000 0
309.9000 234.9000 0
154.5000 250.4000 0
158.4000 246.9000 0
83.2000 295.5000 0
80.8000 291.6000 0
255.1000 145.9000 0
252.2000 141.9000 0
23.0000 9.5000 0
18.8000 7.0000 0
317.7000 34.7000 0
322.5000 33.4000 0
259.1000 54.8000 0
259.6000 59.1000 0
193.4000 226.4000 0
196.8000 231.1000 0
218.5000 113.1000 0
214.5000 113.2000 0
245.1000 228.5000 0
248.6000 223.1000 0
264.2000 149.4000 0
259.9000 146.4000 0
50.2000 252.5000 0
51.7000 259.5000 0
271.8000 83.5000 0
267.0000 86.8000 0
312.9000 202.8000 0
314.7000 199.7000 0
14.5000 231.1000 0
18.0000 226.6000 0
236.8000 46.7000 0
236.9000 41.0000 0
176.1000 305.7000 0
176.0000 311.3000 0
160.9000 126.5000 0
159.7000 121.4000 0
151.8000 329.5000 0
156.7000 327.7000 0
90.2000 33.0000 0
95.3000 30.7000 0
258.9000 37.3000 0
259.2000 43.2000 0
298.5000 51.4000 0
304.1000 49.1000 0
169.1000 268.1000 0
169.0000 273.3000 0
10.0000 208.4000 0
11.3000 202.8000 0
181.9000 264.7000 0
177.0000 267.2000 0
229.8000 209.7000 0
231.5000 205.3000 0
286.4000 64.2000 0
289.9000 65.6000 0
317.8000 314.0000 0
311.9000 316.3000 0
280.1000 121.1000 0
281.0000 115.6000 0
276.2000 65.1000 0
276.4000 59.1000 0
251.2000 303.2000 0
251.9000 298.3000 0
73.9000 15.2000 0
73.8000 9.8000 0
132.4000 281.1000 0
126.9000 277.5000 0
303.1000 218.0000 0
307.2000 216.2000 0
27.4000 37.8000 0
34.0000 36.1000 0
309.0000 56.5000 0
309.1000 61.9000 0
258.3000 71.1000 0
262.1000 73.2000 0
241.4000 79.4000 0
245.7000 83.2000 0
266.0000 267.6000 0
268.8000 274.3000 0
221.4000 214.0000 0
223.2000 218.4000 0
253.7000 77.9000 0
249.5000 75.2000 0
101.1000 301.5000 0
106.0000 303.9000 0
22.0000 207.7000 0
31.6000 206.1000 0
0.9000 193.5000 0
2.7000 188.8000 0
175.6000 182.7000 0
179.0000 179.6000 0
125.1000 8.2000 0
124.0000 14.8000 0
295.0000 226.7000 0
292.0000 222.3000 0
288.9000 208.5000 0
286.0000 213.1000 0
292.6000 180.6000 0
296.4000 185.5000 0
303.3000 5.3000 0
299.8000 8.9000 0
49.9000 45.7000 0
56.5000 44.9000 0
250.0000 316.7000 0
243.8000 314.5000 0
8.3000 121.0000 0
12.3000 126.3000 0
227.9000 229.2000 0
234.0000 228.5000 0
70.8000 254.2000 0
65.8000 250.9000 0
33.0000 9.2000 0
36.2000 6.3000 0
102.1000 34.0000 0
105.5000 30.1000 0
114.2000 301.5000 0
119.0000 299.4000 0
222.0000 113.6000 0
222.4000 119.4000 0
179.0000 238.6000 0
181.7000 243.5000 0
210.6000 26.7000 0
216.1000 24.3000 0
50.4000 132.9000 0
55.8000 137.1000 0
330.9000 184.5000 0
1.6000 179.6000 0
24.5000 72.0000 0
19.7000 69.5000 0
257.0000 182.1000 0
254.1000 177.9000 0
306.2000 166.3000 0
301.3000 166.2000 0
69.9000 48.5000 0
65.9000 44.7000 0
12.7000 185.6000 0
14.8000 180.3000 0
216.8000 242.0000 0
219.2000 246.6000 0
94.8000 166.6000 0
102.0000 167.6000 0
23.8000 265.2000 0
28.9000 260.1000 0
105.5000 314.4000 0
110.9000 315.6000 0
215.8000 223.8000 0
221.0000 223.2000 0
115.5000 329.5000 0
114.9000 323.7000 0
240.4000 289.1000 0
236.4000 285.9000 0
240.2000 165.4000 0
234.4000 166.9000 0
36.3000 303.7000 0
31.7000 301.4000 0
266.5000 112.2000 0
271.8000 110.7000 0
296.2000 127.7000 0
293.4000 123.3000 0
176.7000 246.1000 0
172.3000 242.9000 0
173.7000 275.1000 0
174.0000 269.9000 0
280.7000 34.6000 0
277.4000 30.7000 0
79.3000 49.1000 0
75.3000 41.6000 0
60.1000 34.9000 0
58.3000 37.6000 0
41.2000 296.1000 0
36.5000 298.1000 0
164.2000 265.6000 0
163.7000 260.7000 0
249.9000 227.8000 0
253.5000 231.7000 0
329.7000 268.5000 0
323.7000 265.5000 0
225.6000 16.2000 0
226.6000 20.7000 0
133.0000 2.8000 0
139.2000 2.9000 0
36.7000 256.2000 0
33.3000 262.1000 0
232.9000 174.9000 0
237.4000 171.8000 0
112.6000 287.3000 0
113.0000 292.4000 0
229.2000 246.7000 0
226.9000 251.2000 0
285.1000 91.0000 0
285.1000 86.0000 0
295.9000 256.6000 0
291.2000 256.6000 0
263.4000 258.8000 0
267.2000 262.7000 0
285.2000 118.5000 0
289.8000 119.9000 0
266.8000 227.3000 0
271.8000 227.6000 0
317.0000 14.1000 0
311.8000 16.1000 0
73.0000 286.7000 0
68.4000 289.6000 0
254.6000 126.2000 0
258.6000 122.9000 0
28.3000 47.6000 0
23.2000 44.9000 0
277.2000 189.7000 0
284.1000 191.4000 0
117.6000 277.2000 0
121.7000 274.2000 0
205.6000 287.6000 0
205.2000 282.2000 0
13.1000 78.9000 0
17.4000 80.3000 0
296.6000 156.3000 0
299.8000 161.7000 0
264.0000 174.4000 0
261.2000 165.7000 0
323.2000 202.8000 0
319.9000 198.4000 0
243.5000 329.3000 0
244.2000 3.3000 0
318.1000 67.8000 0
322.5000 65.6000 0
191.7000 247.3000 0
195.6000 250.6000 0
290.3000 40.8000 0
286.0000 37.9000 0
240.9000 269.3000 0
244.8000 271.6000 0
268.0000 10.9000 0
272.3000 12.8000 0
175.9000 316.6000 0
180.0000 313.9000 0
10.0000 86.7000 0
9.2000 81.3000 0
82.0000 286.7000 0
81.3000 280.4000 0
37.5000 17.0000 0
43.3000 13.6000 0
253.7000 2.9000 0
258.2000 5.6000 0
6.6000 193.3000 0
4.9000 198.4000 0
63.9000 308.4000 0
63.8000 302.6000 0
299.5000 24.4000 0
295.4000 27.3000 0
78.7000 319.9000 0
83.1000 322.6000 0
18.9000 220.8000 0
22.7000 226.9000 0
100.8000 311.9000 0
101.4000 306.3000 0
14.9000 199.0000 0
16.7000 194.2000 0
259.1000 259.3000 0
261.4000 254.8000 0
269.3000 222.3000 0
267.2000 218.1000 0
146.7000 282.0000 0
151.0000 279.1000 0
239.9000 181.7000 0
237.5000 176.9000 0
151.1000 299.9000 0
156.0000 301.9000 0
226.0000 297.6000 0
220.2000 299.6000 0
166.4000 321.2000 0
170.5000 320.6000 0
29.5000 90.1000 0
22.8000 94.8000 0
155.2000 270.8000 0
149.8000 268.4000 0
308.2000 156.2000 0
313.2000 156.8000 0
196.3000 287.1000 0
202.0000 290.0000 0
33.7000 271.3000 0
38.3000 270.0000 0
244.6000 208.8000 0
242.0000 205.1000 0
30.1000 273.7000 0
25.7000 277.9000 0
193.9000 235.4000 0
189.3000 238.9000 0
207.9000 81.8000 0
206.8000 67.6000 0
243.7000 94.1000 0
238.2000 94.4000 0
280.6000 79.3000 0
281.4000 84.3000 0
305.4000 225.7000 0
306.7000 220.6000 0
303.4000 80.0000 0
297.9000 82.7000 0
24.0000 82.2000 0
23.1000 77.5000 0
263.6000 35.4000 0
263.6000 30.4000 0
154.9000 260.8000 0
154.1000 265.6000 0
41.1000 306.4000 0
41.1000 301.1000 0
103.6000 282.4000 0
107.6000 278.7000 0
322.2000 91.9000 0
318.1000 94.7000 0
55.6000 325.6000 0
54.6000 331.1000 0
316.1000 270.1000 0
319.5000 265.6000 0
62.0000 276.0000 0
66.2000 278.5000 0
272.2000 47.0000 0
267.4000 54.9000 0
2.4000 287.6000 0
329.5000 283.8000 0
191.2000 265.0000 0
191.3000 258.6000 0
111.9000 265.8000 0
112.4000 270.5000 0
140.7000 238.2000 0
139.6000 243.6000 0
313.8000 190.4000 0
310.6000 193.9000 0
240.7000 48.2000 0
236.5000 51.7000 0
213.3000 219.0000 0
209.7000 215.3000 0
216.9000 78.6000 0
211.3000 80.1000 0
232.2000 260.9000 0
235.9000 264.1000 0
322.2000 23.1000 0
316.0000 18.9000 0
311.0000 143.2000 0
316.2000 139.9000 0
276.1000 76.3000 0
280.0000 73.0000 0
244.9000 56.5000 0
245.9000 61.0000 0
214.9000 276.9000 0
214.9000 271.6000 0
187.9000 282.1000 0
192.4000 284.0000 0
301.7000 175.3000 0
297.9000 169.6000 0
206.4000 17.3000 0
212.4000 20.1000 0
89.6000 21.6000 0
94.2000 24.0000 0
105.5000 10.1000 0
101.2000 6.9000 0
232.4000 242.7000 0
235.5000 238.1000 0
330.9000 207.9000 0
328.0000 203.6000 0
54.9000 242.2000 0
50.2000 242.2000 0
118.0000 25.1000 0
116.3000 19.6000 0
11.1000 281.8000 0
12.3000 286.7000 0
245.5000 236.3000 0
241.8000 232.9000 0
136.5000 109.6000 0
122.3000 116.8000 0
240.8000 17.0000 0
240.4000 11.2000 0
51.6000 316.6000 0
51.1000 311.7000 0
105.7000 324.9000 0
110.8000 326.7000 0
139.0000 258.8000 0
139.6000 253.6000 0
28.2000 79.5000 0
28.0000 74.8000 0
28.5000 84.6000 0
35.6000 86.1000 0
226.1000 45.0000 0
221.8000 47.0000 0
26.7000 324.7000 0
23.4000 328.3000 0
28.4000 28.5000 0
23.0000 25.0000 0
41.4000 328.4000 0
36.9000 325.3000 0
55.9000 267.2000 0
52.3000 270.7000 0
100.4000 41.5000 0
90.2000 45.0000 0
227.1000 34.2000 0
225.8000 40.2000 0
266.2000 327.9000 0
262.9000 9.2000 0
0.4000 154.0000 0
326.9000 154.7000 0
239.8000 27.8000 0
236.0000 30.2000 0
143.0000 316.2000 0
143.9000 324.7000 0
286.2000 205.1000 0
280.2000 206.3000 0
156.3000 307.0000 0
160.9000 309.2000 0
263.3000 77.7000 0
267.1000 74.9000 0
87.3000 308.6000 0
91.9000 307.3000 0
211.8000 315.3000 0
212.1000 322.5000 0
74.2000 312.6000 0
77.9000 309.5000 0
80.6000 33.3000 0
85.0000 35.9000 0
64.3000 15.7000 0
66.1000 21.3000 0
50.5000 300.7000 0
56.1000 302.5000 0
246.5000 276.5000 0
250.8000 279.9000 0
104.3000 103.3000 0
102.7000 109.6000 0
290.0000 28.9000 0
286.0000 32.1000 0
32.9000 76.9000 0
38.3000 74.3000 0
273.4000 191.0000 0
267.7000 191.4000 0
299.7000 235.0000 0
297.0000 230.7000 0
311.6000 219.7000 0
315.4000 216.5000 0
312.3000 80.8000 0
317.2000 83.5000 0
274.7000 164.8000 0
272.2000 161.0000 0
236.9000 195.2000 0
242.4000 195.7000 0
308.9000 117.0000 0
312.1000 112.6000 0
59.7000 316.8000 0
63.5000 313.7000 0
55.2000 20.7000 0
60.1000 18.1000 0
260.7000 81.7000 0
253.9000 82.8000 0
6.6000 204.2000 0
2.5000 203.1000 0
248.0000 214.5000 0
249.7000 219.3000 0
329.4000 188.9000 0
5.1000 184.4000 0
280.8000 154.9000 0
277.9000 158.2000 0
266.4000 108.2000 0
262.1000 110.0000 0
230.4000 68.9000 0
234.4000 66.2000 0
331.1000 217.1000 0
2.7000 222.0000 0
72.5000 152.7000 0
69.5000 159.7000 0
4.1000 31.0000 0
331.0000 27.3000 0
310.9000 275.5000 0
312.0000 281.4000 0
259.2000 316.9000 0
258.0000 322.7000 0
4.3000 253.3000 0
2.5000 248.5000 0
235.5000 61.4000 0
240.1000 58.3000 0
87.2000 320.3000 0
87.5000 324.7000 0
245.2000 310.1000 0
249.6000 312.2000 0
110.9000 18.3000 0
106.6000 21.0000 0
48.4000 237.0000 0
45.0000 232.5000 0
58.2000 73.2000 0
60.3000 66.9000 0
303.2000 32.1000 0
309.0000 35.8000 0
253.5000 328.8000 0
254.4000 324.0000 0
263.7000 125.5000 0
262.7000 130.8000 0
128.1000 297.8000 0
131.9000 294.9000 0
313.9000 96.6000 0
309.3000 99.4000 0
272.7000 19.0000 0
277.1000 20.9000 0
127.3000 287.5000 0
127.7000 282.1000 0
276.6000 102.7000 0
271.2000 99.9000 0
19.4000 64.7000 0
24.4000 66.5000 0
262.9000 89.7000 0
262.4000 93.7000 0
323.9000 275.9000 0
319.5000 274.0000 0
10.2000 71.4000 0
4.4000 67.0000 0
82.8000 311.3000 0
82.6000 306.2000 0
0.1000 39.1000 0
4.9000 41.1000 0
261.5000 237.4000 0
267.0000 237.3000 0
276.5000 15.3000 0
276.8000 9.9000 0
259.7000 285.0000 0
254.8000 282.4000 0
42.2000 266.2000 0
43.0000 270.9000 0
263.5000 62.3000 0
268.1000 59.8000 0
180.7000 304.0000 0
179.8000 298.5000 0
310.5000 176.4000 0
306.4000 174.4000 0
258.0000 129.3000 0
257.1000 134.2000 0
310.6000 198.1000 0
303.3000 198.9000 0
285.3000 231.3000 0
282.7000 235.9000 0
196.0000 244.9000 0
191.3000 242.7000 0
264.0000 12.9000 0
258.7000 10.4000 0
281.6000 30.2000 0
285.8000 27.4000 0
52.0000 28.6000 0
47.5000 31.5000 0
38.7000 251.8000 0
43.4000 252.3000 0
79.5000 28.6000 0
81.4000 22.7000 0
244.2000 24.1000 0
240.2000 21.8000 0
245.2000 38.4000 0
245.2000 46.4000 0
326.5000 47.2000 0
327.1000 41.6000 0
272.0000 169.4000 0
273.3000 175.3000 0
303.8000 108.0000 0
299.0000 104.6000 0
5.5000 135.4000 0
6.4000 130.9000 0
39.4000 103.2000 0
40.6000 95.0000 0
313.8000 38.0000 0
308.6000 40.9000 0
304.4000 37.3000 0
299.9000 35.1000 0
244.8000 89.3000 0
248.7000 86.4000 0
265.5000 145.0000 0
269.6000 147.8000 0
223.6000 227.7000 0
226.9000 233.9000 0
248.9000 326.7000 0
244.9000 324.6000 0
275.1000 204.3000 0
272.8000 208.1000 0
273.3000 271.7000 0
276.3000 276.0000 0
53.7000 40.4000 0
48.6000 37.1000 0
44.8000 45.5000 0
47.8000 41.7000 0
318.0000 52.3000 0
318.0000 46.1000 0
239.1000 327.5000 0
234.4000 325.2000 0
78.1000 248.5000 0
82.8000 249.9000 0
273.6000 151.9000 0
271.8000 156.6000 0
18.8000 139.3000 0
18.3000 131.8000 0
224.9000 0.3000 0
220.4000 330.3000 0
146.3000 297.5000 0
140.2000 300.6000 0
95.8000 298.4000 0
86.3000 294.0000 0
12.9000 265.5000 0
15.4000 262.7000 0
314.7000 253.0000 0
309.3000 253.4000 0
307.1000 230.5000 0
304.7000 235.4000 0
32.6000 312.0000 0
37.9000 315.3000 0
305.2000 137.5000 0
296.1000 136.9000 0
129.1000 325.1000 0
124.4000 323.2000 0
245.3000 71.2000 0
241.7000 75.3000 0
318.8000 171.3000 0
317.3000 166.3000 0
281.1000 265.7000 0
281.7000 275.6000 0
232.0000 184.9000 0
237.2000 186.2000 0
65.8000 329.1000 0
62.3000 0.3000 0
249.2000 164.7000 0
244.1000 161.9000 0
225.9000 319.6000 0
222.1000 322.3000 0
93.3000 283.0000 0
89.3000 280.1000 0
209.8000 253.8000 0
214.3000 253.8000 0
230.4000 321.8000 0
234.0000 318.7000 0
115.1000 14.3000 0
110.4000 11.9000 0
12.9000 25.0000 0
19.6000 28.0000 0
283.4000 160.3000 0
286.2000 165.4000 0
313.5000 60.1000 0
318.1000 63.1000 0
312.1000 26.7000 0
317.0000 23.9000 0
261.6000 329.2000 0
257.2000 0.9000 0
28.9000 320.5000 0
23.7000 317.0000 0
216.3000 303.0000 0
212.5000 300.5000 0
134.6000 265.7000 0
134.7000 261.1000 0
110.7000 1.2000 0
106.4000 330.1000 0
294.3000 102.2000 0
290.0000 99.2000 0
159.3000 47.3000 0
154.5000 39.1000 0
285.7000 307.0000 0
279.0000 318.6000 0
204.5000 266.3000 0
205.3000 260.7000 0
6.1000 170.4000 0
4.0000 164.3000 0
216.6000 261.8000 0
218.8000 255.7000 0
159.0000 282.6000 0
160.8000 287.9000 0
324.0000 140.5000 0
319.0000 143.6000 0
322.4000 81.8000 0
321.7000 87.0000 0
308.7000 45.5000 0
312.4000 48.4000 0
262.9000 232.4000 0
261.3000 227.8000 0
318.9000 110.4000 0
313.4000 107.2000 0
5.5000 62.8000 0
10.1000 60.6000 0
22.9000 236.1000 0
18.0000 236.6000 0
259.9000 268.9000 0
264.1000 273.2000 0
140.7000 248.4000 0
144.6000 251.6000 0
46.2000 119.6000 0
42.3000 117.1000 0
93.3000 261.0000 0
93.1000 256.1000 0
302.8000 53.9000 0
298.8000 56.5000 0
92.4000 61.5000 0
87.7000 59.1000 0
233.7000 256.0000 0
231.9000 250.8000 0
20.2000 92.2000 0
14.3000 89.5000 0
181.8000 248.3000 0
183.1000 253.1000 0
324.4000 129.8000 0
329.1000 130.7000 0
263.4000 52.0000 0
263.8000 57.8000 0
249.9000 26.6000 0
249.9000 21.7000 0
91.8000 66.4000 0
99.8000 65.1000 0
4.9000 36.5000 0
9.0000 32.6000 0
142.2000 294.8000 0
137.6000 288.2000 0
83.9000 272.8000 0
78.6000 269.8000 0
165.1000 311.9000 0
165.2000 317.3000 0
92.5000 328.2000 0
96.2000 324.8000 0
122.8000 302.3000 0
127.3000 304.6000 0
12.2000 191.0000 0
16.8000 189.7000 0
275.8000 195.1000 0
271.5000 196.2000 0
108.7000 289.5000 0
108.7000 284.2000 0
319.3000 131.0000 0
319.7000 135.9000 0
272.5000 56.6000 0
272.1000 62.2000 0
59.7000 293.9000 0
59.6000 288.8000 0
234.4000 313.4000 0
239.9000 311.8000 0
75.0000 48.0000 0
75.0000 52.7000 0
257.1000 189.9000 0
262.1000 191.1000 0
275.0000 258.3000 0
271.5000 254.0000 0
310.0000 244.3000 0
314.6000 244.1000 0
21.6000 269.8000 0
25.0000 272.1000 0
20.6000 255.7000 0
20.6000 260.8000 0
284.9000 194.1000 0
280.6000 195.9000 0
116.9000 288.3000 0
117.1000 284.2000 0
125.4000 239.2000 0
127.4000 244.8000 0
227.4000 57.7000 0
228.5000 53.0000 0
276.8000 49.9000 0
272.1000 52.0000 0
204.6000 226.0000 0
203.1000 221.1000 0
206.8000 297.7000 0
202.7000 295.5000 0
186.9000 256.4000 0
191.5000 252.4000 0
266.8000 299.2000 0
268.7000 296.1000 0
72.8000 291.2000 0
72.5000 297.3000 0
23.8000 116.4000 0
18.8000 121.7000 0
14.9000 3.3000 0
13.5000 329.0000 0
268.2000 21.7000 0
263.8000 25.2000 0
14.8000 62.6000 0
14.9000 56.2000 0
229.4000 315.9000 0
225.7000 312.5000 0
295.0000 118.9000 0
294.5000 112.2000 0
250.9000 254.7000 0
253.2000 250.1000 0
258.8000 223.5000 0
261.7000 218.3000 0
221.6000 289.6000 0
216.8000 292.0000 0
250.6000 245.5000 0
253.3000 241.0000 0
310.9000 270.2000 0
309.4000 263.1000 0
289.8000 194.5000 0
288.8000 190.1000 0
14.7000 14.1000 0
18.6000 12.1000 0
276.4000 124.5000 0
276.3000 118.2000 0
258.1000 250.2000 0
256.4000 254.8000 0
73.3000 3.0000 0
73.7000 329.1000 0
242.2000 250.8000 0
240.1000 255.4000 0
309.9000 132.6000 0
314.9000 128.6000 0
16.0000 216.8000 0
21.6000 217.4000 0
181.9000 233.2000 0
181.0000 228.0000 0
330.7000 22.2000 0
326.5000 24.6000 0
285.7000 49.1000 0
281.1000 52.2000 0
233.4000 80.5000 0
237.0000 76.2000 0
106.3000 273.3000 0
113.0000 275.0000 0
326.1000 226.6000 0
323.3000 222.2000 0
303.9000 27.5000 0
303.1000 22.1000 0
298.6000 198.8000 0
302.1000 204.0000 0
240.8000 37.1000 0
236.9000 35.4000 0
216.4000 314.0000 0
220.0000 311.2000 0
298.9000 4.7000 0
304.3000 329.8000 0
241.6000 176.9000 0
244.9000 180.9000 0
296.2000 38.2000 0
294.2000 42.6000 0
329.1000 299.4000 0
327.7000 293.5000 0
320.5000 162.6000 0
318.8000 156.7000 0
180.6000 308.9000 0
184.5000 312.4000 0
50.4000 322.1000 0
47.5000 318.4000 0
254.9000 61.5000 0
255.0000 56.8000 0
122.8000 312.6000 0
128.4000 315.6000 0
280.3000 222.3000 0
277.3000 218.7000 0
330.7000 10.2000 0
5.6000 8.2000 0
100.3000 255.5000 0
98.4000 259.0000 0
23.9000 307.1000 0
19.8000 309.5000 0
329.4000 253.2000 0
328.5000 248.6000 0
45.3000 4.6000 0
41.7000 8.5000 0
250.2000 11.8000 0
253.8000 14.2000 0
317.6000 115.0000 0
312.7000 117.6000 0
327.2000 177.7000 0
323.4000 181.3000 0
179.4000 325.4000 0
184.2000 316.9000 0
135.7000 56.8000 0
133.9000 61.6000 0
169.7000 294.7000 0
164.3000 296.2000 0
304.4000 146.4000 0
306.0000 151.2000 0
70.1000 6.6000 0
64.9000 5.3000 0
270.3000 214.1000 0
275.1000 213.9000 0
8.6000 49.9000 0
9.5000 43.3000 0
310.2000 225.2000 0
315.5000 226.7000 0
11.9000 270.6000 0
7.5000 268.5000 0
29.3000 63.4000 0
34.1000 66.2000 0
25.0000 240.3000 0
27.9000 236.4000 0
291.2000 203.5000 0
288.0000 199.9000 0
240.3000 89.9000 0
234.9000 90.7000 0
24.0000 203.2000 0
19.9000 202.8000 0
284.6000 76.1000 0
288.7000 77.9000 0
305.5000 123.7000 0
301.0000 126.6000 0
55.7000 252.2000 0
55.8000 257.6000 0
131.1000 253.2000 0
120.2000 253.4000 0
258.9000 32.9000 0
259.7000 26.9000 0
289.2000 216.8000 0
283.6000 216.7000 0
207.4000 319.5000 0
202.0000 321.9000 0
234.8000 85.8000 0
229.9000 83.8000 0
256.4000 108.0000 0
261.0000 105.2000 0
125.5000 255.1000 0
121.3000 258.5000 0
72.6000 302.5000 0
68.0000 305.1000 0
146.9000 318.1000 0
148.0000 313.5000 0
14.5000 36.0000 0
12.9000 30.7000 0
30.8000 290.5000 0
27.8000 294.1000 0
227.0000 281.5000 0
225.0000 276.9000 0
304.0000 189.9000 0
300.9000 184.9000 0
226.0000 66.2000 0
226.7000 74.4000 0
43.0000 261.1000 0
41.1000 256.3000 0
276.6000 128.8000 0
271.8000 125.4000 0
286.5000 267.7000 0
283.7000 261.5000 0
193.8000 291.7000 0
189.3000 293.3000 0
138.6000 323.8000 0
132.9000 322.4000 0
130.2000 319.3000 0
133.1000 316.8000 0
133.9000 13.7000 0
130.1000 11.0000 0
290.7000 140.7000 0
285.8000 140.4000 0
135.3000 250.7000 0
130.1000 248.8000 0
15.9000 273.8000 0
11.2000 276.3000 0
60.1000 300.2000 0
64.7000 297.5000 0
42.2000 317.3000 0
41.4000 311.8000 0
304.8000 132.8000 0
304.1000 128.9000 0
246.0000 282.6000 0
240.7000 284.7000 0
259.3000 279.6000 0
260.0000 274.5000 0
272.8000 121.3000 0
267.9000 123.4000 0
169.8000 229.3000 0
177.9000 234.0000 0
319.0000 101.1000 0
318.5000 105.5000 0
18.6000 53.9000 0
19.2000 47.9000 0
276.7000 169.7000 0
282.8000 169.3000 0
189.2000 298.4000 0
185.6000 302.1000 0
294.0000 54.3000 0
289.1000 51.4000 0
39.3000 55.0000 0
35.2000 54.9000 0
2.9000 270.5000 0
329.4000 273.3000 0
278.1000 328.2000 0
273.5000 2.6000 0
76.2000 245.0000 0
71.7000 243.5000 0
14.1000 317.5000 0
18.7000 316.1000 0
301.2000 194.1000 0
296.7000 194.4000 0
0.4000 235.2000 0
3.5000 231.7000 0
37.1000 293.1000 0
32.0000 296.8000 0
3.7000 19.4000 0
330.9000 15.6000 0
257.1000 102.4000 0
252.7000 99.8000 0
326.8000 72.9000 0
321.8000 75.8000 0
330.9000 44.6000 0
4.8000 47.3000 0
64.4000 323.9000 0
59.5000 322.1000 0
304.0000 253.1000 0
301.0000 256.8000 0
168.7000 263.1000 0
172.8000 265.4000 0
84.3000 277.7000 0
84.8000 282.8000 0
267.7000 64.6000 0
263.5000 67.4000 0
70.6000 275.4000 0
66.2000 273.6000 0
242.4000 264.8000 0
246.9000 266.3000 0
233.9000 218.9000 0
231.5000 214.8000 0
6.7000 284.4000 0
6.1000 289.2000 0
10.0000 11.9000 0
10.6000 6.8000 0
176.7000 301.0000 0
170.9000 299.2000 0
272.3000 299.5000 0
264.3000 303.3000 0
119.3000 310.6000 0
118.8000 316.6000 0
302.0000 222.0000 0
300.1000 226.7000 0
282.0000 313.8000 0
280.8000 305.9000 0
229.4000 78.8000 0
227.0000 82.7000 0
288.0000 170.3000 0
293.1000 171.2000 0
50.9000 53.8000 0
47.6000 50.4000 0
299.0000 13.2000 0
303.8000 10.9000 0
43.0000 23.6000 0
37.3000 22.0000 0
87.9000 314.1000 0
82.7000 317.9000 0
286.1000 220.7000 0
282.4000 227.1000 0
188.0000 226.3000 0
183.1000 224.4000 0
97.2000 15.5000 0
101.4000 13.0000 0
59.6000 310.7000 0
60.5000 305.7000 0
117.8000 293.4000 0
114.1000 297.4000 0
125.1000 328.7000 0
120.2000 326.4000 0
326.4000 216.2000 0
320.9000 217.5000 0
250.1000 6.5000 0
254.3000 8.2000 0
160.0000 293.8000 0
155.8000 291.5000 0
221.5000 65.2000 0
218.1000 68.6000 0
37.6000 320.0000 0
31.5000 323.9000 0
327.3000 105.1000 0
323.3000 102.3000 0
144.2000 265.8000 0
145.5000 271.4000 0
187.0000 266.9000 0
192.2000 269.9000 0
246.9000 102.0000 0
253.7000 105.8000 0
8.3000 139.5000 0
3.3000 140.9000 0
39.1000 221.4000 0
40.7000 216.2000 0
226.9000 30.6000 0
222.5000 32.6000 0
111.7000 79.7000 0
119.2000 87.7000 0
69.5000 325.4000 0
74.0000 323.9000 0
128.7000 0.8000 0
133.9000 326.6000 0
193.4000 318.0000 0
193.1000 323.7000 0
174.9000 322.4000 0
169.2000 325.6000 0
250.3000 284.9000 0
255.4000 287.1000 0
5.3000 226.7000 0
12.4000 227.7000 0
56.1000 9.2000 0
51.3000 10.7000 0
280.6000 104.4000 0
276.1000 108.2000 0
226.3000 100.6000 0
219.6000 98.7000 0
216.1000 232.9000 0
218.9000 227.8000 0
75.5000 262.0000 0
74.8000 257.1000 0
143.9000 260.9000 0
144.2000 256.0000 0
262.8000 154.8000 0
261.8000 160.6000 0
239.4000 6.7000 0
239.8000 1.3000 0
272.0000 89.7000 0
272.0000 94.5000 0
21.4000 290.9000 0
26.0000 289.2000 0
244.4000 52.0000 0
248.9000 54.2000 0
2.3000 123.5000 0
328.7000 125.8000 0
285.3000 257.1000 0
288.3000 252.6000 0
26.1000 218.0000 0
23.9000 222.3000 0
45.4000 330.6000 0
50.2000 1.4000 0
69.6000 309.9000 0
73.6000 307.1000 0
96.5000 309.6000 0
96.7000 314.8000 0
300.8000 266.1000 0
304.2000 261.8000 0
256.9000 297.0000 0
249.1000 294.7000 0
16.1000 289.6000 0
10.0000 292.7000 0
89.8000 27.4000 0
85.1000 25.3000 0
321.4000 55.1000 0
317.9000 57.6000 0
229.5000 2.9000 0
224.4000 6.3000 0
288.2000 243.7000 0
281.8000 244.7000 0
264.7000 318.6000 0
268.1000 314.6000 0
299.5000 328.4000 0
294.6000 0.1000 0
254.3000 319.9000 0
254.9000 314.7000 0
83.8000 260.0000 0
79.1000 258.5000 0
97.2000 330.0000 0
96.4000 5.0000 0
281.7000 145.6000 0
284.8000 150.9000 0
314.8000 161.5000 0
309.4000 162.1000 0
291.8000 155.2000 0
286.4000 155.6000 0
198.2000 188.8000 0
210.4000 187.8000 0
276.8000 244.9000 0
274.8000 249.8000 0
127.8000 292.3000 0
132.1000 290.2000 0
149.8000 243.7000 0
144.0000 240.7000 0
252.8000 115.0000 0
257.0000 112.7000 0
5.3000 217.6000 0
8.5000 213.2000 0
43.0000 71.9000 0
48.5000 71.7000 0
245.2000 166.9000 0
244.4000 173.3000 0
63.5000 319.0000 0
70.0000 315.7000 0
202.4000 305.4000 0
206.7000 308.1000 0
276.8000 179.0000 0
282.3000 180.2000 0
262.6000 84.2000 0
257.8000 85.2000 0
275.7000 139.4000 0
271.4000 142.4000 0
330.3000 158.5000 0
325.2000 163.4000 0
10.7000 102.4000 0
10.0000 97.8000 0
305.8000 185.3000 0
304.0000 181.2000 0
75.4000 272.7000 0
70.5000 270.9000 0
328.2000 120.8000 0
324.0000 123.6000 0
10.5000 92.6000 0
5.1000 95.7000 0
252.9000 94.5000 0
248.4000 96.9000 0
230.4000 17.9000 0
232.2000 22.5000 0
296.6000 211.5000 0
299.1000 215.8000 0
69.6000 63.1000 0
72.0000 68.4000 0
11.5000 245.2000 0
16.4000 246.4000 0
289.9000 61.5000 0
295.6000 59.9000 0
294.7000 91.1000 0
294.6000 97.0000 0
27.6000 23.6000 0
32.1000 20.3000 0
263.7000 47.4000 0
267.6000 50.2000 0
141.0000 284.5000 0
141.8000 290.1000 0
131.7000 285.0000 0
137.0000 282.2000 0
294.8000 16.1000 0
299.3000 18.2000 0
82.6000 45.2000 0
82.9000 48.4000 0
328.8000 262.4000 0
326.6000 257.9000 0
26.1000 59.6000 0
23.1000 56.0000 0
68.7000 294.8000 0
64.1000 292.5000 0
261.5000 199.4000 0
258.5000 203.5000 0
50.9000 77.0000 1
47.1000 77.4000 1
201.3000 135.0000 1
188.4000 127.1000 1
127.0000 119.6000 1
126.7000 124.8000 1
70.5000 133.8000 1
58.9000 119.7000 1
92.8000 96.2000 1
96.7000 95.0000 1
159.1000 223.4000 1
163.9000 218.0000 1
122.4000 92.2000 1
113.4000 93.7000 1
183.2000 14.0000 1
176.3000 24.7000 1
69.4000 212.3000 1
68.9000 204.3000 1
119.6000 249.0000 1
112.4000 243.4000 1
34.6000 133.1000 1
27.8000 137.2000 1
12.6000 155.8000 1
6.7000 154.8000 1
59.4000 170.2000 1
58.1000 172.7000 1
137.6000 203.8000 1
147.8000 206.1000 1
68.3000 200.3000 1
78.5000 191.8000 1
102.0000 124.7000 1
91.1000 130.9000 1
87.1000 53.7000 1
84.5000 64.5000 1
294.0000 312.7000 1
287.9000 313.7000 1
178.6000 92.2000 1
168.3000 92.0000 1
153.9000 20.3000 1
157.5000 9.9000 1
116.0000 148.3000 1
118.6000 156.1000 1
233.0000 108.1000 1
217.6000 103.6000 1
130.7000 186.3000 1
139.8000 188.9000 1
325.0000 325.1000 1
320.0000 327.7000 1
193.3000 137.4000 1
186.2000 139.8000 1
290.0000 322.8000 1
288.4000 318.1000 1
96.4000 85.3000 1
85.5000 88.2000 1
171.8000 11.5000 1
178.1000 15.8000 1
140.9000 126.7000 1
137.0000 129.8000 1
53.5000 196.9000 1
62.6000 198.6000 1
105.7000 36.4000 1
99.8000 37.6000 1
181.1000 101.1000 1
183.6000 110.5000 1
212.1000 94.6000 1
209.7000 87.6000 1
171.2000 97.0000 1
179.8000 101.7000 1
183.7000 181.7000 1
186.8000 171.2000 1
206.1000 177.3000 1
215.5000 184.5000 1
164.4000 234.2000 1
168.8000 235.4000 1
234.4000 143.4000 1
234.3000 157.4000 1
94.0000 135.0000 1
106.0000 137.2000 1
230.2000 153.2000 1
219.3000 153.5000 1
152.7000 145.2000 1
145.6000 142.1000 1
84.4000 96.1000 1
96.6000 99.8000 1
94.1000 181.6000 1
102.4000 186.7000 1
224.5000 109.7000 1
216.5000 108.0000 1
76.7000 162.1000 1
76.3000 150.7000 1
83.8000 228.1000 1
85.3000 215.4000 1
63.8000 166.3000 1
64.4000 159.9000 1
183.9000 18.2000 1
181.5000 9.4000 1
135.7000 24.8000 1
131.6000 20.7000 1
136.9000 183.0000 1
147.0000 186.8000 1
176.4000 118.5000 1
161.7000 112.8000 1
169.4000 169.2000 1
158.1000 173.9000 1
173.2000 64.7000 1
164.3000 69.4000 1
194.5000 121.7000 1
197.5000 126.2000 1
125.4000 84.8000 1
113.9000 88.8000 1
289.3000 288.9000 1
299.4000 286.5000 1
124.9000 25.7000 1
119.2000 29.8000 1
154.5000 88.0000 1
149.1000 95.0000 1
19.3000 172.5000 1
17.1000 176.4000 1
133.0000 88.8000 1
137.8000 87.3000 1
187.9000 46.9000 1
181.2000 53.3000 1
83.0000 218.9000 1
78.1000 219.2000 1
149.2000 177.1000 1
158.4000 179.6000 1
151.8000 217.6000 1
153.7000 220.4000 1
216.5000 145.3000 1
228.0000 151.1000 1
118.1000 261.8000 1
109.4000 259.6000 1
114.4000 245.6000 1
116.3000 257.4000 1
26.7000 169.9000 1
22.4000 179.1000 1
100.2000 60.6000 1
100.9000 57.2000 1
238.9000 128.3000 1
237.7000 134.6000 1
212.5000 135.2000 1
223.7000 150.2000 1
98.6000 100.5000 1
91.3000 105.6000 1
119.4000 179.0000 1
120.2000 171.1000 1
54.1000 72.2000 1
52.9000 81.6000 1
288.2000 327.2000 1
285.5000 325.0000 1
165.3000 35.3000 1
161.2000 41.3000 1
157.5000 194.9000 1
156.4000 190.6000 1
108.6000 148.9000 1
112.1000 140.0000 1
140.2000 114.9000 1
146.9000 111.5000 1
203.7000 34.1000 1
201.6000 30.8000 1
87.1000 251.4000 1
90.9000 248.3000 1
99.6000 174.3000 1
91.3000 173.5000 1
94.8000 207.4000 1
96.9000 219.0000 1
12.0000 181.0000 1
7.3000 174.7000 1
216.2000 161.7000 1
203.5000 155.9000 1
217.5000 169.0000 1
215.1000 176.4000 1
71.3000 226.7000 1
66.1000 233.1000 1
115.2000 38.7000 1
115.0000 38.7000 1
177.0000 193.3000 1
185.5000 190.7000 1
7.2000 311.7000 1
5.9000 314.6000 1
179.6000 108.2000 1
174.8000 115.2000 1
8.8000 154.4000 1
17.5000 158.4000 1
190.6000 197.8000 1
189.9000 192.8000 1
172.0000 179.6000 1
172.9000 186.3000 1
82.9000 64.2000 1
81.3000 58.7000 1
178.8000 168.5000 1
173.2000 176.1000 1
0.5000 324.1000 1
4.0000 327.2000 1
152.3000 14.4000 1
148.2000 11.9000 1
204.6000 79.0000 1
203.6000 71.6000 1
329.4000 328.0000 1
7.5000 324.3000 1
154.8000 78.3000 1
151.4000 85.4000 1
178.6000 127.9000 1
174.1000 125.8000 1
317.9000 306.5000 1
319.1000 318.7000 1
65.5000 79.8000 1
73.9000 83.6000 1
34.5000 123.4000 1
43.4000 124.0000 1
226.7000 142.4000 1
218.6000 137.1000 1
67.9000 169.4000 1
69.4000 164.7000 1
311.8000 0.7000 1
322.2000 323.4000 1
140.7000 83.3000 1
144.1000 91.2000 1
137.6000 32.1000 1
133.5000 32.5000 1
67.8000 123.7000 1
63.7000 117.5000 1
156.9000 236.6000 1
148.3000 234.6000 1
208.4000 46.7000 1
198.8000 36.0000 1
91.1000 86.6000 1
94.0000 81.1000 1
142.6000 59.0000 1
145.9000 55.1000 1
303.7000 305.1000 1
311.1000 312.9000 1
106.4000 132.0000 1
108.4000 143.4000 1
146.3000 149.5000 1
159.4000 140.2000 1
96.2000 235.1000 1
103.8000 225.2000 1
193.7000 28.6000 1
184.5000 26.0000 1
15.5000 125.3000 1
29.3000 139.7000 1
285.4000 286.1000 1
282.1000 281.7000 1
184.5000 213.1000 1
191.8000 203.1000 1
262.0000 324.9000 1
275.4000 318.8000 1
118.6000 191.6000 1
118.2000 203.6000 1
74.8000 126.9000 1
68.8000 128.7000 1
70.5000 115.8000 1
77.3000 105.6000 1
34.0000 160.7000 1
29.2000 159.7000 1
75.6000 148.9000 1
64.7000 141.8000 1
84.5000 185.1000 1
86.1000 189.8000 1
154.8000 80.4000 1
159.2000 82.2000 1
197.8000 146.9000 1
193.3000 156.0000 1
19.4000 112.3000 1
20.4000 117.9000 1
118.0000 146.4000 1
128.7000 156.2000 1
167.9000 220.1000 1
162.0000 212.4000 1
321.8000 304.3000 1
320.0000 300.1000 1
70.6000 207.5000 1
62.0000 213.0000 1
86.6000 194.1000 1
96.8000 198.6000 1
198.4000 158.6000 1
204.5000 147.4000 1
172.8000 210.9000 1
173.6000 215.8000 1
201.3000 118.0000 1
205.5000 114.8000 1
249.2000 117.9000 1
244.5000 116.1000 1
184.6000 130.0000 1
182.2000 139.1000 1
97.6000 242.1000 1
105.0000 238.1000 1
114.7000 106.1000 1
122.5000 110.0000 1
51.9000 143.7000 1
49.0000 139.6000 1
135.6000 18.7000 1
141.3000 28.2000 1
112.9000 59.6000 1
112.7000 65.7000 1
191.1000 214.6000 1
193.5000 211.4000 1
79.4000 246.7000 1
87.0000 241.2000 1
49.8000 166.8000 1
53.4000 166.2000 1
134.7000 204.6000 1
123.5000 205.2000 1
204.1000 139.2000 1
208.1000 144.1000 1
307.9000 329.3000 1
301.6000 318.6000 1
225.4000 166.4000 1
219.8000 173.9000 1
148.8000 178.6000 1
149.2000 191.5000 1
225.5000 130.1000 1
225.5000 135.1000 1
190.0000 110.9000 1
195.8000 117.5000 1
163.8000 96.1000 1
164.4000 101.8000 1
102.8000 156.8000 1
108.6000 154.4000 1
124.6000 157.3000 1
128.7000 140.8000 1
78.2000 96.3000 1
76.0000 101.0000 1
205.0000 51.5000 1
199.3000 45.4000 1
122.5000 130.8000 1
127.1000 137.4000 1
46.5000 216.9000 1
54.1000 218.9000 1
234.9000 162.7000 1
230.4000 160.2000 1
136.7000 146.7000 1
139.3000 149.0000 1
203.0000 160.8000 1
208.2000 157.3000 1
48.1000 151.7000 1
54.8000 149.7000 1
184.1000 186.1000 1
187.7000 193.9000 1
164.8000 139.7000 1
169.9000 142.2000 1
226.5000 178.0000 1
227.9000 181.9000 1
149.2000 81.0000 1
156.8000 67.4000 1
84.0000 108.8000 1
89.0000 108.5000 1
221.3000 85.9000 1
227.0000 92.8000 1
149.3000 229.1000 1
142.8000 226.6000 1
145.2000 330.2000 1
143.0000 1.5000 1
191.8000 107.5000 1
195.8000 104.3000 1
169.4000 239.6000 1
164.5000 241.6000 1
290.7000 270.9000 1
295.9000 266.9000 1
109.8000 52.3000 1
101.7000 46.3000 1
88.7000 237.3000 1
80.6000 235.7000 1
120.5000 82.4000 1
116.4000 78.3000 1
126.2000 100.3000 1
136.3000 95.4000 1
53.4000 105.7000 1
46.9000 105.7000 1
57.7000 114.8000 1
47.6000 112.7000 1
130.7000 158.8000 1
123.7000 162.1000 1
178.6000 74.5000 1
180.1000 68.6000 1
96.6000 278.8000 1
98.7000 273.1000 1
92.9000 75.8000 1
100.2000 73.3000 1
219.4000 102.6000 1
211.9000 101.9000 1
169.9000 27.7000 1
173.8000 20.8000 1
245.0000 296.6000 1
239.8000 302.1000 1
190.5000 95.9000 1
186.9000 93.6000 1
164.4000 21.1000 1
162.7000 26.1000 1
31.7000 118.6000 1
31.6000 108.6000 1
23.7000 183.5000 1
31.5000 186.6000 1
141.5000 29.2000 1
147.2000 22.8000 1
278.0000 270.4000 1
277.1000 282.7000 1
122.9000 135.5000 1
127.0000 129.7000 1
97.4000 113.2000 1
94.0000 121.6000 1
134.0000 44.6000 1
125.8000 48.5000 1
213.3000 72.4000 1
217.5000 73.7000 1
196.9000 7.1000 1
189.6000 6.6000 1
149.1000 213.4000 1
150.3000 198.1000 1
48.9000 97.3000 1
47.3000 88.4000 1
155.3000 56.5000 1
164.3000 48.6000 1
63.0000 179.9000 1
55.8000 188.6000 1
36.3000 202.1000 1
39.4000 195.0000 1
12.7000 176.9000 1
14.4000 169.3000 1
211.4000 199.8000 1
210.5000 205.9000 1
190.2000 202.7000 1
185.6000 207.4000 1
219.0000 206.7000 1
224.2000 198.6000 1
104.6000 58.8000 1
99.4000 68.3000 1
135.9000 198.4000 1
142.9000 194.4000 1
165.4000 230.7000 1
172.0000 227.1000 1
156.5000 109.4000 1
165.2000 106.9000 1
22.6000 152.2000 1
12.8000 142.7000 1
99.4000 234.5000 1
93.3000 243.9000 1
180.0000 73.8000 1
187.2000 81.7000 1
178.3000 64.4000 1
189.6000 58.6000 1
172.8000 31.0000 1
189.8000 29.6000 1
212.5000 69.4000 1
205.6000 64.2000 1
193.8000 42.3000 1
188.4000 35.9000 1
152.9000 102.8000 1
156.3000 98.2000 1
51.1000 115.7000 1
61.9000 125.1000 1
168.8000 224.0000 1
172.4000 220.6000 1
82.7000 117.0000 1
82.9000 127.4000 1
138.6000 208.4000 1
138.2000 223.6000 1
50.6000 88.3000 1
61.6000 82.2000 1
73.4000 228.7000 1
75.4000 224.9000 1
184.9000 71.0000 1
189.2000 69.7000 1
98.2000 131.7000 1
82.2000 137.8000 1
325.8000 3.5000 1
322.8000 6.5000 1
145.0000 77.5000 1
132.4000 77.7000 1
197.4000 14.3000 1
202.6000 23.9000 1
74.4000 87.2000 1
70.8000 78.8000 1
304.5000 286.7000 1
308.6000 289.2000 1
147.2000 60.3000 1
138.8000 63.5000 1
81.6000 179.4000 1
79.4000 174.6000 1
90.8000 233.7000 1
94.4000 237.0000 1
197.4000 21.5000 1
188.7000 19.6000 1
88.9000 146.2000 1
80.8000 139.4000 1
89.8000 185.5000 1
92.6000 194.2000 1
46.1000 207.8000 1
39.8000 203.9000 1
160.3000 30.5000 1
158.7000 24.5000 1
112.3000 206.1000 1
116.5000 198.6000 1
325.8000 308.6000 1
326.7000 320.3000 1
110.3000 232.3000 1
117.8000 229.6000 1
185.3000 157.8000 1
187.2000 163.4000 1
164.5000 192.0000 1
171.5000 191.9000 1
127.1000 233.1000 1
115.9000 238.0000 1
10.2000 297.3000 1
13.2000 301.3000 1
224.9000 61.1000 1
219.9000 59.9000 1
99.5000 141.9000 1
101.0000 147.4000 1
94.0000 141.5000 1
90.3000 142.5000 1
54.4000 180.1000 1
49.6000 179.5000 1
165.5000 5.7000 1
175.1000 2.1000 1
138.0000 105.8000 1
142.3000 107.8000 1
87.7000 126.3000 1
75.9000 132.3000 1
236.6000 120.1000 1
237.0000 120.9000 1
167.2000 155.3000 1
155.6000 150.5000 1
178.4000 144.7000 1
171.5000 136.1000 1
272.6000 314.1000 1
279.1000 310.1000 1
249.7000 270.7000 1
255.5000 272.6000 1
197.3000 90.0000 1
192.6000 91.4000 1
133.3000 104.6000 1
138.2000 114.2000 1
87.3000 221.0000 1
89.1000 216.9000 1
172.2000 45.9000 1
166.1000 41.9000 1
62.5000 93.3000 1
57.6000 88.3000 1
134.1000 226.9000 1
140.7000 222.2000 1
304.0000 298.7000 1
296.1000 313.7000 1
132.8000 64.9000 1
127.8000 80.6000 1
192.5000 52.2000 1
190.3000 40.2000 1
153.7000 232.3000 1
156.8000 227.2000 1
142.5000 98.2000 1
141.8000 93.7000 1
63.7000 220.5000 1
58.0000 222.9000 1
12.5000 307.9000 1
6.2000 302.8000 1
115.5000 206.6000 1
119.9000 210.2000 1
84.7000 214.6000 1
78.2000 207.2000 1
150.4000 184.7000 1
152.9000 180.8000 1
37.5000 194.5000 1
34.0000 192.3000 1
162.5000 115.8000 1
157.4000 114.6000 1
197.4000 328.3000 1
197.2000 322.2000 1
63.8000 210.3000 1
79.2000 215.8000 1
268.2000 322.5000 1
279.4000 324.0000 1
63.5000 194.2000 1
65.1000 188.6000 1
52.7000 158.6000 1
53.7000 160.7000 1
209.0000 106.0000 1
205.0000 95.3000 1
72.6000 235.2000 1
76.3000 240.4000 1
298.1000 271.4000 1
299.8000 279.0000 1
240.1000 138.9000 1
233.7000 138.0000 1
152.5000 159.8000 1
145.4000 155.9000 1
177.4000 160.4000 1
176.7000 152.4000 1
80.8000 113.9000 1
75.5000 114.7000 1
204.6000 179.6000 1
193.7000 170.2000 1
232.2000 118.8000 1
226.0000 115.3000 1
233.4000 129.6000 1
229.0000 138.5000 1
167.9000 129.6000 1
168.0000 117.8000 1
116.7000 47.0000 1
124.1000 43.5000 1
115.7000 100.9000 1
110.5000 98.3000 1
59.0000 129.1000 1
52.2000 127.5000 1
144.3000 206.9000 1
143.2000 215.8000 1
11.2000 163.9000 1
20.7000 159.8000 1
188.1000 11.3000 1
197.5000 16.6000 1
118.7000 123.7000 1
109.4000 133.0000 1
110.7000 239.0000 1
120.3000 238.8000 1
109.2000 225.4000 1
114.1000 226.5000 1
67.3000 120.8000 1
86.5000 120.2000 1
284.6000 290.6000 1
290.5000 292.7000 1
88.6000 202.3000 1
89.3000 211.5000 1
13.6000 311.4000 1
8.7000 310.6000 1
90.3000 156.8000 1
86.5000 151.9000 1
174.2000 7.0000 1
181.3000 0.7000 1
24.8000 111.7000 1
26.7000 108.9000 1
312.8000 305.5000 1
308.0000 307.6000 1
49.5000 125.1000 1
35.7000 128.7000 1
240.8000 104.0000 1
231.2000 94.8000 1
76.3000 78.0000 1
85.6000 79.6000 1
25.2000 99.4000 1
31.9000 99.6000 1
212.4000 36.8000 1
217.1000 44.1000 1
119.4000 39.2000 1
132.0000 37.2000 1
26.6000 149.6000 1
38.4000 143.4000 1
130.7000 70.9000 1
122.6000 65.8000 1
294.5000 289.2000 1
293.3000 296.6000 1
152.0000 117.6000 1
151.2000 113.6000 1
161.4000 153.7000 1
165.1000 144.0000 1
101.2000 250.1000 1
105.6000 254.8000 1
158.1000 22.6000 1
153.1000 13.0000 1
236.2000 110.0000 1
226.8000 104.9000 1
198.4000 105.9000 1
201.3000 98.4000 1
77.1000 186.2000 1
68.6000 189.3000 1
27.2000 192.1000 1
25.6000 200.1000 1
8.4000 298.9000 1
1.4000 296.7000 1
129.2000 191.4000 1
134.5000 189.8000 1
127.3000 54.5000 1
123.6000 51.3000 1
77.1000 155.4000 1
75.3000 143.7000 1
147.1000 108.2000 1
147.3000 103.1000 1
148.9000 161.6000 1
138.4000 159.7000 1
94.6000 90.2000 1
103.2000 92.9000 1
55.9000 205.6000 1
52.8000 211.6000 1
125.4000 147.0000 1
119.0000 135.5000 1
165.2000 172.5000 1
164.4000 162.7000 1
272.1000 285.3000 1
269.8000 282.6000 1
306.1000 326.2000 1
316.9000 330.8000 1
166.8000 57.9000 1
179.0000 59.2000 1
76.3000 92.8000 1
72.3000 106.8000 1
105.9000 93.7000 1
106.0000 87.9000 1
328.0000 315.6000 1
5.5000 319.2000 1
3.7000 302.9000 1
3.4000 308.6000 1
241.1000 115.2000 1
237.0000 106.7000 1
148.4000 70.5000 1
159.0000 75.6000 1
132.4000 195.3000 1
137.5000 195.7000 1
14.0000 153.9000 1
25.2000 163.4000 1
145.1000 164.5000 1
143.2000 154.0000 1
113.8000 163.6000 1
105.6000 157.5000 1
98.9000 118.3000 1
107.4000 117.2000 1
220.0000 202.2000 1
218.3000 210.1000 1
60.7000 184.0000 1
52.2000 186.4000 1
108.0000 101.8000 1
105.3000 114.0000 1
139.6000 119.6000 1
146.4000 122.1000 1
77.0000 170.3000 1
75.8000 166.8000 1
132.4000 179.1000 1
123.0000 187.4000 1
123.7000 217.3000 1
132.2000 208.6000 1
181.2000 122.1000 1
180.6000 116.7000 1
110.2000 254.9000 1
112.0000 251.0000 1
146.6000 176.6000 1
143.8000 169.2000 1
286.6000 277.5000 1
290.7000 281.3000 1
204.7000 88.2000 1
209.3000 93.9000 1
28.6000 170.7000 1
31.9000 182.0000 1
134.1000 136.6000 1
137.7000 142.7000 1
182.9000 195.6000 1
177.1000 198.8000 1
290.5000 310.6000 1
293.2000 305.4000 1
232.0000 163.4000 1
221.7000 161.2000 1
154.0000 29.7000 1
149.2000 29.1000 1
240.1000 103.8000 1
244.7000 107.3000 1
309.0000 294.0000 1
313.5000 290.6000 1
115.5000 188.1000 1
101.3000 191.2000 1
91.3000 223.7000 1
107.0000 231.1000 1
167.8000 84.8000 1
161.0000 89.1000 1
178.6000 43.1000 1
175.3000 54.2000 1
58.0000 158.5000 1
59.0000 164.3000 1
85.2000 162.1000 1
95.6000 155.8000 1
300.4000 323.1000 1
295.2000 322.0000 1
161.6000 183.8000 1
165.8000 186.3000 1
84.4000 167.3000 1
94.2000 160.5000 1
136.9000 156.3000 1
128.7000 151.3000 1
71.4000 91.0000 1
73.2000 95.7000 1
86.6000 203.3000 1
78.1000 199.1000 1
118.2000 118.1000 1
123.3000 127.7000 1
188.0000 122.3000 1
190.3000 116.7000 1
111.2000 215.3000 1
104.7000 204.8000 1
314.5000 298.0000 1
320.1000 285.6000 1
196.4000 141.4000 1
188.5000 143.6000 1
104.8000 202.5000 1
99.2000 203.4000 1
39.9000 162.4000 1
44.8000 160.0000 1
37.2000 157.0000 1
33.1000 157.8000 1
115.7000 55.7000 1
113.4000 51.1000 1
185.9000 102.9000 1
197.9000 96.4000 1
45.6000 96.7000 1
41.4000 89.4000 1
221.7000 195.0000 1
217.8000 191.1000 1
202.3000 48.6000 1
196.5000 56.8000 1
198.2000 35.3000 1
203.8000 43.3000 1
42.1000 109.9000 1
37.2000 114.5000 1
133.3000 212.9000 1
127.6000 208.1000 1
188.8000 84.7000 1
183.1000 81.5000 1
194.5000 175.2000 1
200.7000 174.9000 1
157.4000 60.0000 1
149.3000 57.4000 1
137.3000 163.9000 1
141.6000 174.3000 1
205.7000 207.7000 1
205.5000 202.6000 1
220.4000 160.9000 1
221.0000 165.4000 1
118.8000 112.6000 1
114.2000 113.2000 1
127.6000 35.0000 1
132.1000 32.0000 1
190.6000 138.4000 1
183.3000 130.4000 1
201.4000 143.2000 1
215.3000 146.8000 1
159.6000 230.6000 1
155.7000 235.7000 1
189.4000 101.2000 1
189.2000 88.4000 1
180.6000 204.0000 1
182.4000 200.1000 1
41.7000 149.2000 1
30.3000 146.9000 1
173.6000 26.4000 1
165.6000 16.8000 1
145.7000 30.0000 1
148.5000 33.9000 1
42.4000 87.9000 1
40.8000 83.1000 1
13.0000 139.4000 1
13.8000 146.2000 1
46.3000 129.0000 1
67.3000 133.2000 1
71.3000 197.4000 1
73.3000 190.7000 1
78.8000 233.8000 1
88.2000 232.0000 1
101.3000 212.3000 1
100.8000 207.0000 1
156.9000 136.9000 1
153.8000 131.6000 1
163.8000 74.6000 1
162.8000 83.8000 1
184.3000 77.2000 1
192.0000 72.3000 1
141.3000 35.6000 1
136.5000 39.4000 1
217.4000 56.9000 1
212.3000 50.1000 1
126.0000 169.1000 1
130.4000 166.9000 1
104.9000 108.1000 1
110.0000 121.9000 1
23.3000 130.9000 1
27.4000 128.4000 1
171.0000 152.6000 1
179.4000 158.9000 1
172.8000 67.9000 1
169.0000 65.5000 1
151.2000 54.1000 1
148.3000 49.6000 1
158.3000 208.7000 1
145.9000 209.7000 1
235.5000 131.2000 1
232.6000 135.5000 1
160.0000 104.4000 1
170.6000 102.2000 1
209.1000 148.6000 1
218.8000 149.7000 1
104.1000 142.4000 1
116.1000 127.4000 1
302.1000 275.0000 1
306.7000 274.8000 1
131.4000 174.8000 1
138.1000 169.4000 1
174.3000 167.3000 1
177.0000 162.8000 1
129.4000 101.0000 1
120.7000 98.0000 1
147.2000 145.6000 1
145.2000 138.4000 1
103.6000 218.7000 1
101.1000 230.3000 1
32.9000 202.5000 1
31.3000 197.2000 1
219.5000 178.1000 1
212.3000 191.9000 1
141.1000 71.4000 1
135.4000 70.6000 1
198.8000 193.6000 1
204.1000 197.0000 1
161.7000 159.6000 1
168.2000 159.8000 1
31.8000 104.8000 1
27.0000 120.4000 1
27.7000 127.5000 1
43.7000 139.2000 1
321.3000 11.8000 1
311.8000 5.6000 1
204.9000 123.9000 1
210.8000 122.6000 1
53.6000 131.6000 1
65.8000 136.1000 1
154.6000 202.8000 1
165.7000 200.2000 1
113.5000 161.3000 1
113.6000 172.1000 1
68.5000 104.1000 1
65.4000 93.7000 1
174.1000 131.7000 1
177.3000 139.7000 1
75.1000 206.1000 1
76.9000 207.9000 1
44.7000 131.7000 1
36.7000 140.0000 1
197.4000 51.6000 1
187.0000 49.1000 1
81.7000 101.0000 1
78.5000 109.2000 1
217.6000 198.6000 1
217.0000 203.0000 1
103.8000 81.7000 1
111.5000 76.7000 1
184.9000 6.7000 1
188.1000 330.5000 1
152.9000 73.8000 1
147.7000 67.5000 1
229.5000 99.5000 1
235.7000 104.2000 1
137.1000 97.9000 1
146.0000 104.3000 1
213.2000 130.3000 1
219.6000 123.4000 1
83.1000 197.3000 1
82.5000 190.8000 1
195.4000 80.5000 1
195.0000 87.0000 1
69.2000 108.8000 1
59.8000 114.0000 1
115.7000 184.1000 1
108.8000 178.1000 1
192.1000 165.5000 1
199.0000 168.9000 1
177.4000 33.0000 1
183.1000 36.8000 1
50.0000 173.2000 1
60.8000 156.3000 1
151.4000 173.2000 1
160.2000 172.6000 1
142.4000 50.5000 1
137.6000 42.1000 1
224.7000 184.9000 1
222.7000 181.1000 1
171.8000 196.9000 1
169.4000 205.9000 1
183.5000 167.3000 1
181.0000 163.9000 1
124.4000 186.6000 1
114.5000 194.4000 1
223.4000 192.0000 1
226.2000 195.3000 1
304.7000 278.8000 1
300.7000 294.1000 1
48.5000 190.1000 1
42.5000 185.3000 1
298.2000 286.3000 1
291.0000 275.5000 1
209.7000 117.3000 1
215.8000 123.4000 1
46.6000 170.2000 1
45.0000 164.2000 1
183.1000 47.0000 1
186.4000 43.9000 1
97.7000 189.2000 1
102.6000 180.0000 1
170.2000 80.5000 1
173.8000 82.6000 1
123.2000 63.2000 1
118.1000 69.3000 1
65.9000 224.3000 1
70.7000 223.4000 1
97.3000 252.3000 1
104.5000 245.7000 1
111.3000 54.5000 1
111.5000 46.9000 1
99.2000 179.8000 1
104.8000 172.5000 1
183.4000 57.0000 1
190.1000 61.7000 1
81.3000 68.4000 1
85.5000 74.1000 1
150.2000 127.7000 1
149.9000 120.5000 1
17.1000 123.4000 1
16.8000 128.6000 1
22.5000 159.3000 1
21.3000 143.1000 1
113.1000 234.0000 1
104.3000 241.8000 1
142.0000 151.7000 1
133.0000 147.4000 1
125.5000 61.7000 1
137.1000 53.3000 1
186.6000 146.8000 1
176.5000 149.2000 1
241.3000 122.0000 1
247.6000 122.5000 1
113.0000 118.0000 1
108.3000 111.5000 1
96.0000 145.7000 1
94.8000 148.2000 1
209.4000 61.0000 1
211.2000 58.0000 1
107.3000 44.1000 1
110.2000 40.0000 1
108.6000 183.0000 1
113.7000 176.9000 1
1.1000 330.9000 1
328.4000 6.2000 1
179.9000 113.4000 1
183.8000 124.6000 1
111.0000 210.8000 1
104.6000 214.6000 1
69.4000 72.8000 1
61.5000 76.3000 1
201.3000 55.2000 1
193.1000 64.3000 1
117.8000 151.4000 1
116.6000 159.9000 1
294.9000 326.5000 1
296.0000 316.3000 1
169.4000 35.4000 1
172.8000 44.0000 1
55.1000 91.4000 1
53.2000 92.8000 1
277.2000 287.1000 1
276.4000 287.9000 1
207.3000 135.3000 1
201.9000 128.6000 1
196.9000 72.0000 1
200.5000 70.4000 1
154.3000 198.1000 1
146.0000 190.5000 1
208.6000 177.8000 1
214.5000 175.8000 1
123.9000 83.6000 1
126.3000 76.8000 1
62.1000 103.6000 1
53.8000 96.4000 1
29.4000 181.7000 1
43.5000 193.6000 1
48.8000 199.4000 1
51.4000 207.2000 1
35.6000 182.4000 1
37.3000 188.3000 1
131.5000 219.8000 1
123.9000 233.9000 1
119.0000 212.3000 1
121.0000 220.6000 1
168.1000 15.8000 1
169.5000 6.4000 1
84.0000 151.4000 1
80.2000 160.5000 1
288.6000 298.7000 1
303.0000 300.2000 1
92.1000 123.5000 1
103.2000 120.1000 1
148.0000 224.7000 1
135.3000 225.9000 1
57.4000 213.0000 1
61.1000 215.1000 1
135.2000 118.5000 1
131.9000 122.5000 1
279.7000 323.4000 1
285.0000 331.0000 1
206.0000 56.8000 1
217.5000 58.2000 1
149.9000 7.9000 1
156.7000 6.8000 1
225.9000 204.0000 1
231.2000 199.9000 1
192.2000 179.6000 1
188.7000 183.4000 1
199.6000 10.5000 1
192.1000 3.2000 1
176.1000 104.4000 1
173.6000 106.8000 1
52.8000 192.1000 1
50.5000 196.0000 1
101.0000 125.9000 1
108.7000 127.8000 1
83.6000 181.3000 1
94.8000 176.7000 1
108.9000 29.7000 1
117.3000 34.4000 1
72.7000 105.2000 1
62.8000 107.7000 1
211.9000 166.9000 1
206.9000 166.6000 1
196.0000 200.7000 1
201.6000 202.4000 1
164.6000 48.4000 1
159.6000 51.7000 1
180.8000 86.5000 1
174.1000 89.3000 1
98.8000 81.9000 1
108.6000 71.2000 1
36.0000 165.3000 1
40.8000 171.6000 1
81.3000 90.8000 1
86.6000 83.8000 1
164.1000 60.2000 1
174.4000 58.6000 1
147.6000 7.7000 1
143.3000 6.7000 1
85.3000 173.7000 1
80.6000 177.3000 1
211.1000 193.1000 1
205.3000 182.9000 1
175.5000 148.1000 1
167.9000 147.9000 1
70.6000 136.1000 1
70.3000 140.8000 1
327.5000 329.1000 1
329.8000 312.6000 1
190.4000 159.7000 1
199.4000 152.6000 1
156.8000 15.1000 1
161.5000 12.4000 1
