330.2000 108.7000 0
330.2000 113.9000 0
321.5000 107.0000 0
325.8000 105.3000 0
261.9000 205.0000 0
259.9000 209.9000 0
55.4000 10.7000 0
49.4000 13.6000 0
83.0000 9.0000 0
83.8000 14.2000 0
294.0000 239.7000 0
296.9000 244.4000 0
265.2000 90.5000 0
260.3000 94.1000 0
302.9000 65.1000 0
297.4000 62.2000 0
96.7000 5.5000 0
93.3000 8.5000 0
293.1000 43.0000 0
298.0000 40.3000 0
208.9000 241.8000 0
203.0000 241.9000 0
315.5000 72.4000 0
311.4000 69.6000 0
270.4000 67.8000 0
274.8000 65.6000 0
320.9000 179.8000 0
316.2000 180.1000 0
92.4000 329.0000 0
86.4000 2.5000 0
162.9000 270.0000 0
163.6000 265.1000 0
118.3000 1.1000 0
115.1000 330.9000 0
40.3000 100.4000 0
34.8000 103.1000 0
325.7000 299.8000 0
327.0000 295.5000 0
293.8000 15.8000 0
289.3000 18.9000 0
267.4000 241.0000 0
270.1000 245.7000 0
270.6000 72.8000 0
275.0000 75.3000 0
36.0000 65.2000 0
34.8000 75.0000 0
30.4000 258.3000 0
34.1000 261.7000 0
69.4000 261.2000 0
74.1000 263.4000 0
248.4000 26.1000 0
252.3000 23.7000 0
75.7000 280.1000 0
77.1000 285.1000 0
290.1000 131.4000 0
292.9000 135.1000 0
294.7000 249.0000 0
291.8000 244.3000 0
227.9000 273.2000 0
231.8000 276.0000 0
61.8000 276.2000 0
57.6000 279.9000 0
288.0000 105.0000 0
283.0000 108.3000 0
214.2000 281.5000 0
209.7000 280.0000 0
301.4000 107.4000 0
302.7000 112.7000 0
251.0000 185.7000 0
253.8000 190.0000 0
260.9000 176.4000 0
258.1000 172.3000 0
83.3000 259.1000 0
88.2000 255.8000 0
82.8000 330.8000 0
77.7000 327.9000 0
269.9000 126.0000 0
264.9000 122.7000 0
190.5000 290.6000 0
192.5000 295.0000 0
245.7000 241.9000 0
243.5000 237.1000 0
240.1000 204.7000 0
238.0000 209.0000 0
97.7000 183.7000 0
102.0000 176.8000 0
205.9000 2.3000 0
205.6000 329.9000 0
259.5000 237.7000 0
256.8000 241.5000 0
307.6000 83.8000 0
311.7000 80.9000 0
250.4000 190.5000 0
252.8000 194.9000 0
307.7000 147.3000 0
305.3000 142.2000 0
1.4000 283.1000 0
4.4000 280.4000 0
191.1000 275.6000 0
191.7000 269.6000 0
101.0000 323.6000 0
100.7000 318.2000 0
81.9000 243.7000 0
76.4000 242.1000 0
221.7000 227.1000 0
230.2000 232.2000 0
86.0000 294.6000 0
90.1000 297.2000 0
177.4000 288.6000 0
176.5000 282.5000 0
253.7000 255.3000 0
256.9000 260.3000 0
244.0000 23.8000 0
244.3000 28.5000 0
289.0000 181.6000 0
287.2000 176.1000 0
320.7000 38.6000 0
320.9000 44.0000 0
274.9000 235.9000 0
277.2000 230.9000 0
55.5000 54.6000 0
55.7000 50.0000 0
257.3000 42.6000 0
253.1000 39.1000 0
181.8000 280.4000 0
181.4000 285.3000 0
34.1000 210.9000 0
36.8000 217.9000 0
215.0000 314.2000 0
219.6000 311.6000 0
223.9000 3.3000 0
218.6000 0.5000 0
119.4000 12.6000 0
123.7000 14.6000 0
283.4000 92.3000 0
278.9000 94.0000 0
314.7000 170.5000 0
320.1000 170.5000 0
242.3000 104.0000 0
246.7000 101.6000 0
210.1000 284.7000 0
210.4000 290.2000 0
100.9000 232.1000 0
109.9000 238.1000 0
191.1000 299.8000 0
196.9000 296.9000 0
45.4000 15.9000 0
40.4000 13.2000 0
249.9000 302.9000 0
245.7000 302.9000 0
297.0000 110.0000 0
296.7000 105.1000 0
128.8000 260.0000 0
133.7000 252.6000 0
213.9000 30.3000 0
214.7000 34.3000 0
324.4000 56.5000 0
325.2000 61.4000 0
215.1000 259.2000 0
209.6000 262.0000 0
112.6000 48.0000 0
117.5000 49.5000 0
270.2000 200.4000 0
265.2000 200.4000 0
320.3000 258.0000 0
312.1000 253.5000 0
21.8000 299.0000 0
18.0000 295.5000 0
308.8000 243.2000 0
304.2000 239.7000 0
279.0000 131.4000 0
279.5000 126.0000 0
293.4000 62.9000 0
291.7000 58.2000 0
54.8000 26.6000 0
53.7000 21.1000 0
266.8000 26.4000 0
270.3000 30.1000 0
55.7000 247.3000 0
52.5000 243.9000 0
11.9000 242.9000 0
14.8000 247.3000 0
32.9000 235.3000 0
38.3000 232.2000 0
26.8000 206.3000 0
24.8000 201.3000 0
125.2000 267.4000 0
129.8000 270.0000 0
256.1000 223.1000 0
254.3000 218.0000 0
33.0000 230.9000 0
28.6000 233.4000 0
310.7000 180.4000 0
307.5000 184.6000 0
223.9000 298.7000 0
229.2000 301.3000 0
7.2000 215.5000 0
9.0000 211.2000 0
180.7000 270.2000 0
182.0000 275.5000 0
328.3000 234.9000 0
330.1000 239.6000 0
317.7000 253.9000 0
320.4000 247.0000 0
262.5000 134.4000 0
269.1000 130.6000 0
274.9000 21.1000 0
270.4000 18.5000 0
243.3000 255.2000 0
246.4000 250.6000 0
164.6000 281.8000 0
167.8000 284.9000 0
321.3000 188.2000 0
324.3000 183.1000 0
230.5000 291.4000 0
233.5000 285.2000 0
317.2000 121.7000 0
311.8000 118.7000 0
187.6000 303.5000 0
187.3000 309.3000 0
316.4000 208.0000 0
319.0000 202.6000 0
280.2000 208.5000 0
277.3000 204.8000 0
54.1000 45.5000 0
59.3000 45.7000 0
52.2000 226.1000 0
47.4000 226.3000 0
247.6000 106.5000 0
247.2000 111.7000 0
283.8000 331.6000 0
279.3000 1.7000 0
140.8000 306.3000 0
144.7000 303.7000 0
50.3000 201.9000 0
54.3000 191.8000 0
65.3000 263.8000 0
61.3000 261.4000 0
20.3000 201.9000 0
14.1000 201.8000 0
259.0000 189.8000 0
264.9000 190.5000 0
77.6000 6.1000 0
81.6000 3.7000 0
97.1000 316.1000 0
90.1000 312.9000 0
160.3000 59.5000 0
164.4000 65.2000 0
52.2000 58.7000 0
51.5000 63.8000 0
286.9000 3.5000 0
283.2000 6.0000 0
60.9000 33.1000 0
66.3000 31.4000 0
139.4000 269.8000 0
135.2000 273.0000 0
27.2000 223.6000 0
22.5000 224.1000 0
261.0000 306.2000 0
262.5000 312.5000 0
97.3000 285.8000 0
98.9000 291.8000 0
303.0000 87.2000 0
298.8000 89.1000 0
77.4000 296.3000 0
77.8000 301.3000 0
48.7000 230.8000 0
53.3000 230.8000 0
65.2000 26.2000 0
66.5000 21.5000 0
324.1000 24.9000 0
319.9000 21.1000 0
9.5000 139.2000 0
9.9000 135.4000 0
325.4000 143.0000 0
318.2000 146.8000 0
223.9000 254.5000 0
230.9000 258.2000 0
188.6000 319.2000 0
184.3000 317.4000 0
69.4000 49.9000 0
71.4000 45.2000 0
279.8000 83.3000 0
279.9000 88.9000 0
217.5000 47.1000 0
221.7000 44.7000 0
241.1000 163.3000 0
242.4000 160.7000 0
16.4000 206.1000 0
22.5000 206.2000 0
226.7000 278.3000 0
223.1000 280.9000 0
180.0000 235.5000 0
178.1000 230.7000 0
26.5000 1.5000 0
27.3000 6.0000 0
228.3000 0.7000 0
229.5000 5.7000 0
52.1000 260.3000 0
52.0000 255.5000 0
299.8000 239.2000 0
302.3000 235.1000 0
150.1000 290.4000 0
145.3000 287.3000 0
223.4000 265.5000 0
225.0000 260.0000 0
325.0000 14.4000 0
327.9000 6.9000 0
262.9000 162.8000 0
258.0000 163.8000 0
320.5000 229.7000 0
323.7000 234.1000 0
148.4000 234.7000 0
148.9000 239.7000 0
272.0000 175.2000 0
266.3000 175.8000 0
97.6000 271.3000 0
93.8000 268.8000 0
55.7000 238.9000 0
58.5000 243.1000 0
207.1000 236.6000 0
212.5000 237.8000 0
57.8000 274.1000 0
52.9000 272.4000 0
35.7000 30.7000 0
36.9000 36.0000 0
3.9000 100.8000 0
330.2000 102.5000 0
120.1000 266.5000 0
124.5000 262.8000 0
167.4000 278.6000 0
167.0000 272.5000 0
166.0000 244.7000 0
161.6000 243.4000 0
59.1000 72.2000 0
48.4000 80.0000 0
130.5000 295.6000 0
131.5000 300.7000 0
16.0000 38.5000 0
17.1000 33.4000 0
288.7000 99.4000 0
284.2000 102.0000 0
201.0000 273.4000 0
205.3000 270.5000 0
95.7000 51.6000 0
107.5000 47.2000 0
264.8000 138.8000 0
259.0000 138.8000 0
311.6000 64.2000 0
311.7000 59.1000 0
330.2000 48.5000 0
3.1000 45.2000 0
238.2000 317.2000 0
242.1000 315.1000 0
158.5000 295.4000 0
163.3000 297.4000 0
181.5000 265.6000 0
176.8000 267.3000 0
248.2000 31.6000 0
252.8000 34.3000 0
150.5000 311.2000 0
151.8000 317.8000 0
330.6000 81.5000 0
4.0000 79.0000 0
39.3000 53.3000 0
34.4000 55.3000 0
253.1000 84.6000 0
251.6000 79.4000 0
34.0000 244.9000 0
35.7000 240.6000 0
321.7000 92.6000 0
326.7000 89.6000 0
145.4000 325.5000 0
150.3000 322.9000 0
214.9000 8.1000 0
212.5000 13.5000 0
65.8000 15.8000 0
64.4000 11.1000 0
150.3000 299.9000 0
145.4000 297.8000 0
28.3000 45.7000 0
26.7000 50.3000 0
288.6000 13.8000 0
284.6000 16.6000 0
169.9000 324.8000 0
173.9000 322.8000 0
250.8000 204.7000 0
254.3000 208.4000 0
325.4000 46.9000 0
325.7000 51.9000 0
163.7000 302.0000 0
158.6000 300.5000 0
70.6000 23.6000 0
74.7000 20.9000 0
205.5000 318.2000 0
214.8000 319.1000 0
8.1000 233.9000 0
10.8000 230.0000 0
33.6000 44.2000 0
36.6000 40.4000 0
205.3000 297.4000 0
209.2000 299.5000 0
326.0000 281.0000 0
323.1000 276.3000 0
256.0000 129.4000 0
252.3000 131.9000 0
35.4000 26.4000 0
35.6000 21.5000 0
329.0000 69.5000 0
2.2000 67.5000 0
153.7000 271.5000 0
153.8000 276.6000 0
238.3000 237.2000 0
235.2000 241.4000 0
163.6000 214.9000 0
149.7000 205.7000 0
324.2000 192.5000 0
326.1000 188.0000 0
320.2000 238.6000 0
322.8000 242.4000 0
48.7000 280.0000 0
44.5000 277.4000 0
83.5000 35.5000 0
87.9000 35.3000 0
241.7000 196.0000 0
247.0000 194.6000 0
291.6000 0.8000 0
292.5000 5.5000 0
274.7000 31.8000 0
269.9000 35.2000 0
200.0000 305.1000 0
200.8000 310.8000 0
252.0000 61.8000 0
252.3000 67.1000 0
31.7000 14.3000 0
31.0000 9.1000 0
54.2000 314.8000 0
54.1000 309.4000 0
161.9000 320.7000 0
165.2000 325.3000 0
324.2000 201.8000 0
327.1000 206.7000 0
199.0000 215.9000 0
194.6000 213.7000 0
311.6000 4.7000 0
306.4000 7.5000 0
315.2000 141.2000 0
313.3000 146.9000 0
39.7000 280.3000 0
43.5000 283.2000 0
226.9000 208.1000 0
229.0000 213.1000 0
223.1000 286.3000 0
225.7000 290.2000 0
292.1000 69.7000 0
292.5000 74.8000 0
31.2000 330.7000 0
25.8000 326.6000 0
100.2000 256.7000 0
95.4000 254.5000 0
49.0000 302.0000 0
44.6000 305.2000 0
7.0000 32.8000 0
11.7000 34.7000 0
283.4000 54.4000 0
279.1000 57.9000 0
267.2000 311.3000 0
271.2000 308.0000 0
195.6000 308.4000 0
191.5000 305.1000 0
210.8000 327.1000 0
213.6000 324.8000 0
3.0000 301.8000 0
0.9000 297.4000 0
329.1000 163.2000 0
323.7000 163.8000 0
222.5000 236.2000 0
224.4000 231.4000 0
258.5000 159.0000 0
258.7000 153.8000 0
250.9000 164.4000 0
255.5000 169.0000 0
64.3000 252.9000 0
61.0000 256.0000 0
170.8000 243.7000 0
171.5000 248.5000 0
204.1000 232.5000 0
207.2000 228.5000 0
280.0000 34.8000 0
279.9000 39.7000 0
22.6000 30.6000 0
27.0000 26.8000 0
247.2000 117.3000 0
248.4000 123.0000 0
183.0000 301.9000 0
186.2000 299.4000 0
280.6000 14.1000 0
279.7000 8.7000 0
308.9000 202.4000 0
313.6000 203.5000 0
302.0000 60.3000 0
307.1000 62.5000 0
22.0000 281.3000 0
26.0000 278.0000 0
93.3000 284.5000 0
98.6000 281.6000 0
306.8000 166.0000 0
311.7000 165.4000 0
257.3000 16.1000 0
256.9000 11.1000 0
273.3000 258.9000 0
270.5000 263.8000 0
274.8000 226.9000 0
278.1000 222.0000 0
114.0000 302.9000 0
114.7000 308.9000 0
201.1000 206.5000 0
203.3000 210.9000 0
177.4000 277.4000 0
171.5000 275.4000 0
197.3000 325.4000 0
201.2000 321.8000 0
105.5000 304.8000 0
110.3000 306.7000 0
48.5000 269.1000 0
48.1000 274.5000 0
207.8000 220.0000 0
204.1000 224.4000 0
54.7000 0.5000 0
58.1000 328.4000 0
27.2000 37.6000 0
29.5000 41.9000 0
275.9000 293.1000 0
268.8000 297.1000 0
268.8000 278.3000 0
274.4000 278.0000 0
312.2000 97.0000 0
307.0000 100.3000 0
100.6000 19.8000 0
105.4000 21.7000 0
263.5000 294.5000 0
256.2000 292.6000 0
46.6000 235.6000 0
42.4000 237.7000 0
11.5000 253.2000 0
6.8000 251.5000 0
287.6000 126.7000 0
292.2000 130.5000 0
291.8000 147.7000 0
286.8000 147.7000 0
200.7000 263.6000 0
200.4000 257.1000 0
256.4000 112.6000 0
260.7000 110.2000 0
79.0000 34.5000 0
74.8000 31.7000 0
203.4000 250.1000 0
206.5000 245.9000 0
2.2000 254.3000 0
8.1000 257.3000 0
265.7000 31.9000 0
262.3000 35.3000 0
232.7000 299.1000 0
232.8000 304.8000 0
8.7000 113.3000 0
4.4000 115.7000 0
83.3000 40.6000 0
90.6000 40.8000 0
195.3000 277.7000 0
195.4000 272.8000 0
42.0000 48.6000 0
38.8000 44.3000 0
293.6000 231.2000 0
290.6000 226.2000 0
306.7000 19.0000 0
306.2000 24.2000 0
28.9000 244.7000 0
29.1000 249.7000 0
305.8000 208.7000 0
303.6000 203.4000 0
60.6000 7.9000 0
55.6000 5.7000 0
8.6000 99.9000 0
12.5000 101.4000 0
294.4000 161.2000 0
291.0000 156.4000 0
11.7000 67.5000 0
13.7000 63.0000 0
264.4000 237.9000 0
270.0000 236.1000 0
24.7000 310.7000 0
27.6000 305.3000 0
242.2000 296.7000 0
246.2000 289.3000 0
137.9000 264.2000 0
138.1000 259.4000 0
44.2000 294.8000 0
49.2000 292.4000 0
176.7000 258.2000 0
176.3000 250.5000 0
89.5000 287.2000 0
88.7000 282.0000 0
20.2000 238.4000 0
22.9000 241.9000 0
316.6000 225.9000 0
314.9000 230.7000 0
16.2000 11.3000 0
16.0000 16.4000 0
17.5000 273.3000 0
21.1000 276.4000 0
223.5000 248.7000 0
219.5000 245.8000 0
6.4000 11.2000 0
6.1000 16.0000 0
249.0000 10.0000 0
252.7000 12.7000 0
253.1000 199.7000 0
257.6000 193.4000 0
266.6000 331.5000 0
270.9000 330.0000 0
41.3000 57.9000 0
44.6000 53.9000 0
330.9000 87.5000 0
325.6000 83.0000 0
49.7000 286.3000 0
53.0000 282.3000 0
25.0000 133.0000 0
25.5000 137.7000 0
152.7000 251.2000 0
157.8000 252.4000 0
254.1000 181.8000 0
258.4000 180.9000 0
285.8000 235.4000 0
288.5000 231.0000 0
108.6000 294.5000 0
103.4000 293.4000 0
229.3000 22.7000 0
225.5000 19.2000 0
283.8000 119.1000 0
284.0000 124.0000 0
214.9000 3.0000 0
214.2000 329.4000 0
257.5000 232.8000 0
250.8000 233.3000 0
136.0000 303.7000 0
135.5000 297.9000 0
213.0000 228.5000 0
210.1000 224.1000 0
242.6000 61.5000 0
237.2000 57.8000 0
331.1000 91.9000 0
330.4000 97.9000 0
238.1000 228.3000 0
241.2000 232.2000 0
192.6000 316.8000 0
191.3000 310.1000 0
33.8000 272.2000 0
29.4000 274.9000 0
277.8000 249.0000 0
280.5000 244.7000 0
36.3000 284.1000 0
40.7000 285.8000 0
8.0000 321.5000 0
4.0000 325.7000 0
119.6000 317.1000 0
114.1000 314.8000 0
241.5000 286.7000 0
242.7000 282.0000 0
149.7000 279.1000 0
154.6000 281.9000 0
293.9000 203.6000 0
298.1000 203.4000 0
239.8000 213.6000 0
238.2000 218.2000 0
284.0000 35.9000 0
288.4000 40.4000 0
140.4000 138.2000 0
146.8000 135.9000 0
35.0000 201.5000 0
29.8000 200.2000 0
195.7000 236.7000 0
185.6000 235.3000 0
88.2000 261.2000 0
88.7000 266.4000 0
100.5000 14.3000 0
96.4000 17.4000 0
325.2000 132.2000 0
330.3000 129.6000 0
287.7000 77.7000 0
293.2000 80.4000 0
155.1000 308.0000 0
159.5000 310.2000 0
296.9000 72.5000 0
301.9000 69.9000 0
290.3000 208.3000 0
293.6000 213.3000 0
193.6000 250.6000 0
200.8000 246.7000 0
298.1000 94.4000 0
302.5000 92.4000 0
41.1000 209.7000 0
36.3000 205.5000 0
322.2000 225.0000 0
320.0000 220.4000 0
215.6000 27.2000 0
212.9000 21.6000 0
242.3000 182.0000 0
240.5000 186.9000 0
234.1000 265.4000 0
238.5000 267.9000 0
312.1000 235.0000 0
309.4000 229.8000 0
152.4000 246.3000 0
156.7000 241.3000 0
82.5000 291.8000 0
80.6000 287.9000 0
248.5000 134.4000 0
246.2000 139.0000 0
22.0000 3.4000 0
17.3000 1.0000 0
315.0000 29.4000 0
319.7000 28.0000 0
258.0000 48.5000 0
258.0000 53.6000 0
195.1000 218.6000 0
195.8000 224.8000 0
236.1000 113.2000 0
243.0000 114.9000 0
246.3000 223.5000 0
249.1000 218.9000 0
257.9000 143.5000 0
254.6000 139.5000 0
49.1000 239.7000 0
44.7000 247.3000 0
270.6000 78.0000 0
266.6000 80.4000 0
311.1000 199.0000 0
314.3000 193.6000 0
11.9000 225.2000 0
14.5000 220.6000 0
234.8000 38.8000 0
234.3000 34.6000 0
173.3000 302.7000 0
173.3000 307.1000 0
149.2000 196.1000 0
145.6000 187.2000 0
157.2000 319.1000 0
154.8000 324.0000 0
92.3000 24.7000 0
96.9000 22.8000 0
257.0000 31.7000 0
257.6000 37.4000 0
297.5000 45.7000 0
302.0000 43.0000 0
167.7000 262.2000 0
167.6000 267.8000 0
9.4000 201.8000 0
5.1000 198.5000 0
181.3000 259.7000 0
176.5000 263.3000 0
226.3000 195.4000 0
232.2000 182.8000 0
284.2000 60.0000 0
288.4000 62.0000 0
310.2000 325.1000 0
312.5000 331.7000 0
278.7000 116.4000 0
279.9000 111.2000 0
275.2000 60.4000 0
275.4000 54.7000 0
248.6000 298.0000 0
252.7000 296.4000 0
70.0000 12.9000 0
73.3000 9.5000 0
130.9000 274.3000 0
125.6000 273.0000 0
303.4000 212.5000 0
309.2000 212.4000 0
27.3000 32.8000 0
31.0000 30.4000 0
306.4000 51.7000 0
306.8000 57.8000 0
256.1000 64.7000 0
260.5000 66.7000 0
238.9000 74.6000 0
243.8000 77.7000 0
266.3000 263.7000 0
269.6000 268.9000 0
221.1000 207.4000 0
224.3000 212.2000 0
251.9000 72.8000 0
248.2000 69.1000 0
100.1000 297.3000 0
104.8000 300.1000 0
23.6000 192.6000 0
28.9000 185.8000 0
331.0000 188.8000 0
5.6000 188.4000 0
234.4000 177.7000 0
228.1000 173.4000 0
124.2000 5.3000 0
124.5000 10.5000 0
292.8000 221.3000 0
290.2000 217.0000 0
287.7000 203.8000 0
285.5000 208.3000 0
292.4000 175.0000 0
293.8000 179.5000 0
300.5000 330.9000 0
296.2000 3.3000 0
46.3000 39.6000 0
53.3000 40.8000 0
248.1000 306.9000 0
246.5000 311.8000 0
18.7000 111.4000 0
13.6000 110.8000 0
230.1000 222.6000 0
236.4000 224.1000 0
68.5000 250.2000 0
63.7000 242.6000 0
31.3000 4.6000 0
35.2000 2.5000 0
96.3000 27.5000 0
101.6000 30.1000 0
113.9000 298.0000 0
117.5000 294.4000 0
244.8000 126.2000 0
243.8000 121.0000 0
183.7000 239.1000 0
178.7000 240.5000 0
211.0000 26.3000 0
206.9000 26.2000 0
100.6000 187.1000 0
104.2000 189.9000 0
328.7000 174.7000 0
2.8000 165.7000 0
20.2000 67.9000 0
21.8000 63.8000 0
255.0000 177.0000 0
252.7000 172.9000 0
303.9000 161.4000 0
300.0000 161.1000 0
66.5000 45.4000 0
63.4000 41.6000 0
8.2000 184.1000 0
330.9000 178.9000 0
217.0000 237.3000 0
219.3000 241.0000 0
117.5000 113.2000 0
122.7000 112.1000 0
25.0000 258.7000 0
28.2000 255.2000 0
105.0000 308.6000 0
109.3000 311.4000 0
216.4000 218.5000 0
222.5000 218.9000 0
114.4000 324.0000 0
114.6000 319.9000 0
237.8000 283.5000 0
231.0000 281.3000 0
234.3000 169.2000 0
229.8000 165.7000 0
35.5000 299.0000 0
31.1000 296.9000 0
265.2000 107.8000 0
269.8000 105.2000 0
292.8000 123.7000 0
292.2000 118.9000 0
174.4000 237.3000 0
169.6000 236.1000 0
171.7000 271.4000 0
171.7000 265.5000 0
279.9000 30.1000 0
275.1000 26.8000 0
75.1000 42.0000 0
73.3000 37.1000 0
55.4000 31.9000 0
54.2000 35.8000 0
40.9000 290.6000 0
36.3000 293.8000 0
163.2000 260.3000 0
161.7000 255.0000 0
251.5000 223.6000 0
254.4000 228.2000 0
2.4000 264.9000 0
0.1000 261.4000 0
224.3000 8.5000 0
225.2000 13.9000 0
133.2000 329.3000 0
137.2000 1.4000 0
34.5000 250.7000 0
33.9000 255.5000 0
231.9000 156.8000 0
235.5000 153.1000 0
111.3000 281.9000 0
111.9000 287.1000 0
229.7000 240.6000 0
227.5000 246.0000 0
283.3000 86.9000 0
283.5000 81.4000 0
297.4000 253.2000 0
291.1000 253.7000 0
265.3000 254.1000 0
268.2000 259.1000 0
282.4000 113.6000 0
288.0000 116.3000 0
267.5000 222.2000 0
272.9000 223.1000 0
315.6000 7.8000 0
309.6000 10.9000 0
72.4000 284.0000 0
67.2000 284.7000 0
252.1000 119.9000 0
256.7000 119.0000 0
24.5000 41.4000 0
19.8000 40.5000 0
276.5000 185.8000 0
281.7000 186.2000 0
115.6000 274.2000 0
116.4000 269.9000 0
205.4000 281.9000 0
205.9000 276.6000 0
11.9000 73.2000 0
16.4000 75.6000 0
293.6000 151.0000 0
295.0000 156.9000 0
263.9000 171.1000 0
266.5000 165.9000 0
321.9000 197.4000 0
318.6000 193.2000 0
242.5000 325.0000 0
242.1000 329.6000 0
317.0000 61.3000 0
320.9000 59.3000 0
193.4000 242.6000 0
195.7000 246.6000 0
288.9000 34.8000 0
284.8000 31.2000 0
239.0000 263.1000 0
244.1000 264.4000 0
265.2000 9.9000 0
270.9000 7.8000 0
173.5000 312.0000 0
177.8000 309.9000 0
8.4000 81.8000 0
8.3000 76.1000 0
80.4000 283.0000 0
80.0000 277.9000 0
35.0000 11.6000 0
41.7000 8.0000 0
252.2000 329.6000 0
256.9000 330.9000 0
1.7000 184.1000 0
10.5000 188.3000 0
62.7000 303.5000 0
62.9000 298.7000 0
297.4000 18.9000 0
293.1000 21.4000 0
77.3000 316.4000 0
81.7000 317.9000 0
17.1000 215.0000 0
23.3000 219.9000 0
100.2000 307.3000 0
99.8000 302.6000 0
8.3000 193.4000 0
12.4000 192.6000 0
258.9000 255.6000 0
261.8000 250.3000 0
270.7000 218.5000 0
267.5000 213.8000 0
144.3000 277.7000 0
149.4000 274.5000 0
238.9000 177.3000 0
235.2000 186.6000 0
149.5000 295.4000 0
153.7000 297.8000 0
223.5000 294.2000 0
219.0000 296.0000 0
169.6000 314.9000 0
165.0000 316.4000 0
17.9000 99.7000 0
18.5000 93.2000 0
152.4000 265.8000 0
148.4000 264.8000 0
304.8000 152.2000 0
309.7000 151.5000 0
195.4000 282.2000 0
200.4000 283.9000 0
33.9000 267.7000 0
38.6000 263.5000 0
245.6000 205.2000 0
243.3000 201.0000 0
28.8000 270.1000 0
24.6000 272.7000 0
195.4000 231.7000 0
189.5000 232.6000 0
215.0000 75.1000 0
219.6000 71.5000 0
240.7000 88.5000 0
242.8000 92.8000 0
278.9000 72.5000 0
279.1000 78.1000 0
303.2000 222.1000 0
305.1000 217.0000 0
301.6000 75.1000 0
297.3000 77.4000 0
21.0000 76.9000 0
20.7000 72.8000 0
261.4000 29.1000 0
261.4000 22.9000 0
154.3000 256.5000 0
153.7000 262.4000 0
40.3000 302.5000 0
40.3000 297.2000 0
106.9000 274.9000 0
106.8000 270.6000 0
321.6000 87.7000 0
317.4000 90.1000 0
54.1000 319.7000 0
53.6000 324.8000 0
321.0000 263.1000 0
325.3000 259.5000 0
62.3000 272.4000 0
66.4000 274.5000 0
270.9000 40.3000 0
266.2000 47.4000 0
2.8000 287.0000 0
2.9000 292.5000 0
191.7000 259.4000 0
190.7000 254.6000 0
101.3000 262.9000 0
97.0000 265.8000 0
109.9000 245.9000 0
116.5000 245.1000 0
313.0000 184.5000 0
310.5000 190.2000 0
238.4000 42.6000 0
233.9000 43.5000 0
217.4000 209.2000 0
212.4000 208.6000 0
220.4000 66.7000 0
219.7000 77.2000 0
232.7000 254.4000 0
235.6000 259.6000 0
320.3000 16.5000 0
316.0000 12.7000 0
311.4000 138.5000 0
311.7000 133.7000 0
273.9000 70.5000 0
279.4000 68.2000 0
243.9000 50.8000 0
242.9000 55.9000 0
214.0000 269.5000 0
214.3000 264.3000 0
185.5000 276.9000 0
190.6000 280.2000 0
300.2000 169.8000 0
296.6000 165.7000 0
216.6000 17.5000 0
221.2000 16.4000 0
88.2000 16.4000 0
92.0000 19.1000 0
105.4000 6.7000 0
100.8000 3.2000 0
233.0000 236.6000 0
236.3000 232.8000 0
329.3000 202.5000 0
326.2000 197.5000 0
42.8000 224.5000 0
38.4000 226.5000 0
115.6000 20.9000 0
114.2000 16.7000 0
9.5000 278.7000 0
12.7000 282.3000 0
245.5000 232.5000 0
243.3000 228.0000 0
168.1000 118.9000 0
166.9000 111.3000 0
237.9000 10.7000 0
238.1000 5.5000 0
48.2000 312.9000 0
49.5000 307.4000 0
105.0000 321.4000 0
109.4000 323.8000 0
138.5000 254.5000 0
139.4000 249.2000 0
25.0000 75.1000 0
27.3000 69.6000 0
28.1000 78.5000 0
26.7000 84.9000 0
223.9000 40.3000 0
219.2000 36.7000 0
21.4000 324.6000 0
17.4000 321.4000 0
26.8000 21.8000 0
21.2000 20.1000 0
39.7000 324.5000 0
36.1000 321.1000 0
56.8000 264.0000 0
52.1000 266.8000 0
98.5000 36.4000 0
92.8000 36.9000 0
224.8000 29.5000 0
224.4000 34.8000 0
261.1000 329.7000 0
261.2000 3.7000 0
2.9000 144.2000 0
4.3000 139.1000 0
238.6000 21.0000 0
234.1000 23.4000 0
141.8000 311.4000 0
141.5000 316.1000 0
285.4000 200.0000 0
279.8000 199.9000 0
154.3000 302.6000 0
158.3000 305.5000 0
261.7000 72.0000 0
265.9000 69.3000 0
86.8000 305.5000 0
91.4000 302.9000 0
210.8000 311.4000 0
210.3000 316.4000 0
72.3000 308.3000 0
77.6000 306.5000 0
79.4000 28.0000 0
83.7000 30.8000 0
65.0000 331.5000 0
64.3000 5.1000 0
48.4000 296.4000 0
53.9000 298.9000 0
243.3000 267.9000 0
244.4000 273.1000 0
100.3000 87.9000 0
92.4000 93.0000 0
288.3000 24.0000 0
283.3000 26.7000 0
29.8000 74.3000 0
40.8000 80.0000 0
271.3000 185.3000 0
266.4000 185.8000 0
298.7000 231.1000 0
295.8000 225.8000 0
312.9000 216.2000 0
314.1000 211.1000 0
311.3000 75.6000 0
315.5000 78.0000 0
272.8000 162.4000 0
272.2000 158.1000 0
238.7000 191.3000 0
243.3000 191.0000 0
307.5000 110.3000 0
312.2000 108.1000 0
58.6000 312.1000 0
64.1000 308.4000 0
54.6000 15.3000 0
59.7000 13.1000 0
259.4000 75.8000 0
255.8000 75.4000 0
3.3000 193.2000 0
330.6000 197.3000 0
248.8000 209.1000 0
252.8000 213.5000 0
328.9000 182.9000 0
1.1000 174.4000 0
279.9000 149.6000 0
276.0000 154.2000 0
265.4000 102.8000 0
259.3000 104.9000 0
228.8000 62.9000 0
231.9000 59.3000 0
329.5000 211.0000 0
0.7000 216.5000 0
89.3000 133.7000 0
85.1000 128.5000 0
1.5000 24.2000 0
328.2000 22.4000 0
319.9000 267.0000 0
316.3000 263.8000 0
283.9000 325.6000 0
288.6000 323.9000 0
4.5000 246.6000 0
1.7000 242.6000 0
232.4000 54.7000 0
239.1000 52.9000 0
86.5000 316.8000 0
84.9000 322.1000 0
242.5000 309.8000 0
242.2000 304.9000 0
108.9000 13.8000 0
105.2000 17.0000 0
31.8000 220.8000 0
36.1000 222.2000 0
60.7000 62.1000 0
56.2000 63.2000 0
302.5000 26.9000 0
306.7000 29.5000 0
251.6000 322.3000 0
252.5000 317.6000 0
260.9000 120.5000 0
260.2000 125.4000 0
126.6000 293.3000 0
131.7000 290.3000 0
313.1000 92.5000 0
308.8000 94.2000 0
274.9000 10.6000 0
275.4000 16.3000 0
124.9000 283.1000 0
125.5000 278.3000 0
273.9000 97.0000 0
269.7000 94.8000 0
16.9000 59.5000 0
21.9000 59.3000 0
258.9000 84.9000 0
260.9000 89.7000 0
327.5000 273.9000 0
322.6000 271.0000 0
6.6000 65.4000 0
2.8000 62.1000 0
82.0000 308.1000 0
82.2000 303.6000 0
330.7000 34.0000 0
3.0000 35.7000 0
262.1000 233.5000 0
266.8000 232.8000 0
275.7000 6.3000 0
270.5000 3.4000 0
263.7000 278.4000 0
260.3000 273.9000 0
42.4000 260.5000 0
43.6000 266.2000 0
262.2000 56.0000 0
266.3000 53.6000 0
177.8000 299.7000 0
178.1000 294.8000 0
310.3000 170.0000 0
304.7000 171.3000 0
256.3000 123.5000 0
260.7000 130.7000 0
309.3000 194.2000 0
302.5000 194.1000 0
285.3000 227.1000 0
282.6000 230.5000 0
200.3000 237.6000 0
199.6000 233.2000 0
261.9000 8.2000 0
257.3000 5.5000 0
279.5000 23.6000 0
283.5000 21.6000 0
51.0000 25.0000 0
46.9000 27.3000 0
38.3000 253.5000 0
41.4000 250.0000 0
79.4000 22.7000 0
79.4000 17.0000 0
243.8000 18.2000 0
238.6000 16.9000 0
244.0000 33.5000 0
243.9000 41.2000 0
324.7000 41.6000 0
325.5000 36.5000 0
270.9000 166.4000 0
274.5000 170.8000 0
302.6000 102.8000 0
298.0000 99.7000 0
331.4000 123.4000 0
2.9000 131.0000 0
10.2000 104.6000 0
8.5000 108.5000 0
310.2000 31.9000 0
306.3000 34.6000 0
302.5000 31.8000 0
298.4000 30.0000 0
241.8000 84.0000 0
246.6000 81.4000 0
269.6000 140.2000 0
267.8000 135.3000 0
225.7000 223.1000 0
227.7000 227.5000 0
248.3000 321.3000 0
242.7000 319.5000 0
275.1000 200.2000 0
272.6000 205.0000 0
271.4000 273.8000 0
274.5000 268.4000 0
49.8000 37.0000 0
46.1000 32.7000 0
41.5000 41.0000 0
42.4000 35.5000 0
315.2000 46.1000 0
316.4000 40.9000 0
238.0000 322.5000 0
233.9000 319.5000 0
66.5000 238.2000 0
68.6000 244.9000 0
271.9000 144.5000 0
273.0000 152.0000 0
14.6000 120.8000 0
8.2000 118.8000 0
224.1000 325.3000 0
219.8000 322.5000 0
145.3000 292.9000 0
140.9000 295.9000 0
95.0000 294.0000 0
90.1000 292.1000 0
11.7000 259.3000 0
17.3000 254.0000 0
313.8000 250.5000 0
310.8000 247.7000 0
306.9000 225.4000 0
304.3000 230.8000 0
31.0000 308.5000 0
35.3000 310.9000 0
302.6000 133.0000 0
296.9000 132.0000 0
129.0000 321.7000 0
124.0000 319.8000 0
242.4000 66.3000 0
238.0000 68.2000 0
316.3000 165.0000 0
315.0000 160.0000 0
280.7000 262.4000 0
286.1000 268.2000 0
227.3000 183.0000 0
237.3000 181.8000 0
64.3000 323.6000 0
62.6000 328.0000 0
248.7000 158.6000 0
246.7000 163.4000 0
223.8000 314.7000 0
218.3000 316.6000 0
93.2000 279.5000 0
88.6000 277.2000 0
211.1000 246.0000 0
213.8000 250.1000 0
230.0000 317.4000 0
233.3000 313.9000 0
114.4000 10.6000 0
110.3000 8.8000 0
11.0000 19.6000 0
17.4000 22.4000 0
280.3000 156.6000 0
283.9000 163.0000 0
311.3000 54.1000 0
317.1000 56.4000 0
311.1000 21.3000 0
316.1000 19.4000 0
261.7000 322.9000 0
256.9000 321.6000 0
25.6000 321.4000 0
25.7000 316.2000 0
214.3000 297.8000 0
210.3000 295.0000 0
128.9000 264.5000 0
133.3000 262.2000 0
110.2000 328.7000 0
105.3000 326.9000 0
293.5000 97.1000 0
289.2000 94.8000 0
133.2000 20.0000 0
138.0000 18.3000 0
275.6000 326.3000 0
280.1000 324.4000 0
204.3000 260.5000 0
203.9000 254.9000 0
12.0000 173.5000 0
10.1000 179.8000 0
213.0000 255.3000 0
220.1000 250.6000 0
158.3000 280.0000 0
159.1000 284.4000 0
321.7000 134.3000 0
316.7000 136.5000 0
319.7000 75.4000 0
320.7000 81.0000 0
306.3000 40.0000 0
310.9000 43.0000 0
265.8000 227.7000 0
263.1000 223.3000 0
316.7000 104.6000 0
312.0000 102.4000 0
3.5000 56.7000 0
7.1000 54.9000 0
20.4000 229.0000 0
15.5000 228.9000 0
254.1000 264.5000 0
261.7000 263.2000 0
142.8000 242.9000 0
144.7000 247.3000 0
36.5000 94.3000 0
41.9000 90.3000 0
82.7000 248.7000 0
83.7000 254.1000 0
301.7000 48.9000 0
295.9000 50.7000 0
92.9000 44.9000 0
98.6000 47.9000 0
236.7000 250.1000 0
232.2000 245.9000 0
18.2000 88.0000 0
13.1000 84.5000 0
182.3000 244.6000 0
182.7000 249.5000 0
321.4000 124.4000 0
325.6000 126.7000 0
262.3000 45.4000 0
262.5000 50.3000 0
247.9000 20.7000 0
248.1000 15.4000 0
76.5000 54.4000 0
78.7000 50.2000 0
2.8000 30.0000 0
7.9000 27.3000 0
141.8000 290.3000 0
136.2000 282.6000 0
84.7000 269.5000 0
79.1000 266.4000 0
163.1000 307.4000 0
163.9000 311.8000 0
92.5000 323.8000 0
96.8000 321.5000 0
121.9000 296.1000 0
126.8000 298.9000 0
15.5000 188.2000 0
20.5000 189.0000 0
275.0000 190.5000 0
269.6000 191.1000 0
107.5000 285.2000 0
107.7000 280.4000 0
316.9000 126.8000 0
317.3000 132.2000 0
270.0000 50.5000 0
270.7000 57.0000 0
58.1000 290.1000 0
57.4000 285.6000 0
234.0000 308.7000 0
237.8000 307.1000 0
69.2000 34.9000 0
64.6000 36.8000 0
256.1000 185.4000 0
261.6000 185.9000 0
275.3000 253.9000 0
272.9000 249.7000 0
309.7000 239.1000 0
313.8000 240.1000 0
22.0000 263.8000 0
25.5000 267.8000 0
19.2000 247.8000 0
23.2000 254.1000 0
284.0000 189.6000 0
279.7000 190.9000 0
115.7000 284.0000 0
116.2000 279.5000 0
119.3000 249.6000 0
121.9000 253.5000 0
227.9000 52.3000 0
227.7000 46.5000 0
275.5000 42.7000 0
271.2000 45.8000 0
213.0000 219.0000 0
203.1000 218.3000 0
205.7000 292.2000 0
201.9000 289.2000 0
186.1000 252.8000 0
191.3000 245.6000 0
253.9000 281.5000 0
256.8000 278.5000 0
71.4000 288.1000 0
70.8000 292.9000 0
30.8000 127.8000 0
34.3000 124.6000 0
17.7000 327.8000 0
13.6000 330.6000 0
266.4000 15.5000 0
262.3000 18.4000 0
12.6000 57.1000 0
11.4000 50.9000 0
228.5000 312.8000 0
224.0000 309.3000 0
293.0000 113.3000 0
293.0000 107.2000 0
251.8000 249.7000 0
254.6000 245.5000 0
259.1000 218.7000 0
262.7000 213.3000 0
218.4000 284.6000 0
214.9000 287.3000 0
252.5000 241.5000 0
255.0000 237.6000 0
302.9000 272.2000 0
311.8000 264.0000 0
289.1000 190.7000 0
287.6000 186.2000 0
12.2000 8.9000 0
18.0000 6.2000 0
274.1000 118.7000 0
274.6000 113.0000 0
259.6000 245.5000 0
256.8000 250.2000 0
72.2000 329.3000 0
71.2000 324.5000 0
244.1000 245.9000 0
242.0000 250.6000 0
307.3000 126.0000 0
312.7000 124.1000 0
12.0000 206.6000 0
14.2000 211.5000 0
191.9000 227.9000 0
190.7000 220.4000 0
328.9000 17.5000 0
324.2000 19.7000 0
284.5000 42.6000 0
280.0000 44.8000 0
229.1000 74.2000 0
233.1000 72.5000 0
101.8000 268.5000 0
106.3000 265.1000 0
324.9000 221.0000 0
323.0000 215.7000 0
301.7000 21.8000 0
302.0000 16.4000 0
297.6000 195.0000 0
300.7000 199.4000 0
238.6000 32.3000 0
234.0000 30.0000 0
215.5000 309.9000 0
220.9000 306.7000 0
305.0000 323.8000 0
309.9000 317.4000 0
241.0000 172.7000 0
244.9000 178.3000 0
294.0000 31.6000 0
292.9000 38.0000 0
328.6000 285.5000 0
330.5000 292.2000 0
317.6000 155.8000 0
315.4000 151.2000 0
177.6000 305.1000 0
183.3000 306.7000 0
49.0000 317.9000 0
44.6000 316.3000 0
252.5000 56.0000 0
253.5000 51.5000 0
122.8000 307.9000 0
127.7000 311.1000 0
281.3000 217.4000 0
277.2000 213.9000 0
1.9000 330.8000 0
8.6000 327.3000 0
92.6000 257.5000 0
96.7000 259.3000 0
17.4000 305.9000 0
12.4000 303.2000 0
330.8000 246.7000 0
328.0000 243.5000 0
45.9000 0.0000 0
40.6000 2.5000 0
247.2000 5.8000 0
252.8000 7.6000 0
316.6000 109.9000 0
312.1000 113.3000 0
326.2000 168.5000 0
322.5000 173.8000 0
187.6000 313.9000 0
182.6000 312.0000 0
119.8000 82.5000 0
136.9000 79.6000 0
166.6000 290.0000 0
162.4000 293.1000 0
300.4000 141.7000 0
302.5000 147.8000 0
73.1000 4.2000 0
70.2000 1.5000 0
270.8000 209.8000 0
275.6000 209.5000 0
6.7000 43.6000 0
8.0000 37.9000 0
309.5000 219.7000 0
315.3000 220.5000 0
12.6000 265.4000 0
7.0000 262.5000 0
26.6000 59.4000 0
31.2000 63.8000 0
24.5000 237.3000 0
23.4000 232.7000 0
289.9000 199.5000 0
287.3000 195.1000 0
223.0000 74.2000 0
223.2000 80.7000 0
17.1000 198.1000 0
22.1000 196.9000 0
283.0000 70.1000 0
288.4000 72.2000 0
302.2000 117.9000 0
299.0000 121.1000 0
56.2000 252.9000 0
60.4000 250.4000 0
125.1000 241.5000 0
129.8000 250.3000 0
257.0000 26.1000 0
256.9000 20.8000 0
288.2000 212.9000 0
282.9000 212.9000 0
205.7000 313.0000 0
202.6000 315.3000 0
233.8000 75.8000 0
233.0000 81.8000 0
256.6000 101.7000 0
261.1000 99.0000 0
124.6000 249.3000 0
128.5000 255.5000 0
72.0000 298.6000 0
66.9000 300.4000 0
146.7000 314.1000 0
145.9000 309.5000 0
13.6000 29.8000 0
12.7000 25.2000 0
31.2000 286.2000 0
26.4000 289.6000 0
223.1000 274.8000 0
222.4000 270.6000 0
302.5000 184.3000 0
300.0000 179.7000 0
222.5000 59.5000 0
224.3000 64.3000 0
47.4000 258.0000 0
42.7000 255.3000 0
274.3000 123.7000 0
269.5000 121.5000 0
286.1000 262.5000 0
283.7000 256.6000 0
190.1000 285.8000 0
185.5000 288.5000 0
136.3000 320.7000 0
132.4000 318.0000 0
128.2000 316.2000 0
131.2000 312.6000 0
132.8000 9.9000 0
128.8000 7.7000 0
288.3000 137.1000 0
283.0000 134.9000 0
132.3000 239.5000 0
137.9000 244.7000 0
14.6000 269.0000 0
12.2000 274.0000 0
58.6000 295.7000 0
62.6000 292.3000 0
39.6000 314.2000 0
39.5000 307.2000 0
303.0000 128.4000 0
302.5000 123.8000 0
241.2000 277.1000 0
236.4000 278.2000 0
258.4000 269.3000 0
255.2000 273.2000 0
270.0000 115.9000 0
266.3000 117.9000 0
185.9000 220.4000 0
187.6000 225.8000 0
317.6000 95.0000 0
316.8000 99.9000 0
16.6000 49.9000 0
16.0000 44.5000 0
276.2000 166.3000 0
281.1000 166.2000 0
186.1000 293.7000 0
182.1000 296.8000 0
292.8000 47.7000 0
288.5000 45.2000 0
36.3000 48.3000 0
31.8000 50.3000 0
4.5000 268.9000 0
1.2000 272.3000 0
280.0000 328.6000 0
275.0000 331.1000 0
56.3000 234.6000 0
61.1000 233.5000 0
21.6000 313.3000 0
16.6000 311.9000 0
300.5000 190.1000 0
295.8000 189.6000 0
0.0000 229.6000 0
2.1000 225.2000 0
35.8000 289.3000 0
31.0000 291.4000 0
1.7000 14.2000 0
329.2000 12.0000 0
256.1000 96.6000 0
251.5000 93.5000 0
324.5000 67.3000 0
319.9000 70.3000 0
329.4000 38.7000 0
2.7000 40.5000 0
63.0000 319.2000 0
58.8000 316.8000 0
306.0000 248.3000 0
302.1000 253.6000 0
166.8000 257.1000 0
172.0000 260.0000 0
84.5000 274.5000 0
84.6000 279.3000 0
266.1000 58.9000 0
260.7000 61.7000 0
71.2000 271.6000 0
65.6000 268.9000 0
241.2000 259.4000 0
249.3000 264.9000 0
234.9000 213.5000 0
232.2000 208.8000 0
7.4000 289.8000 0
12.0000 291.6000 0
7.7000 6.3000 0
2.8000 3.8000 0
172.9000 297.5000 0
168.2000 294.8000 0
263.8000 301.0000 0
272.1000 302.7000 0
118.8000 305.5000 0
118.3000 311.0000 0
300.5000 217.6000 0
297.9000 221.7000 0
269.1000 287.2000 0
265.7000 282.7000 0
217.3000 61.2000 0
212.6000 56.2000 0
287.5000 166.9000 0
292.6000 166.6000 0
46.6000 49.0000 0
44.5000 44.6000 0
296.8000 7.9000 0
300.6000 4.8000 0
40.3000 18.7000 0
35.8000 16.9000 0
85.8000 310.3000 0
82.2000 313.2000 0
286.0000 218.2000 0
282.8000 222.3000 0
190.0000 199.6000 0
194.8000 200.2000 0
96.8000 10.6000 0
101.2000 8.1000 0
58.6000 307.0000 0
58.3000 300.8000 0
116.3000 289.0000 0
113.2000 293.2000 0
123.8000 324.0000 0
118.9000 322.1000 0
323.9000 210.4000 0
319.3000 211.7000 0
247.4000 0.8000 0
252.0000 2.3000 0
158.6000 289.7000 0
154.4000 287.5000 0
224.9000 49.9000 0
223.6000 54.4000 0
35.8000 316.9000 0
31.6000 318.8000 0
326.0000 100.8000 0
322.5000 97.5000 0
143.2000 261.3000 0
142.6000 266.3000 0
185.5000 261.9000 0
191.3000 264.4000 0
247.2000 96.4000 0
252.1000 99.1000 0
329.8000 134.5000 0
329.5000 141.9000 0
29.6000 210.0000 0
32.6000 215.8000 0
225.1000 23.8000 0
220.9000 26.3000 0
95.2000 76.3000 0
109.3000 83.4000 0
68.2000 320.5000 0
72.7000 319.0000 0
128.5000 327.9000 0
133.0000 324.5000 0
193.3000 321.5000 0
197.6000 319.1000 0
178.0000 314.5000 0
173.3000 316.7000 0
246.7000 279.7000 0
252.3000 277.0000 0
4.9000 219.6000 0
9.5000 220.1000 0
50.4000 2.4000 0
51.3000 8.3000 0
278.5000 99.0000 0
274.1000 102.2000 0
214.6000 86.1000 0
219.0000 82.8000 0
217.8000 228.2000 0
220.9000 223.5000 0
69.5000 256.2000 0
74.6000 251.8000 0
143.2000 255.9000 0
143.2000 251.9000 0
262.1000 150.5000 0
263.0000 143.4000 0
237.8000 0.8000 0
237.3000 327.5000 0
270.4000 82.9000 0
270.0000 87.5000 0
22.0000 286.5000 0
26.3000 283.6000 0
244.3000 45.7000 0
248.5000 48.8000 0
330.9000 119.6000 0
326.7000 121.4000 0
286.2000 252.2000 0
289.2000 248.3000 0
22.3000 214.6000 0
24.8000 210.0000 0
44.7000 327.1000 0
49.8000 329.2000 0
67.8000 306.3000 0
72.5000 303.6000 0
95.9000 305.4000 0
96.1000 310.5000 0
305.8000 256.7000 0
310.0000 259.2000 0
246.6000 293.5000 0
254.5000 287.1000 0
17.1000 283.4000 0
10.9000 287.4000 0
88.0000 21.7000 0
83.3000 19.8000 0
319.4000 48.4000 0
315.7000 51.9000 0
228.5000 327.6000 0
223.9000 330.1000 0
289.6000 239.7000 0
282.9000 240.0000 0
258.9000 303.0000 0
254.4000 301.1000 0
308.4000 308.1000 0
320.6000 306.4000 0
251.4000 312.3000 0
257.1000 310.7000 0
78.9000 261.0000 0
78.6000 256.6000 0
97.3000 327.4000 0
96.6000 0.8000 0
279.4000 139.9000 0
280.8000 144.8000 0
312.6000 155.2000 0
306.9000 156.6000 0
288.8000 151.5000 0
283.2000 153.0000 0
181.3000 158.1000 0
172.3000 151.5000 0
278.3000 239.8000 0
275.7000 244.8000 0
125.7000 288.4000 0
131.4000 285.0000 0
127.8000 236.4000 0
132.7000 234.4000 0
251.1000 109.8000 0
256.2000 107.3000 0
4.3000 210.9000 0
7.1000 206.5000 0
39.8000 62.3000 0
39.1000 67.6000 0
243.6000 168.8000 0
237.2000 169.7000 0
63.1000 312.9000 0
69.0000 310.7000 0
201.0000 299.7000 0
205.5000 302.9000 0
276.8000 174.8000 0
282.7000 175.4000 0
261.8000 80.6000 0
256.4000 81.0000 0
277.8000 136.2000 0
273.3000 133.9000 0
324.1000 148.0000 0
328.2000 151.3000 0
13.4000 97.2000 0
8.9000 93.3000 0
305.8000 180.0000 0
303.2000 175.9000 0
74.3000 268.5000 0
69.8000 266.2000 0
326.5000 116.9000 0
322.3000 118.3000 0
8.3000 86.8000 0
3.9000 89.5000 0
251.5000 89.2000 0
247.4000 91.7000 0
227.7000 10.8000 0
230.3000 16.0000 0
295.7000 208.6000 0
298.4000 213.1000 0
64.0000 57.8000 0
67.4000 54.1000 0
9.9000 238.7000 0
14.3000 239.1000 0
287.5000 57.1000 0
292.8000 53.8000 0
294.2000 86.4000 0
291.9000 90.4000 0
25.9000 16.5000 0
27.1000 11.8000 0
262.0000 40.0000 0
265.9000 42.8000 0
139.7000 280.1000 0
139.8000 285.5000 0
131.5000 279.1000 0
135.4000 277.1000 0
292.9000 10.6000 0
297.6000 13.4000 0
77.6000 45.4000 0
83.1000 47.2000 0
329.7000 257.2000 0
329.1000 251.6000 0
24.6000 55.2000 0
21.6000 51.4000 0
67.4000 289.4000 0
62.5000 287.9000 0
262.0000 194.5000 0
258.6000 198.8000 0
60.6000 89.2000 1
52.4000 92.4000 1
199.2000 112.7000 1
189.6000 110.8000 1
91.5000 149.3000 1
86.7000 143.5000 1
25.3000 117.8000 1
27.4000 112.8000 1
107.4000 137.7000 1
104.2000 140.7000 1
206.5000 180.1000 1
205.6000 175.2000 1
86.1000 62.8000 1
85.8000 67.2000 1
167.5000 19.4000 1
177.8000 30.2000 1
47.9000 213.9000 1
48.5000 215.3000 1
114.1000 260.0000 1
104.7000 259.7000 1
30.7000 161.5000 1
30.5000 153.5000 1
74.3000 133.3000 1
71.6000 139.3000 1
87.8000 158.1000 1
88.1000 161.0000 1
123.2000 225.8000 1
125.6000 232.0000 1
40.0000 174.1000 1
33.6000 166.7000 1
147.4000 124.6000 1
152.0000 122.7000 1
69.4000 71.5000 1
72.5000 78.1000 1
274.2000 288.1000 1
277.1000 283.8000 1
146.0000 141.2000 1
152.8000 133.0000 1
141.9000 329.5000 1
141.1000 322.2000 1
97.9000 159.2000 1
88.0000 152.7000 1
173.9000 58.4000 1
180.8000 65.6000 1
151.5000 192.3000 1
142.3000 191.0000 1
326.0000 325.2000 1
318.9000 325.7000 1
182.2000 200.6000 1
179.9000 207.2000 1
298.3000 325.2000 1
295.2000 327.5000 1
100.5000 98.9000 1
93.4000 99.1000 1
159.0000 8.2000 1
147.7000 4.8000 1
211.0000 116.3000 1
218.4000 116.2000 1
71.0000 195.5000 1
80.6000 194.9000 1
102.9000 45.5000 1
105.3000 40.5000 1
178.4000 100.7000 1
187.7000 86.9000 1
203.4000 54.6000 1
202.1000 64.2000 1
152.6000 53.3000 1
160.9000 55.2000 1
196.8000 152.1000 1
191.7000 169.0000 1
218.0000 135.7000 1
222.0000 137.6000 1
136.5000 208.7000 1
142.0000 203.4000 1
180.7000 117.5000 1
191.2000 137.1000 1
113.7000 156.0000 1
117.4000 160.2000 1
217.0000 140.9000 1
212.9000 152.7000 1
144.2000 105.0000 1
141.9000 112.9000 1
66.2000 102.1000 1
67.5000 93.9000 1
159.8000 227.6000 1
153.1000 217.7000 1
221.1000 141.4000 1
227.3000 148.1000 1
94.3000 183.3000 1
84.4000 194.7000 1
120.9000 218.3000 1
120.8000 229.5000 1
70.5000 217.5000 1
72.8000 212.1000 1
200.9000 1.3000 1
205.6000 7.8000 1
158.0000 327.6000 1
154.7000 0.8000 1
136.1000 195.5000 1
143.8000 196.6000 1
166.0000 130.7000 1
168.5000 128.8000 1
167.6000 178.5000 1
170.8000 182.1000 1
163.9000 51.0000 1
164.4000 54.4000 1
230.2000 179.3000 1
221.0000 176.4000 1
90.3000 50.8000 1
88.1000 52.4000 1
302.1000 267.4000 1
299.2000 268.9000 1
121.3000 46.5000 1
116.1000 39.5000 1
92.8000 65.2000 1
101.7000 49.8000 1
12.1000 142.9000 1
13.5000 156.5000 1
154.1000 96.3000 1
154.3000 86.8000 1
210.4000 78.5000 1
203.1000 75.5000 1
90.5000 238.3000 1
87.6000 242.4000 1
163.5000 173.6000 1
153.0000 182.6000 1
165.9000 232.8000 1
169.3000 228.2000 1
195.7000 125.4000 1
193.1000 128.8000 1
117.2000 255.4000 1
118.4000 261.9000 1
101.9000 247.5000 1
102.3000 252.5000 1
17.0000 179.6000 1
24.7000 174.6000 1
127.7000 43.6000 1
137.5000 48.7000 1
226.5000 134.0000 1
218.0000 126.1000 1
244.0000 146.1000 1
240.2000 140.1000 1
133.6000 180.3000 1
126.8000 174.5000 1
107.2000 148.5000 1
102.1000 149.1000 1
54.8000 74.6000 1
51.6000 80.6000 1
300.3000 314.2000 1
302.5000 312.6000 1
184.8000 5.9000 1
191.9000 5.0000 1
124.2000 183.2000 1
121.6000 189.7000 1
143.2000 155.5000 1
144.7000 163.9000 1
89.9000 71.7000 1
81.4000 64.1000 1
207.2000 12.7000 1
202.2000 12.5000 1
70.3000 235.1000 1
71.1000 241.5000 1
95.7000 218.9000 1
86.0000 224.1000 1
79.2000 215.6000 1
73.2000 205.7000 1
20.9000 172.1000 1
16.9000 164.1000 1
175.5000 96.0000 1
172.3000 100.1000 1
168.1000 105.0000 1
166.6000 94.8000 1
68.0000 204.9000 1
74.3000 197.9000 1
136.0000 29.6000 1
131.6000 26.9000 1
157.8000 157.3000 1
163.8000 161.6000 1
323.2000 316.6000 1
2.2000 309.3000 1
230.2000 97.4000 1
225.7000 104.2000 1
10.3000 170.7000 1
6.4000 161.7000 1
209.3000 204.6000 1
199.1000 201.3000 1
204.8000 164.7000 1
217.7000 161.8000 1
78.1000 65.0000 1
71.1000 62.2000 1
221.6000 160.0000 1
212.6000 158.9000 1
0.0000 326.1000 1
328.7000 0.2000 1
140.2000 28.3000 1
151.6000 24.3000 1
132.6000 103.7000 1
140.9000 101.0000 1
4.5000 315.3000 1
12.7000 320.0000 1
122.0000 50.0000 1
139.0000 58.7000 1
190.2000 105.7000 1
174.9000 104.3000 1
326.2000 3.7000 1
319.2000 5.5000 1
36.7000 138.4000 1
42.6000 135.8000 1
57.2000 127.2000 1
55.3000 138.3000 1
212.9000 126.0000 1
209.8000 139.5000 1
75.2000 123.4000 1
76.5000 118.9000 1
297.1000 292.3000 1
303.4000 299.3000 1
129.3000 81.4000 1
130.0000 83.2000 1
121.1000 30.6000 1
122.4000 25.5000 1
87.7000 110.0000 1
95.5000 102.4000 1
161.5000 232.2000 1
163.0000 237.4000 1
183.7000 29.0000 1
177.1000 21.2000 1
85.5000 72.5000 1
82.0000 78.0000 1
132.6000 54.0000 1
127.2000 53.9000 1
298.7000 308.3000 1
295.0000 305.6000 1
100.4000 121.7000 1
94.3000 126.1000 1
127.0000 120.4000 1
130.9000 120.6000 1
89.4000 212.8000 1
82.9000 220.2000 1
168.8000 27.3000 1
162.6000 34.6000 1
28.9000 130.7000 1
28.3000 121.2000 1
280.1000 311.3000 1
285.1000 305.3000 1
221.7000 180.3000 1
214.7000 185.4000 1
267.9000 320.3000 1
264.7000 315.1000 1
113.8000 205.0000 1
113.3000 191.7000 1
23.6000 127.6000 1
23.4000 123.1000 1
63.3000 93.2000 1
76.8000 94.4000 1
47.4000 150.0000 1
41.5000 145.1000 1
39.3000 150.7000 1
23.5000 153.2000 1
90.0000 201.3000 1
88.3000 208.9000 1
198.8000 13.8000 1
194.8000 12.3000 1
133.0000 98.2000 1
134.0000 92.7000 1
17.5000 127.1000 1
11.3000 130.3000 1
132.8000 122.7000 1
136.2000 131.0000 1
184.4000 213.7000 1
179.8000 210.6000 1
317.3000 285.9000 1
317.2000 285.3000 1
83.9000 181.2000 1
76.9000 169.4000 1
92.3000 205.8000 1
91.2000 214.7000 1
176.5000 76.8000 1
180.2000 71.9000 1
170.3000 205.9000 1
162.7000 210.1000 1
216.7000 81.5000 1
208.7000 91.2000 1
204.7000 137.0000 1
209.6000 134.3000 1
203.1000 106.5000 1
198.0000 108.1000 1
137.5000 178.8000 1
127.7000 195.5000 1
106.5000 64.4000 1
110.5000 72.4000 1
64.9000 87.6000 1
67.6000 77.8000 1
151.9000 32.1000 1
157.7000 33.7000 1
79.0000 58.6000 1
91.2000 56.4000 1
205.5000 147.9000 1
205.2000 155.1000 1
85.5000 237.8000 1
79.3000 229.7000 1
67.5000 125.6000 1
69.8000 123.6000 1
104.7000 200.9000 1
116.1000 210.1000 1
161.9000 124.2000 1
157.8000 130.6000 1
289.0000 281.0000 1
291.0000 290.8000 1
218.5000 157.9000 1
213.5000 147.6000 1
139.0000 196.3000 1
126.2000 198.6000 1
242.6000 142.1000 1
238.5000 144.1000 1
221.7000 95.9000 1
225.3000 99.3000 1
164.5000 18.0000 1
166.3000 12.0000 1
98.2000 174.1000 1
92.2000 164.6000 1
114.9000 192.1000 1
110.8000 192.1000 1
47.9000 126.6000 1
43.9000 130.2000 1
212.7000 61.6000 1
204.6000 66.7000 1
81.6000 82.9000 1
81.7000 90.5000 1
52.9000 218.3000 1
47.8000 218.7000 1
192.4000 153.8000 1
193.2000 146.7000 1
125.5000 139.4000 1
128.0000 137.4000 1
164.5000 142.9000 1
174.2000 140.3000 1
73.2000 112.1000 1
76.1000 110.9000 1
218.8000 198.3000 1
220.3000 194.4000 1
156.8000 195.7000 1
171.9000 189.3000 1
226.1000 167.5000 1
219.5000 166.3000 1
122.6000 94.0000 1
115.2000 97.6000 1
122.6000 180.0000 1
115.7000 179.4000 1
229.4000 85.1000 1
231.5000 87.1000 1
188.0000 160.4000 1
187.4000 157.4000 1
154.3000 35.9000 1
167.5000 48.7000 1
202.1000 78.0000 1
201.0000 81.0000 1
145.7000 225.4000 1
145.9000 228.4000 1
288.6000 265.2000 1
295.4000 265.5000 1
110.3000 51.4000 1
111.0000 61.3000 1
60.7000 196.0000 1
61.0000 211.2000 1
63.5000 72.5000 1
69.6000 68.4000 1
174.5000 53.5000 1
174.5000 49.8000 1
16.0000 131.3000 1
23.2000 115.0000 1
76.6000 81.3000 1
82.1000 72.5000 1
129.0000 157.9000 1
124.7000 150.7000 1
152.9000 50.5000 1
158.3000 46.1000 1
103.2000 278.3000 1
93.4000 274.5000 1
44.7000 97.5000 1
41.3000 94.9000 1
183.8000 91.0000 1
194.7000 92.1000 1
147.3000 27.3000 1
155.4000 22.5000 1
241.7000 290.2000 1
237.2000 296.4000 1
220.1000 112.1000 1
217.3000 120.0000 1
161.8000 72.8000 1
156.5000 80.2000 1
19.5000 121.8000 1
25.1000 109.2000 1
32.2000 135.0000 1
34.4000 143.1000 1
205.7000 72.5000 1
198.9000 56.8000 1
275.9000 310.4000 1
282.5000 316.0000 1
171.3000 138.0000 1
178.0000 134.2000 1
129.5000 94.7000 1
136.4000 84.2000 1
147.3000 54.8000 1
133.7000 50.0000 1
206.4000 44.5000 1
196.0000 39.0000 1
186.1000 40.2000 1
181.8000 36.7000 1
205.8000 194.5000 1
200.9000 196.2000 1
60.1000 109.7000 1
63.3000 103.9000 1
132.4000 64.6000 1
138.3000 62.9000 1
25.0000 165.3000 1
20.0000 168.1000 1
57.9000 191.3000 1
62.7000 185.3000 1
16.8000 157.0000 1
11.8000 162.0000 1
228.4000 202.5000 1
232.3000 200.5000 1
213.8000 187.4000 1
216.6000 191.0000 1
211.4000 197.6000 1
208.5000 199.4000 1
95.3000 70.3000 1
103.7000 65.8000 1
130.5000 162.7000 1
129.9000 169.4000 1
186.0000 196.3000 1
176.2000 207.3000 1
174.8000 121.3000 1
171.1000 123.9000 1
46.6000 145.7000 1
51.4000 152.7000 1
79.3000 224.9000 1
70.1000 227.8000 1
184.8000 71.7000 1
179.4000 71.4000 1
174.1000 329.8000 1
168.2000 2.8000 1
180.8000 18.6000 1
190.5000 14.8000 1
164.7000 77.9000 1
170.5000 78.5000 1
196.9000 27.5000 1
195.2000 34.2000 1
160.1000 65.3000 1
148.7000 59.6000 1
50.7000 105.8000 1
64.7000 114.1000 1
173.5000 220.5000 1
171.6000 211.4000 1
47.0000 104.7000 1
47.8000 94.7000 1
181.9000 219.6000 1
175.0000 227.4000 1
34.5000 86.7000 1
45.7000 85.7000 1
58.5000 207.1000 1
56.1000 206.1000 1
207.4000 77.9000 1
209.9000 73.5000 1
46.0000 112.2000 1
41.9000 105.0000 1
321.5000 1.7000 1
317.9000 330.5000 1
153.2000 141.6000 1
161.4000 138.5000 1
179.7000 48.4000 1
189.4000 45.0000 1
54.5000 70.8000 1
50.0000 68.9000 1
284.4000 296.7000 1
279.8000 299.0000 1
122.5000 39.4000 1
131.0000 46.1000 1
80.3000 185.0000 1
74.1000 184.6000 1
118.8000 215.4000 1
129.3000 202.1000 1
163.4000 19.4000 1
159.3000 22.8000 1
51.6000 177.2000 1
56.5000 176.4000 1
50.9000 184.5000 1
44.9000 183.0000 1
44.3000 192.5000 1
47.8000 187.9000 1
155.6000 4.6000 1
147.5000 10.2000 1
102.4000 194.9000 1
94.5000 189.3000 1
288.8000 317.1000 1
274.5000 305.2000 1
104.3000 209.2000 1
109.3000 217.0000 1
178.7000 178.7000 1
166.8000 173.3000 1
156.2000 110.0000 1
172.5000 108.8000 1
190.6000 194.3000 1
202.1000 190.0000 1
8.0000 301.2000 1
12.7000 296.6000 1
204.0000 39.5000 1
199.7000 31.5000 1
106.9000 162.9000 1
93.1000 172.1000 1
134.2000 159.9000 1
122.8000 162.0000 1
62.8000 175.0000 1
59.0000 171.9000 1
196.4000 51.1000 1
192.5000 39.3000 1
166.4000 83.1000 1
171.3000 93.7000 1
61.3000 160.8000 1
73.6000 157.5000 1
191.8000 100.9000 1
182.7000 101.2000 1
160.4000 137.9000 1
163.2000 144.7000 1
136.6000 132.4000 1
135.0000 133.6000 1
298.8000 281.5000 1
309.3000 273.5000 1
251.2000 260.0000 1
253.3000 269.7000 1
169.6000 68.7000 1
164.6000 67.3000 1
155.0000 66.3000 1
141.7000 59.1000 1
104.0000 225.2000 1
98.9000 213.3000 1
170.2000 41.7000 1
170.8000 30.6000 1
72.2000 56.6000 1
76.7000 61.9000 1
92.6000 243.5000 1
90.1000 248.6000 1
296.9000 276.8000 1
311.0000 278.0000 1
136.2000 76.8000 1
132.1000 69.2000 1
208.4000 100.3000 1
195.4000 91.1000 1
177.6000 211.1000 1
172.6000 195.2000 1
114.7000 92.6000 1
115.9000 102.4000 1
66.6000 223.3000 1
62.2000 226.6000 1
325.0000 320.7000 1
317.9000 316.2000 1
127.2000 212.9000 1
123.8000 207.6000 1
83.2000 226.8000 1
78.0000 218.5000 1
141.3000 150.3000 1
144.8000 145.2000 1
43.8000 196.2000 1
48.3000 198.7000 1
191.0000 124.9000 1
197.5000 120.6000 1
187.4000 1.7000 1
183.7000 10.1000 1
89.9000 198.0000 1
93.5000 193.5000 1
313.0000 297.7000 1
314.6000 289.5000 1
88.1000 191.4000 1
84.5000 189.0000 1
10.8000 150.3000 1
13.7000 145.6000 1
198.8000 165.8000 1
203.5000 159.8000 1
68.9000 212.6000 1
63.0000 219.9000 1
316.1000 277.1000 1
320.1000 273.7000 1
232.3000 142.0000 1
231.9000 133.3000 1
186.6000 202.6000 1
187.0000 207.7000 1
148.5000 132.3000 1
143.9000 132.5000 1
98.7000 116.5000 1
93.0000 115.5000 1
151.4000 105.7000 1
151.0000 111.7000 1
159.2000 105.8000 1
166.3000 102.2000 1
228.8000 146.6000 1
232.3000 148.3000 1
150.0000 146.0000 1
157.2000 137.9000 1
115.4000 25.1000 1
105.2000 29.2000 1
113.7000 64.3000 1
108.8000 65.5000 1
89.6000 129.7000 1
84.4000 133.9000 1
128.3000 245.6000 1
120.2000 233.9000 1
78.3000 132.5000 1
80.4000 130.0000 1
159.6000 324.5000 1
167.3000 330.1000 1
100.6000 210.9000 1
94.6000 214.4000 1
105.0000 241.3000 1
102.5000 235.5000 1
160.5000 226.7000 1
159.1000 234.3000 1
116.4000 87.0000 1
107.0000 79.5000 1
303.5000 307.5000 1
310.6000 303.7000 1
88.0000 233.7000 1
83.8000 230.3000 1
329.7000 309.9000 1
317.9000 299.6000 1
58.4000 167.7000 1
64.5000 179.8000 1
202.3000 44.4000 1
205.1000 51.0000 1
48.6000 85.7000 1
29.7000 91.7000 1
313.9000 281.8000 1
307.4000 281.3000 1
58.8000 114.8000 1
54.0000 116.0000 1
233.5000 125.5000 1
237.8000 127.1000 1
78.8000 85.8000 1
78.6000 90.2000 1
22.6000 100.8000 1
28.2000 99.3000 1
218.0000 53.0000 1
206.4000 61.4000 1
119.9000 58.4000 1
127.5000 58.9000 1
33.2000 95.0000 1
28.4000 94.9000 1
126.5000 115.9000 1
121.7000 124.2000 1
307.1000 265.8000 1
311.1000 273.1000 1
112.3000 128.1000 1
120.3000 129.9000 1
98.8000 143.2000 1
96.4000 136.2000 1
75.0000 236.8000 1
75.2000 228.2000 1
135.7000 44.1000 1
139.1000 41.5000 1
222.6000 125.6000 1
215.1000 127.1000 1
227.4000 107.0000 1
227.9000 112.6000 1
83.8000 199.6000 1
83.3000 203.2000 1
24.1000 173.6000 1
26.6000 181.8000 1
9.0000 316.6000 1
4.6000 314.8000 1
133.9000 165.7000 1
134.2000 161.2000 1
106.3000 57.4000 1
94.2000 60.9000 1
43.1000 179.6000 1
42.7000 174.0000 1
129.6000 59.8000 1
127.3000 71.9000 1
143.0000 182.0000 1
135.2000 191.2000 1
107.9000 126.7000 1
102.6000 136.8000 1
42.8000 201.2000 1
48.1000 203.5000 1
128.0000 103.9000 1
129.9000 95.6000 1
188.5000 172.6000 1
201.1000 168.1000 1
286.8000 300.9000 1
294.6000 311.0000 1
313.0000 301.3000 1
314.2000 296.2000 1
193.8000 49.5000 1
195.2000 57.6000 1
124.3000 128.8000 1
124.7000 142.6000 1
89.6000 180.5000 1
92.0000 176.2000 1
309.5000 290.5000 1
304.7000 290.3000 1
327.1000 306.2000 1
6.4000 304.6000 1
234.8000 86.4000 1
236.0000 96.5000 1
152.2000 81.3000 1
156.2000 75.0000 1
132.1000 225.7000 1
136.7000 221.6000 1
39.2000 163.9000 1
45.9000 160.1000 1
123.8000 142.4000 1
119.7000 147.7000 1
174.7000 144.9000 1
168.1000 146.4000 1
94.7000 116.5000 1
102.7000 127.0000 1
225.9000 161.4000 1
216.8000 165.9000 1
65.7000 129.4000 1
67.4000 139.5000 1
51.5000 110.8000 1
56.9000 100.2000 1
157.4000 119.3000 1
159.2000 115.5000 1
39.2000 186.7000 1
38.7000 177.8000 1
76.2000 141.1000 1
71.8000 141.1000 1
137.7000 230.4000 1
145.4000 238.1000 1
162.4000 146.7000 1
160.3000 161.5000 1
98.1000 244.2000 1
106.1000 249.9000 1
156.3000 219.0000 1
162.7000 222.3000 1
262.6000 286.7000 1
259.7000 288.9000 1
161.3000 72.2000 1
169.2000 74.1000 1
63.2000 156.2000 1
55.8000 151.0000 1
116.9000 159.0000 1
112.5000 174.8000 1
177.4000 197.5000 1
182.1000 194.7000 1
270.3000 323.3000 1
274.0000 315.2000 1
236.4000 195.4000 1
223.4000 202.9000 1
176.6000 3.2000 1
179.2000 329.7000 1
237.9000 101.2000 1
229.8000 102.6000 1
328.3000 316.0000 1
327.4000 323.9000 1
153.3000 231.9000 1
148.3000 218.8000 1
70.4000 190.2000 1
63.5000 186.9000 1
184.0000 83.2000 1
180.3000 91.4000 1
135.8000 35.3000 1
126.1000 36.9000 1
45.3000 134.6000 1
48.5000 138.6000 1
114.4000 167.2000 1
105.8000 179.0000 1
285.8000 288.1000 1
282.4000 294.7000 1
173.1000 178.2000 1
174.8000 184.8000 1
81.9000 95.6000 1
84.5000 94.6000 1
99.6000 192.6000 1
105.1000 194.2000 1
37.0000 87.1000 1
30.6000 87.7000 1
51.4000 168.9000 1
47.7000 177.1000 1
116.4000 124.7000 1
122.5000 120.1000 1
133.9000 128.6000 1
138.9000 120.8000 1
123.3000 177.2000 1
112.9000 179.7000 1
291.2000 269.2000 1
297.0000 271.8000 1
145.6000 89.1000 1
146.1000 89.6000 1
74.0000 216.8000 1
65.7000 206.2000 1
20.1000 152.4000 1
19.2000 140.9000 1
80.0000 155.4000 1
72.2000 154.0000 1
129.2000 33.3000 1
123.5000 33.0000 1
230.2000 121.3000 1
223.1000 121.0000 1
50.7000 90.6000 1
46.5000 92.6000 1
195.7000 183.3000 1
183.5000 183.5000 1
206.9000 46.0000 1
210.5000 49.9000 1
205.5000 86.3000 1
196.1000 69.6000 1
46.1000 154.8000 1
34.7000 158.4000 1
128.0000 222.8000 1
131.3000 230.9000 1
140.8000 45.5000 1
145.9000 34.3000 1
182.6000 165.5000 1
179.0000 165.2000 1
185.6000 33.5000 1
185.2000 19.3000 1
127.1000 201.6000 1
130.4000 209.9000 1
206.8000 145.0000 1
204.4000 142.7000 1
253.8000 152.2000 1
246.0000 150.3000 1
159.6000 38.2000 1
160.6000 50.9000 1
191.7000 54.7000 1
189.3000 59.9000 1
157.6000 145.1000 1
154.3000 149.4000 1
185.3000 141.1000 1
186.5000 144.3000 1
195.7000 205.0000 1
189.2000 212.0000 1
237.1000 91.6000 1
225.0000 90.4000 1
154.1000 164.6000 1
154.8000 175.7000 1
110.7000 159.8000 1
107.3000 172.3000 1
176.4000 17.7000 1
186.2000 12.2000 1
148.6000 22.6000 1
140.2000 37.8000 1
20.4000 133.1000 1
16.3000 136.4000 1
1.6000 149.9000 1
6.5000 147.7000 1
61.4000 126.6000 1
52.6000 128.1000 1
56.7000 215.2000 1
58.3000 221.6000 1
97.6000 222.7000 1
100.1000 237.7000 1
164.5000 202.4000 1
159.0000 206.8000 1
147.6000 164.7000 1
150.7000 155.8000 1
151.5000 101.0000 1
137.6000 102.6000 1
208.0000 106.6000 1
206.9000 119.0000 1
147.8000 19.2000 1
155.2000 13.1000 1
208.1000 37.3000 1
210.9000 45.2000 1
156.8000 197.9000 1
157.6000 180.2000 1
120.9000 75.6000 1
122.1000 62.4000 1
96.3000 107.2000 1
98.6000 99.7000 1
135.6000 137.1000 1
128.7000 143.0000 1
151.3000 210.3000 1
146.4000 204.1000 1
162.6000 19.7000 1
158.6000 17.8000 1
187.1000 192.6000 1
185.8000 188.3000 1
197.7000 144.1000 1
191.1000 135.4000 1
157.0000 100.9000 1
142.6000 93.4000 1
239.7000 138.3000 1
228.6000 130.9000 1
129.5000 168.0000 1
120.7000 165.1000 1
288.2000 278.1000 1
281.4000 273.8000 1
154.8000 178.4000 1
146.5000 180.2000 1
172.8000 167.9000 1
171.9000 158.5000 1
107.4000 89.0000 1
114.4000 83.3000 1
120.2000 99.1000 1
126.9000 110.7000 1
148.0000 171.9000 1
144.4000 175.2000 1
55.3000 156.1000 1
55.0000 166.7000 1
200.3000 120.0000 1
203.0000 129.8000 1
151.1000 67.4000 1
146.2000 68.1000 1
195.1000 185.3000 1
204.3000 189.6000 1
119.7000 153.0000 1
126.2000 146.4000 1
19.1000 91.5000 1
23.1000 94.0000 1
116.8000 140.5000 1
122.7000 135.1000 1
286.2000 312.6000 1
297.3000 315.4000 1
213.3000 102.1000 1
213.4000 97.9000 1
59.6000 141.1000 1
59.2000 142.0000 1
185.6000 169.0000 1
189.4000 164.0000 1
106.0000 220.8000 1
102.5000 202.0000 1
93.2000 80.3000 1
86.3000 76.3000 1
144.9000 95.9000 1
161.1000 96.5000 1
119.2000 222.0000 1
110.4000 222.0000 1
3.4000 157.3000 1
19.7000 149.9000 1
203.5000 92.3000 1
194.7000 99.2000 1
90.1000 114.7000 1
98.4000 111.5000 1
214.5000 177.2000 1
217.5000 170.6000 1
127.3000 60.0000 1
110.7000 63.2000 1
199.8000 26.9000 1
191.8000 14.2000 1
151.5000 42.8000 1
148.2000 49.7000 1
232.6000 111.6000 1
230.4000 106.2000 1
89.4000 139.4000 1
98.0000 128.7000 1
209.6000 122.1000 1
206.2000 129.8000 1
88.4000 171.0000 1
73.2000 172.9000 1
178.6000 85.8000 1
176.2000 81.3000 1
26.0000 143.4000 1
23.0000 146.0000 1
106.6000 158.8000 1
104.2000 156.4000 1
221.2000 155.3000 1
218.3000 148.9000 1
141.7000 76.3000 1
141.2000 70.6000 1
77.4000 160.3000 1
75.8000 168.1000 1
163.4000 197.7000 1
169.4000 198.7000 1
140.4000 23.3000 1
127.3000 24.2000 1
164.3000 157.5000 1
166.9000 149.1000 1
191.8000 180.4000 1
203.9000 179.5000 1
185.9000 177.9000 1
181.2000 184.7000 1
126.3000 191.2000 1
126.6000 185.2000 1
192.0000 175.8000 1
205.3000 171.2000 1
279.0000 278.5000 1
281.6000 287.2000 1
31.2000 117.5000 1
44.1000 124.6000 1
287.9000 274.1000 1
280.5000 269.4000 1
179.0000 124.4000 1
169.9000 124.5000 1
78.7000 149.0000 1
83.2000 145.5000 1
204.2000 97.5000 1
212.8000 93.2000 1
134.1000 151.0000 1
138.4000 159.6000 1
173.7000 72.7000 1
190.6000 68.8000 1
110.0000 97.5000 1
104.5000 101.7000 1
60.8000 215.8000 1
58.3000 201.3000 1
112.1000 255.6000 1
111.1000 250.5000 1
187.7000 52.3000 1
184.6000 47.4000 1
84.6000 114.9000 1
69.6000 115.7000 1
189.5000 74.3000 1
189.8000 80.8000 1
82.5000 107.5000 1
78.2000 103.6000 1
157.1000 124.8000 1
160.2000 121.5000 1
41.7000 169.0000 1
46.9000 167.1000 1
27.4000 159.3000 1
22.1000 164.0000 1
95.3000 238.9000 1
95.5000 231.1000 1
139.0000 105.4000 1
146.3000 109.2000 1
175.9000 44.0000 1
164.7000 43.3000 1
182.3000 127.7000 1
190.1000 141.6000 1
240.7000 134.1000 1
247.1000 127.7000 1
102.9000 106.5000 1
107.9000 116.3000 1
88.3000 147.2000 1
80.5000 159.6000 1
182.0000 106.8000 1
184.3000 114.4000 1
109.1000 33.4000 1
110.6000 43.1000 1
64.2000 164.6000 1
69.3000 177.0000 1
297.2000 289.8000 1
310.6000 285.7000 1
162.6000 109.4000 1
173.0000 114.1000 1
81.9000 112.6000 1
82.0000 120.4000 1
95.1000 85.4000 1
88.7000 87.5000 1
190.1000 33.3000 1
196.7000 44.3000 1
94.7000 159.0000 1
95.5000 138.0000 1
311.2000 314.1000 1
304.6000 317.5000 1
180.3000 20.8000 1
192.2000 21.2000 1
71.6000 83.8000 1
60.4000 84.6000 1
289.4000 294.1000 1
297.6000 301.5000 1
189.7000 114.4000 1
192.3000 112.3000 1
183.8000 330.8000 1
186.8000 327.2000 1
150.1000 236.9000 1
151.5000 232.0000 1
213.8000 131.7000 1
201.2000 117.8000 1
112.5000 33.2000 1
109.8000 25.2000 1
50.7000 71.0000 1
42.6000 67.4000 1
71.7000 145.1000 1
71.2000 159.4000 1
33.0000 185.7000 1
34.3000 180.8000 1
30.4000 140.6000 1
41.4000 150.5000 1
154.8000 210.6000 1
141.9000 222.1000 1
116.4000 231.3000 1
114.0000 235.1000 1
143.4000 14.4000 1
155.9000 13.2000 1
66.7000 120.7000 1
69.5000 110.9000 1
279.1000 287.2000 1
278.0000 296.4000 1
30.2000 105.3000 1
31.4000 104.2000 1
157.3000 169.9000 1
161.8000 172.8000 1
39.6000 191.1000 1
35.1000 193.3000 1
107.9000 120.9000 1
110.2000 132.2000 1
297.2000 320.7000 1
295.1000 322.9000 1
179.6000 51.3000 1
183.3000 56.0000 1
169.7000 10.7000 1
160.5000 3.4000 1
225.5000 195.5000 1
223.0000 185.5000 1
180.2000 145.1000 1
187.4000 154.9000 1
170.3000 5.5000 1
178.6000 8.0000 1
145.1000 79.7000 1
149.3000 77.1000 1
65.5000 147.9000 1
60.4000 147.5000 1
108.2000 114.9000 1
113.8000 109.3000 1
97.2000 197.0000 1
92.7000 209.5000 1
122.9000 23.1000 1
130.2000 21.1000 1
109.0000 102.7000 1
109.9000 108.6000 1
230.5000 152.0000 1
233.8000 136.7000 1
199.3000 159.0000 1
197.0000 147.3000 1
141.4000 82.2000 1
139.3000 88.2000 1
218.2000 95.1000 1
210.7000 95.7000 1
113.1000 77.5000 1
115.9000 71.2000 1
328.7000 158.6000 1
7.3000 155.5000 1
57.8000 79.5000 1
55.2000 87.2000 1
197.9000 65.1000 1
181.4000 67.2000 1
142.8000 5.9000 1
137.8000 19.6000 1
99.2000 227.6000 1
108.9000 229.2000 1
163.5000 189.1000 1
170.3000 190.5000 1
149.8000 164.9000 1
138.1000 164.7000 1
35.9000 114.3000 1
37.6000 120.8000 1
11.0000 311.4000 1
9.7000 306.0000 1
201.1000 172.8000 1
212.9000 169.1000 1
193.3000 326.1000 1
198.7000 0.9000 1
