100 603 
101 591 
102 615 
103 630 
104 639 
105 610 
106 567 
107 631 
108 601 
109 609 
110 601 
111 575 
112 591 
113 574 
114 577 
115 559 
116 571 
117 596 
118 598 
119 615 
120 642 
121 589 
122 634 
123 672 
124 597 
125 566 
126 575 
127 608 
128 592 
129 592 
130 586 
131 598 
132 581 
133 594 
134 625 
135 616 
136 627 
137 630 
138 606 
139 641 
140 611 
141 580 
142 550 
143 550 
144 590 
145 593 
146 607 
147 567 
148 592 
149 590 
150 565 
151 560 
152 590 
153 592 
154 587 
155 595 
156 557 
157 564 
158 565 
159 576 
160 543 
161 584 
162 621 
163 563 
164 639 
165 589 
166 595 
167 558 
168 614 
169 582 
170 606 
171 559 
172 578 
173 579 
174 588 
175 584 
176 596 
177 561 
178 580 
179 560 
180 569 
181 589 
182 643 
183 579 
184 567 
185 562 
186 593 
187 613 
188 624 
189 562 
190 609 
191 598 
192 587 
193 644 
194 581 
195 580 
196 547 
197 571 
198 577 
199 564 
200 546 
