2.447868561905972018e-02 9.740748336816049004e+02
4.895737123811944036e-02 1.315583682328068335e+03
7.343605685717916054e-02 1.024884869863961967e+03
9.791474247623888072e-02 8.368289665557215358e+02
1.223934280952986148e-01 6.147153477801527970e+02
1.468721137143583211e-01 4.373311986780902316e+02
1.713507993334180413e-01 3.560244202433664213e+02
1.958294849524777614e-01 2.596135501966635388e+02
2.203081705715375094e-01 1.872999776955507514e+02
2.447868561905972296e-01 1.260495542175375192e+02
2.692655418096568942e-01 1.268804442761707634e+02
2.937442274287166422e-01 7.871794916914493001e+01
3.182229130477763901e-01 6.186369826218211188e+01
3.427015986668360825e-01 5.185864490916640790e+01
3.671802842858957749e-01 3.810525119918847992e+01
3.916589699049555229e-01 3.367766990477181821e+01
4.161376555240152708e-01 2.502049146414519143e+01
4.406163411430750187e-01 2.187944837867755155e+01
4.650950267621347112e-01 1.362850065615941730e+01
4.895737123811944591e-01 1.175400166914192113e+01
5.140523980002541515e-01 9.724853305438882600e+00
5.385310836193137884e-01 5.798407251462822209e+00
5.630097692383735364e-01 7.302231496818158085e+00
5.874884548574332843e-01 6.276453773426410976e+00
6.119671404764930323e-01 4.181650948442594107e+00
6.364458260955527802e-01 3.751823427068595507e+00
6.609245117146124171e-01 3.584484629649199228e+00
6.854031973336721650e-01 2.244652963014092339e+00
7.098818829527319130e-01 2.135568620445751797e+00
7.343605685717915499e-01 1.798881216314019094e+00
7.588392541908512978e-01 1.985555930646472955e+00
7.833179398099110458e-01 1.461363459199469750e+00
8.077966254289707937e-01 1.425234707404292811e+00
8.322753110480305416e-01 1.049484655217175044e+00
8.567539966670901785e-01 1.128518174021831966e+00
8.812326822861500375e-01 1.024853246101642412e+00
9.057113679052097854e-01 8.981517953425364187e-01
9.301900535242694223e-01 8.894165560356066536e-01
9.546687391433291703e-01 8.118579226787686620e-01
9.791474247623889182e-01 7.113668511620953039e-01
1.003626110381448555e+00 6.348771010768632372e-01
1.028104796000508303e+00 7.151436033473475007e-01
1.052583481619568051e+00 6.309433196159610624e-01
1.077062167238627577e+00 5.054516302791082216e-01
1.101540852857687547e+00 4.766151949112343855e-01
1.126019538476747073e+00 5.074907501245289332e-01
1.150498224095807043e+00 4.433386614466859887e-01
1.174976909714866569e+00 4.509482282063825842e-01
1.199455595333926317e+00 4.375701436538739220e-01
1.223934280952986065e+00 3.347318980448415471e-01
1.248412966572045812e+00 3.043476370642839712e-01
1.272891652191105560e+00 3.773343330157454267e-01
1.297370337810165308e+00 3.448597151672497252e-01
1.321849023429224834e+00 3.068515523492350017e-01
1.346327709048284804e+00 2.983529572609474600e-01
1.370806394667344330e+00 2.739941596016209346e-01
1.395285080286404078e+00 2.724400946286591463e-01
1.419763765905463826e+00 2.804868254914313908e-01
1.444242451524523574e+00 2.794447352596525769e-01
1.468721137143583100e+00 2.140533932741303935e-01
1.493199822762643070e+00 1.991781661210529630e-01
1.517678508381702596e+00 2.222657956518484523e-01
1.542157194000762566e+00 2.148796679990266079e-01
1.566635879619822092e+00 1.997504391558302950e-01
1.591114565238881839e+00 1.994265091349668173e-01
1.615593250857941587e+00 1.846325147164900315e-01
1.640071936477001335e+00 1.778915566159428030e-01
1.664550622096061083e+00 1.777939073763800948e-01
1.689029307715120831e+00 1.606435640902058593e-01
1.713507993334180357e+00 1.627314809127386741e-01
1.737986678953240327e+00 1.658734317100764299e-01
1.762465364572300075e+00 1.444965753904680628e-01
1.786944050191359601e+00 1.289359917641354214e-01
1.811422735810419571e+00 1.353193572067308281e-01
1.835901421429479097e+00 1.517959434194645352e-01
1.860380107048538845e+00 1.394906824901124276e-01
1.884858792667598593e+00 1.332092027721203664e-01
1.909337478286658341e+00 1.200190720336299088e-01
1.933816163905718089e+00 1.181309492564801972e-01
1.958294849524777836e+00 1.152028443598108048e-01
1.982773535143837362e+00 1.132223951483951052e-01
2.007252220762897110e+00 1.063501695495751853e-01
2.031730906381957080e+00 1.174755226960163268e-01
2.056209592001016606e+00 1.063325133406378131e-01
2.080688277620076576e+00 9.749591677083381536e-02
2.105166963239136102e+00 1.049096218158171029e-01
2.129645648858195628e+00 1.040978236556648479e-01
2.154124334477255154e+00 9.426243961191398124e-02
2.178603020096315568e+00 9.175004120547701481e-02
2.203081705715375094e+00 9.196458599328589945e-02
2.227560391334434620e+00 8.735245817693221282e-02
2.252039076953494146e+00 8.472279977029681386e-02
2.276517762572554116e+00 8.996517477182915112e-02
2.300996448191614085e+00 8.198326496795124707e-02
2.325475133810673611e+00 8.071719755808318131e-02
2.349953819429733137e+00 8.036468768113781691e-02
2.374432505048793107e+00 7.141288782282241565e-02
2.398911190667852633e+00 7.301469655571811435e-02
2.423389876286912603e+00 7.977711938677155279e-02
2.447868561905972129e+00 7.306875691251950300e-02
2.472347247525032099e+00 6.922027910755516877e-02
2.496825933144091625e+00 7.024178241450855509e-02
2.521304618763151151e+00 6.933187971334268951e-02
2.545783304382211121e+00 6.343240581010635426e-02
2.570261990001271091e+00 6.381939815778364666e-02
2.594740675620330617e+00 6.420595673772824807e-02
2.619219361239390143e+00 5.759693309591196880e-02
2.643698046858449668e+00 6.059675184988192603e-02
2.668176732477509638e+00 6.097947209414168734e-02
2.692655418096569608e+00 5.935031069848290680e-02
2.717134103715629134e+00 5.762769631038165002e-02
2.741612789334688660e+00 5.776685580122578600e-02
2.766091474953748630e+00 5.544095946973275069e-02
2.790570160572808156e+00 5.029822597020469632e-02
2.815048846191868126e+00 5.306592098863733425e-02
2.839527531810927652e+00 5.049418659313795188e-02
2.864006217429987622e+00 4.837804652765000102e-02
2.888484903049047148e+00 4.912904539883751476e-02
2.912963588668106674e+00 4.994918381735583696e-02
2.937442274287166200e+00 5.018204897701511458e-02
2.961920959906226614e+00 4.997049008548816451e-02
2.986399645525286140e+00 5.002774630125365191e-02
3.010878331144345665e+00 4.454392955352055872e-02
3.035357016763405191e+00 4.578514265443446585e-02
3.059835702382465161e+00 4.559805211832290706e-02
3.084314388001525131e+00 4.373156803094516848e-02
3.108793073620584657e+00 4.389234584228257630e-02
3.133271759239644183e+00 4.219041934472485961e-02
3.157750444858704153e+00 3.916318813943584637e-02
3.182229130477763679e+00 4.154399846023321824e-02
3.206707816096823649e+00 4.054788856960925975e-02
3.231186501715883175e+00 3.752719836908817441e-02
3.255665187334943145e+00 3.933846187830179059e-02
3.280143872954002671e+00 4.083045884979299295e-02
3.304622558573062197e+00 3.881915619939512591e-02
3.329101244192122167e+00 3.723901525666529350e-02
3.353579929811182136e+00 3.731131273913057544e-02
3.378058615430241662e+00 3.680982841777892534e-02
3.402537301049301188e+00 3.613293979735188177e-02
3.427015986668360714e+00 3.293333310787423945e-02
3.451494672287420684e+00 3.531430104234907497e-02
3.475973357906480654e+00 3.326584845158635229e-02
3.500452043525540180e+00 3.428121544150777855e-02
3.524930729144600150e+00 3.365543806507176328e-02
3.549409414763659676e+00 3.424077798081832241e-02
3.573888100382719202e+00 3.138814299435036675e-02
3.598366786001779172e+00 3.276900280258455284e-02
3.622845471620839142e+00 3.043704417282907040e-02
3.647324157239898668e+00 2.905402086694321845e-02
3.671802842858958194e+00 3.040538441020539107e-02
3.696281528478017719e+00 3.054426881364182694e-02
3.720760214097077689e+00 2.916316439785100745e-02
3.745238899716137659e+00 3.051657729886833939e-02
3.769717585335197185e+00 2.928665489618712675e-02
3.794196270954256711e+00 2.872564992499393802e-02
3.818674956573316681e+00 2.889853126415847795e-02
3.843153642192376207e+00 2.785705914129091645e-02
3.867632327811436177e+00 2.617203848498937321e-02
3.892111013430495703e+00 2.696896789693419352e-02
3.916589699049555673e+00 2.712465047429239023e-02
3.941068384668615199e+00 2.656731812217945354e-02
3.965547070287674725e+00 2.698160389043113838e-02
3.990025755906734251e+00 2.563071248457052601e-02
4.014504441525794221e+00 2.505074595710550869e-02
4.038983127144853746e+00 2.459221473628169299e-02
4.063461812763914160e+00 2.564621223544049158e-02
4.087940498382973686e+00 2.467470749953636078e-02
4.112419184002033212e+00 2.383489944870036473e-02
4.136897869621092738e+00 2.428572994817742095e-02
4.161376555240153152e+00 2.333803740733829749e-02
4.185855240859212678e+00 2.324986609526985895e-02
4.210333926478272204e+00 2.319502387966630372e-02
4.234812612097331730e+00 2.327774867365018166e-02
4.259291297716391256e+00 2.245113815718495498e-02
4.283769983335450782e+00 2.195640688158040713e-02
4.308248668954510308e+00 2.241218060584844463e-02
4.332727354573570722e+00 2.201560397075385048e-02
4.357206040192631136e+00 2.179155422260587241e-02
4.381684725811690662e+00 2.032515779355888522e-02
4.406163411430750187e+00 2.065689173405495932e-02
4.430642097049809713e+00 2.099429395397789735e-02
4.455120782668869239e+00 2.077460900756388298e-02
4.479599468287928765e+00 1.976821503409953440e-02
4.504078153906988291e+00 1.969718179098311345e-02
4.528556839526047817e+00 1.980830598519215530e-02
4.553035525145108231e+00 1.985071109233843903e-02
4.577514210764168645e+00 1.987156770068633851e-02
4.601992896383228171e+00 1.984927873709762050e-02
4.626471582002287697e+00 1.873070709711089840e-02
4.650950267621347223e+00 1.925197485543738221e-02
4.675428953240406749e+00 1.864926988239665878e-02
4.699907638859466275e+00 1.926757835943694944e-02
4.724386324478525800e+00 1.884222980122483848e-02
4.748865010097586214e+00 1.790814427827050123e-02
4.773343695716645740e+00 1.751346878172613600e-02
4.797822381335705266e+00 1.805401771946828562e-02
4.822301066954764792e+00 1.775683542439206869e-02
4.846779752573825206e+00 1.777658316697085586e-02
4.871258438192884732e+00 1.721261263497903329e-02
4.895737123811944258e+00 1.695279478334756409e-02
4.920215809431003784e+00 1.644761637199478391e-02
4.944694495050064198e+00 1.699523191168115371e-02
4.969173180669123724e+00 1.691372157793703812e-02
4.993651866288183250e+00 1.652318542694556844e-02
5.018130551907242776e+00 1.612865449773256618e-02
5.042609237526302302e+00 1.594850870737679616e-02
5.067087923145361827e+00 1.577247139152297001e-02
5.091566608764422242e+00 1.615569028340369320e-02
5.116045294383481767e+00 1.579878399832321603e-02
5.140523980002542181e+00 1.480792489722184031e-02
5.165002665621601707e+00 1.551908256379013439e-02
5.189481351240661233e+00 1.549041846554100738e-02
5.213960036859720759e+00 1.571528296566195373e-02
5.238438722478780285e+00 1.455194922291331433e-02
5.262917408097839811e+00 1.501118596958044005e-02
5.287396093716899337e+00 1.458687971494498220e-02
5.311874779335959751e+00 1.447200379388508158e-02
5.336353464955019277e+00 1.390452896086346105e-02
5.360832150574079691e+00 1.450636603126062921e-02
5.385310836193139217e+00 1.440312269439179664e-02
5.409789521812198743e+00 1.407527614206941641e-02
5.434268207431258269e+00 1.409497574015347761e-02
5.458746893050317794e+00 1.390375802759664416e-02
5.483225578669377320e+00 1.340941298680698585e-02
5.507704264288437734e+00 1.338592752743972270e-02
5.532182949907497260e+00 1.331095766817170720e-02
5.556661635526556786e+00 1.330507146775977527e-02
5.581140321145616312e+00 1.314639162574696499e-02
5.605619006764675838e+00 1.295715366629141517e-02
5.630097692383736252e+00 1.280803251196675589e-02
5.654576378002795778e+00 1.257276716535922663e-02
5.679055063621855304e+00 1.303463430483383159e-02
5.703533749240915718e+00 1.307295796560800638e-02
5.728012434859975244e+00 1.217023802645342788e-02
5.752491120479034770e+00 1.250888137462493471e-02
5.776969806098094296e+00 1.265821000588871793e-02
5.801448491717153821e+00 1.238478194224608767e-02
5.825927177336213347e+00 1.243847423143702551e-02
5.850405862955272873e+00 1.197582808276140102e-02
5.874884548574332399e+00 1.206473657540874968e-02
5.899363234193393701e+00 1.198905714442786118e-02
5.923841919812453227e+00 1.144057746977238457e-02
5.948320605431512753e+00 1.208890625203999820e-02
5.972799291050572279e+00 1.128327744507026144e-02
5.997277976669631805e+00 1.137518343716179860e-02
6.021756662288691331e+00 1.128466423208587463e-02
6.046235347907750857e+00 1.150350175569882574e-02
6.070714033526810383e+00 1.173228546822316885e-02
6.095192719145870797e+00 1.128791776956019136e-02
6.119671404764930323e+00 1.105874639956775859e-02
6.144150090383990737e+00 1.094200565764435855e-02
6.168628776003050262e+00 1.098421941985916472e-02
6.193107461622109788e+00 1.081467528961070276e-02
6.217586147241169314e+00 1.068775407654027135e-02
6.242064832860228840e+00 1.057531880108530768e-02
6.266543518479288366e+00 1.040545678204316676e-02
6.291022204098348780e+00 1.027394098989681953e-02
6.315500889717408306e+00 1.050992111535151673e-02
6.339979575336467832e+00 1.041914288060205238e-02
6.364458260955527358e+00 1.013231273275647278e-02
6.388936946574586884e+00 1.026687936459302550e-02
6.413415632193647298e+00 1.014752616005729947e-02
6.437894317812706824e+00 9.781431563288773418e-03
6.462373003431766350e+00 9.870780529281232563e-03
6.486851689050826764e+00 1.008741368431019698e-02
6.511330374669886289e+00 9.688344042718075380e-03
6.535809060288945815e+00 9.733079541575706539e-03
6.560287745908005341e+00 9.903735641768459871e-03
6.584766431527064867e+00 9.676803043467919682e-03
6.609245117146124393e+00 9.548988937945663419e-03
6.633723802765183919e+00 9.446104656582215986e-03
6.658202488384244333e+00 9.476582928216806256e-03
6.682681174003304747e+00 9.195147162708888766e-03
6.707159859622364273e+00 9.153008836779125829e-03
6.731638545241423799e+00 9.294551184713237615e-03
6.756117230860483325e+00 9.188532265956162598e-03
6.780595916479542851e+00 8.969125776176952239e-03
6.805074602098602377e+00 8.871429673386424866e-03
6.829553287717661902e+00 9.085462894410825663e-03
6.854031973336721428e+00 8.902023850103583241e-03
6.878510658955781842e+00 8.727425686776096522e-03
6.902989344574841368e+00 8.681931551785893389e-03
6.927468030193901782e+00 8.810053017714720297e-03
6.951946715812961308e+00 8.734297371472788535e-03
6.976425401432020834e+00 8.717568427195562103e-03
7.000904087051080360e+00 8.442013858108455768e-03
7.025382772670139886e+00 8.605109894547517332e-03
7.049861458289200300e+00 8.333318057576229523e-03
7.074340143908259826e+00 8.463851695168958522e-03
7.098818829527319352e+00 8.404016292812737862e-03
7.123297515146378878e+00 8.037193281972996803e-03
7.147776200765438404e+00 8.200171768142508824e-03
7.172254886384497929e+00 8.336469058929180109e-03
7.196733572003558344e+00 8.163754913900768059e-03
7.221212257622617869e+00 8.080192502403821600e-03
7.245690943241678283e+00 8.086246212174684131e-03
7.270169628860737809e+00 8.187613608819904049e-03
7.294648314479797335e+00 7.630952609680353819e-03
7.319127000098856861e+00 7.872559490786541075e-03
7.343605685717916387e+00 7.930295246302487486e-03
7.368084371336975913e+00 7.859913271261783491e-03
7.392563056956035439e+00 7.689553078698728970e-03
7.417041742575094965e+00 7.610583586698999904e-03
7.441520428194155379e+00 7.417058797909344310e-03
7.465999113813215793e+00 7.652250916591339484e-03
7.490477799432275319e+00 7.682059873707595618e-03
7.514956485051334845e+00 7.455524104028933736e-03
7.539435170670394371e+00 7.353550213299853838e-03
7.563913856289453896e+00 7.330974055013954847e-03
7.588392541908513422e+00 7.648273447261309289e-03
7.612871227527572948e+00 7.279246866731914171e-03
7.637349913146633362e+00 7.368903221676645354e-03
7.661828598765692888e+00 7.270824337155357836e-03
7.686307284384752414e+00 6.941794626723641129e-03
7.710785970003812828e+00 7.188666216994844642e-03
7.735264655622872354e+00 6.976552137252357497e-03
7.759743341241931880e+00 7.073192833861412926e-03
7.784222026860991406e+00 7.044273214540492344e-03
7.808700712480050932e+00 6.980269391290957852e-03
7.833179398099111346e+00 7.009120030186296799e-03
7.857658083718170872e+00 6.903757181781627027e-03
7.882136769337230398e+00 6.914579394989684748e-03
7.906615454956289923e+00 6.750917709792656450e-03
7.931094140575349449e+00 6.899241435213337124e-03
7.955572826194408975e+00 6.779849364891435762e-03
7.980051511813468501e+00 6.650738841706438711e-03
8.004530197432529803e+00 6.615282597063913174e-03
8.029008883051588441e+00 6.701059925022399485e-03
8.053487568670648855e+00 6.571250210974125157e-03
8.077966254289707493e+00 6.456490737764312808e-03
8.102444939908767907e+00 6.514899949384743774e-03
8.126923625527828321e+00 6.463077858205853836e-03
8.151402311146886959e+00 6.425468912427832226e-03
8.175880996765947373e+00 6.431143412445712408e-03
8.200359682385006010e+00 6.465785672752031969e-03
8.224838368004066425e+00 6.332644238014472834e-03
8.249317053623125062e+00 6.316381039694633250e-03
8.273795739242185476e+00 6.262950952423951972e-03
8.298274424861244114e+00 6.099464115134114670e-03
8.322753110480306304e+00 6.143648050660085319e-03
8.347231796099364942e+00 6.207571183193005306e-03
8.371710481718425356e+00 6.139560406878850560e-03
8.396189167337485770e+00 6.133106013339408719e-03
8.420667852956544408e+00 6.160758706511696055e-03
8.445146538575604822e+00 6.092086239017469040e-03
8.469625224194663460e+00 5.996306710883502096e-03
8.494103909813723874e+00 6.074170525825685341e-03
8.518582595432782512e+00 5.807040255860107698e-03
8.543061281051842926e+00 5.811847453546612786e-03
8.567539966670901563e+00 5.966319561241563083e-03
8.592018652289961977e+00 5.851728911207743425e-03
8.616497337909020615e+00 5.848566287988261198e-03
8.640976023528081029e+00 5.824955875801379052e-03
8.665454709147141443e+00 5.739142311716698489e-03
8.689933394766200081e+00 5.692684730324653990e-03
8.714412080385262271e+00 5.817809881429725390e-03
8.738890766004320909e+00 5.684908763758977739e-03
8.763369451623381323e+00 5.570145527908517552e-03
8.787848137242439961e+00 5.596649867764789260e-03
8.812326822861500375e+00 5.569614166461417208e-03
8.836805508480559013e+00 5.570879596510321975e-03
8.861284194099619427e+00 5.604204200557548650e-03
8.885762879718679841e+00 5.455196575198461607e-03
8.910241565337738479e+00 5.402971302653215326e-03
8.934720250956798893e+00 5.414566885570033968e-03
8.959198936575857530e+00 5.492427337037813703e-03
8.983677622194917944e+00 5.459040266272083448e-03
9.008156307813976582e+00 5.407818001047413024e-03
9.032634993433036996e+00 5.468354489915219427e-03
9.057113679052095634e+00 5.261051104723353349e-03
9.081592364671157824e+00 5.321558037913297172e-03
9.106071050290216462e+00 5.216272423766790851e-03
9.130549735909276876e+00 5.167524130282684543e-03
9.155028421528337290e+00 5.295413875400856521e-03
9.179507107147395928e+00 5.184880239565834402e-03
9.203985792766456342e+00 5.226688801755277787e-03
9.228464478385514980e+00 5.109060630437589623e-03
9.252943164004575394e+00 5.192808864205547548e-03
9.277421849623634031e+00 5.103818508979378159e-03
9.301900535242694446e+00 5.043302515530927350e-03
9.326379220861753083e+00 5.028999836759310421e-03
9.350857906480813497e+00 5.121401711206876629e-03
9.375336592099872135e+00 4.922783875847514326e-03
9.399815277718932549e+00 4.885660609352996016e-03
9.424293963337992963e+00 4.996707782495467265e-03
9.448772648957051601e+00 4.936171608472186313e-03
9.473251334576113791e+00 4.948049630485261592e-03
9.497730020195172429e+00 4.921178534882881053e-03
9.522208705814232843e+00 4.800433624279854157e-03
9.546687391433291481e+00 4.969663049509955195e-03
9.571166077052351895e+00 4.867461144656627832e-03
9.595644762671410533e+00 4.768390612784322372e-03
9.620123448290470947e+00 4.777036574542750311e-03
9.644602133909529584e+00 4.771385475310363500e-03
9.669080819528589998e+00 4.699751256040773928e-03
9.693559505147650412e+00 4.684372344896202758e-03
9.718038190766709050e+00 4.647203371882418013e-03
9.742516876385769464e+00 4.715608776123846220e-03
9.766995562004828102e+00 4.738793394836310173e-03
9.791474247623888516e+00 4.543642375179729812e-03
9.815952933242947154e+00 4.767504272153220632e-03
9.840431618862007568e+00 4.595070428851049868e-03
9.864910304481067982e+00 4.561708359672294807e-03
9.889388990100128396e+00 4.588015728414149286e-03
9.913867675719187034e+00 4.454414933309656412e-03
9.938346361338247448e+00 4.469019894328945391e-03
9.962825046957307862e+00 4.464010123617067997e-03
9.987303732576366500e+00 4.505933839644421859e-03
1.001178241819542691e+01 4.457678863780754029e-03
1.003626110381448555e+01 4.539364011501023817e-03
1.006073978943354597e+01 4.422267656375608938e-03
1.008521847505260460e+01 4.411882697538199727e-03
1.010969716067166502e+01 4.503870187386007848e-03
1.013417584629072365e+01 4.369284309712347103e-03
1.015865453190978407e+01 4.383666608934644500e-03
1.018313321752884448e+01 4.304944312157874854e-03
1.020761190314790312e+01 4.380247919386987855e-03
1.023209058876696353e+01 4.293051642907786888e-03
1.025656927438602395e+01 4.290331495177396141e-03
1.028104796000508436e+01 4.177788936258859491e-03
1.030552664562414300e+01 4.238010331936087512e-03
1.033000533124320341e+01 4.280185232254132312e-03
1.035448401686226205e+01 4.257725944505170654e-03
1.037896270248132247e+01 4.165673375820904724e-03
1.040344138810038110e+01 4.133420731753459539e-03
1.042792007371944152e+01 4.134290258892777542e-03
1.045239875933850193e+01 4.137380469491955259e-03
1.047687744495756057e+01 4.118895720037365690e-03
1.050135613057662098e+01 4.175582101097698520e-03
1.052583481619567962e+01 4.085339687846326236e-03
1.055031350181474004e+01 4.041220512319488797e-03
1.057479218743379867e+01 4.086285374798890972e-03
1.059927087305285909e+01 4.143916414013364483e-03
1.062374955867191950e+01 4.063813452115806919e-03
1.064822824429097992e+01 4.038487782646433231e-03
1.067270692991003855e+01 3.980718298816872565e-03
1.069718561552909897e+01 3.935615037687203999e-03
1.072166430114815938e+01 3.978168319731938650e-03
1.074614298676721802e+01 4.007051739322860066e-03
1.077062167238627843e+01 3.944569602756900148e-03
1.079510035800533707e+01 3.878378675126369773e-03
1.081957904362439749e+01 3.934142491759942510e-03
1.084405772924345612e+01 3.862265089549140815e-03
1.086853641486251654e+01 3.858666483535899434e-03
1.089301510048157517e+01 3.943160674223592128e-03
1.091749378610063559e+01 3.817719572620926170e-03
1.094197247171969423e+01 3.806956552807010466e-03
1.096645115733875464e+01 3.795253715850681418e-03
1.099092984295781505e+01 3.827487296820598558e-03
1.101540852857687547e+01 3.848429240484439219e-03
1.103988721419593588e+01 3.766562080937054576e-03
1.106436589981499452e+01 3.793380307321766835e-03
1.108884458543405493e+01 3.770549749178004565e-03
1.111332327105311357e+01 3.732300182043691347e-03
1.113780195667217399e+01 3.713225093804620441e-03
1.116228064229123262e+01 3.755539807249554975e-03
1.118675932791029304e+01 3.707717271899495671e-03
1.121123801352935168e+01 3.653990511083930141e-03
1.123571669914841209e+01 3.720330086874928249e-03
1.126019538476747250e+01 3.698403906503065601e-03
1.128467407038653114e+01 3.635417569644221279e-03
1.130915275600559156e+01 3.554058133368392849e-03
1.133363144162465019e+01 3.576085121348141719e-03
1.135811012724371061e+01 3.619851153333448687e-03
1.138258881286276925e+01 3.610570558126131261e-03
1.140706749848183144e+01 3.612444160371349692e-03
1.143154618410089007e+01 3.624597229119652306e-03
1.145602486971995049e+01 3.558865779317764433e-03
1.148050355533900913e+01 3.522781498381311483e-03
1.150498224095806954e+01 3.512192398349505210e-03
1.152946092657712995e+01 3.541882698739504728e-03
1.155393961219618859e+01 3.489233791367322805e-03
1.157841829781524901e+01 3.497444639604360955e-03
1.160289698343430764e+01 3.541956634092676987e-03
1.162737566905336806e+01 3.442559053372920216e-03
1.165185435467242669e+01 3.434305013029737789e-03
1.167633304029148711e+01 3.434277452824565507e-03
1.170081172591054575e+01 3.409361220008871006e-03
1.172529041152960616e+01 3.426221541325831076e-03
1.174976909714866480e+01 3.417686900171388893e-03
1.177424778276772521e+01 3.441859263138840816e-03
1.179872646838678740e+01 3.391858827755718335e-03
1.182320515400584604e+01 3.431429070329550073e-03
1.184768383962490645e+01 3.410079835776232832e-03
1.187216252524396509e+01 3.356977418612681549e-03
1.189664121086302551e+01 3.331634875219903480e-03
1.192111989648208414e+01 3.355707487317897281e-03
1.194559858210114456e+01 3.294510108411173328e-03
1.197007726772020320e+01 3.266242955017400161e-03
1.199455595333926361e+01 3.296668375010032136e-03
1.201903463895832402e+01 3.320444588743638129e-03
1.204351332457738266e+01 3.257281720029938776e-03
1.206799201019644308e+01 3.298579457367483998e-03
1.209247069581550171e+01 3.263223434267697749e-03
1.211694938143456213e+01 3.284180788551395013e-03
1.214142806705362077e+01 3.252782028956209461e-03
1.216590675267268118e+01 3.226625098416699162e-03
1.219038543829174159e+01 3.200752811621674233e-03
1.221486412391080201e+01 3.198784765744475296e-03
1.223934280952986065e+01 3.233677179311481367e-03
1.226382149514892106e+01 3.194833142137953972e-03
1.228830018076798147e+01 3.164667396654303501e-03
1.231277886638704011e+01 3.169014426231587730e-03
1.233725755200610052e+01 3.119720682070423450e-03
1.236173623762515916e+01 3.129373075222912064e-03
1.238621492324421958e+01 3.146751047432319072e-03
1.241069360886327821e+01 3.101898832354072887e-03
1.243517229448233863e+01 3.181784008155435529e-03
1.245965098010139727e+01 3.083895268331594917e-03
1.248412966572045768e+01 3.140359854955475892e-03
1.250860835133951632e+01 3.112182369780721030e-03
1.253308703695857673e+01 3.106081771610249773e-03
1.255756572257763892e+01 3.077409929721050281e-03
1.258204440819669756e+01 3.034600995609054545e-03
1.260652309381575797e+01 3.089412592443681500e-03
1.263100177943481661e+01 3.086458052149628623e-03
1.265548046505387703e+01 3.003980331911503335e-03
1.267995915067293566e+01 3.034395725666379478e-03
1.270443783629199608e+01 3.003103896488385719e-03
1.272891652191105472e+01 3.028163732161236969e-03
1.275339520753011513e+01 2.992876476291264892e-03
1.277787389314917377e+01 2.997071382355343590e-03
1.280235257876823418e+01 2.981635775354366923e-03
1.282683126438729460e+01 2.972205639469380125e-03
1.285130995000635323e+01 2.972347971714765259e-03
1.287578863562541365e+01 2.962298906292244304e-03
1.290026732124447229e+01 2.929972681591960261e-03
1.292474600686353270e+01 2.957541375482553633e-03
1.294922469248259311e+01 2.901905096395175892e-03
1.297370337810165353e+01 2.947756909786451197e-03
1.299818206372071216e+01 2.975922910975491859e-03
1.302266074933977258e+01 2.891509737770159641e-03
1.304713943495883122e+01 2.887130642553930975e-03
1.307161812057789163e+01 2.852657099535063114e-03
1.309609680619695204e+01 2.930201759496762690e-03
1.312057549181601068e+01 2.847131585429814142e-03
1.314505417743507110e+01 2.876414122046155181e-03
1.316953286305412973e+01 2.859354060715608038e-03
1.319401154867319015e+01 2.835750238855214416e-03
1.321849023429224879e+01 2.838899784687791937e-03
1.324296891991130920e+01 2.884688696622833472e-03
1.326744760553036784e+01 2.817571310980720393e-03
1.329192629114942825e+01 2.839105228078955215e-03
1.331640497676848867e+01 2.806451437338461190e-03
1.334088366238754908e+01 2.824732565737878356e-03
1.336536234800660949e+01 2.776277757738869652e-03
1.338984103362566813e+01 2.813578114044924285e-03
1.341431971924472855e+01 2.749979469315452004e-03
1.343879840486378718e+01 2.801418378725339248e-03
1.346327709048284760e+01 2.768366829776300157e-03
1.348775577610190624e+01 2.722224722232275372e-03
1.351223446172096665e+01 2.790312882601233505e-03
1.353671314734002529e+01 2.712958724520060823e-03
1.356119183295908570e+01 2.764415398915576888e-03
1.358567051857814612e+01 2.767581160703384054e-03
1.361014920419720475e+01 2.702281193321854572e-03
1.363462788981626517e+01 2.736343105681848277e-03
1.365910657543532380e+01 2.688851982612492156e-03
1.368358526105438422e+01 2.673902159098030026e-03
1.370806394667344286e+01 2.720776744741932457e-03
1.373254263229250505e+01 2.672911395765264781e-03
1.375702131791156368e+01 2.661404756623931937e-03
1.378150000353062410e+01 2.756319991930528297e-03
1.380597868914968274e+01 2.676804020020097635e-03
1.383045737476874315e+01 2.676750048300746958e-03
1.385493606038780356e+01 2.668270858801980415e-03
1.387941474600686220e+01 2.607361866471667733e-03
1.390389343162592262e+01 2.636461071226802767e-03
1.392837211724498125e+01 2.614385616814499970e-03
1.395285080286404167e+01 2.613711694887607857e-03
1.397732948848310031e+01 2.636075878720455651e-03
1.400180817410216072e+01 2.610956748232130548e-03
1.402628685972121936e+01 2.609461234672636777e-03
1.405076554534027977e+01 2.623536412106464068e-03
1.407524423095933841e+01 2.622213814238582782e-03
1.409972291657840060e+01 2.581793015080519060e-03
1.412420160219746101e+01 2.570336365561898782e-03
1.414868028781651965e+01 2.575403628795073282e-03
1.417315897343558007e+01 2.577696436636810456e-03
1.419763765905463870e+01 2.570819293877711891e-03
1.422211634467369912e+01 2.525599422955447475e-03
1.424659503029275776e+01 2.569389129695203843e-03
1.427107371591181817e+01 2.519835579519893228e-03
1.429555240153087681e+01 2.536937322155074278e-03
1.432003108714993722e+01 2.545956020053211956e-03
1.434450977276899586e+01 2.547927464363007859e-03
1.436898845838805627e+01 2.523751513279244053e-03
1.439346714400711669e+01 2.518125167393624533e-03
1.441794582962617532e+01 2.536748304927129247e-03
1.444242451524523574e+01 2.506462060375884079e-03
1.446690320086429438e+01 2.478468724179501686e-03
1.449138188648335657e+01 2.486018210944313227e-03
1.451586057210241520e+01 2.483138305163106341e-03
1.454033925772147562e+01 2.467641821319481194e-03
1.456481794334053426e+01 2.480098550083271493e-03
1.458929662895959467e+01 2.465893737497214157e-03
1.461377531457865331e+01 2.445970326763071898e-03
1.463825400019771372e+01 2.442100600401069140e-03
1.466273268581677414e+01 2.457130523233098853e-03
1.468721137143583277e+01 2.443658441898889037e-03
1.471169005705489319e+01 2.433777166271521974e-03
1.473616874267395183e+01 2.428577264790073888e-03
1.476064742829301224e+01 2.420336479091389319e-03
1.478512611391207088e+01 2.461279195142945016e-03
1.480960479953113129e+01 2.422739863609297932e-03
1.483408348515018993e+01 2.415043882930523363e-03
1.485856217076925034e+01 2.399458640240769835e-03
1.488304085638831076e+01 2.382743647630790676e-03
1.490751954200737117e+01 2.383194275258599705e-03
1.493199822762643159e+01 2.405277774209688049e-03
1.495647691324549022e+01 2.352598413070963734e-03
1.498095559886455064e+01 2.406574549229605672e-03
1.500543428448360928e+01 2.397627813630437161e-03
1.502991297010266969e+01 2.380499326848010359e-03
1.505439165572172833e+01 2.369636870783256750e-03
1.507887034134078874e+01 2.375784498229266579e-03
1.510334902695984738e+01 2.359144633850183796e-03
1.512782771257890779e+01 2.354242810921414100e-03
1.515230639819796821e+01 2.327483987902763483e-03
1.517678508381702684e+01 2.323608259860885858e-03
1.520126376943608726e+01 2.315303236749853555e-03
1.522574245505514590e+01 2.332394547640748508e-03
1.525022114067420631e+01 2.327175542938185633e-03
1.527469982629326672e+01 2.331698685956807519e-03
1.529917851191232714e+01 2.282500482601672841e-03
1.532365719753138578e+01 2.310599802504150358e-03
1.534813588315044619e+01 2.283852613385914821e-03
1.537261456876950483e+01 2.286241638757316626e-03
1.539709325438856524e+01 2.298169981821880387e-03
1.542157194000762566e+01 2.318920097680434843e-03
1.544605062562668429e+01 2.260380091441953170e-03
1.547052931124574471e+01 2.283115065874881562e-03
1.549500799686480335e+01 2.274775826497927970e-03
1.551948668248386376e+01 2.286947266257277622e-03
1.554396536810292240e+01 2.309645699219503405e-03
1.556844405372198281e+01 2.252823269443445138e-03
1.559292273934104145e+01 2.272885146525389574e-03
1.561740142496010186e+01 2.251481120550573919e-03
1.564188011057916050e+01 2.248018515383322456e-03
1.566635879619822269e+01 2.237409467552925729e-03
1.569083748181728311e+01 2.199058952475704039e-03
1.571531616743634174e+01 2.237009588380820067e-03
1.573979485305540216e+01 2.254433280672604213e-03
1.576427353867446080e+01 2.232918020817347814e-03
1.578875222429352121e+01 2.223553338651372644e-03
1.581323090991257985e+01 2.218683364708879790e-03
1.583770959553164026e+01 2.230145815683819751e-03
1.586218828115069890e+01 2.179425090886138051e-03
1.588666696676975931e+01 2.181647004865470106e-03
1.591114565238881795e+01 2.207468109796743069e-03
1.593562433800787836e+01 2.199143912465847429e-03
1.596010302362693700e+01 2.166101457663129320e-03
1.598458170924599919e+01 2.198117313747329632e-03
1.600906039486505961e+01 2.198445901299708738e-03
1.603353908048411824e+01 2.177894258027774591e-03
1.605801776610317688e+01 2.186822005388727383e-03
1.608249645172223907e+01 2.179034895459315037e-03
1.610697513734129771e+01 2.164603413570573374e-03
1.613145382296035635e+01 2.178157030414415787e-03
1.615593250857941499e+01 2.142942634487660439e-03
1.618041119419847718e+01 2.165362121052282450e-03
1.620488987981753581e+01 2.162412038905184037e-03
1.622936856543659445e+01 2.135694364238589424e-03
1.625384725105565664e+01 2.142557052631715621e-03
1.627832593667471528e+01 2.119768666384039702e-03
1.630280462229377392e+01 2.146743353406508053e-03
1.632728330791283256e+01 2.112185548018181112e-03
1.635176199353189475e+01 2.114589835145968492e-03
1.637624067915095338e+01 2.143504402344934782e-03
1.640071936477001202e+01 2.155364284819816061e-03
1.642519805038907066e+01 2.122856087796179403e-03
1.644967673600813285e+01 2.130074646054115617e-03
1.647415542162719149e+01 2.095862672364219841e-03
1.649863410724625012e+01 2.086276832029964647e-03
1.652311279286531231e+01 2.089030385307357168e-03
1.654759147848437095e+01 2.084426790983366813e-03
1.657207016410342959e+01 2.102600919420250913e-03
1.659654884972248823e+01 2.066592665174083257e-03
1.662102753534155397e+01 2.079114290443356827e-03
1.664550622096061261e+01 2.091808364906366530e-03
1.666998490657967125e+01 2.100281801151621455e-03
1.669446359219872988e+01 2.038129774334799475e-03
1.671894227781779207e+01 2.092670085472197496e-03
1.674342096343685071e+01 2.075070489497797370e-03
1.676789964905590935e+01 2.080433296711800984e-03
1.679237833467497154e+01 2.059373259723022362e-03
1.681685702029403018e+01 2.076567578793009263e-03
1.684133570591308882e+01 2.051526358325152666e-03
1.686581439153214745e+01 2.043865466669031721e-03
1.689029307715120964e+01 2.067598165589904120e-03
1.691477176277026828e+01 2.058142626913722541e-03
1.693925044838932692e+01 2.032578321703155163e-03
1.696372913400838556e+01 2.040951449764253234e-03
1.698820781962744775e+01 2.011968952915819432e-03
1.701268650524650639e+01 2.046183053415428794e-03
1.703716519086556502e+01 2.024347824008570704e-03
1.706164387648462721e+01 2.031932310309268481e-03
1.708612256210368585e+01 2.020265423179330808e-03
1.711060124772274449e+01 2.027101697626420077e-03
1.713507993334180313e+01 2.005917664292227419e-03
1.715955861896086532e+01 1.999064097568927813e-03
1.718403730457992395e+01 1.985231046310160629e-03
1.720851599019898259e+01 2.004523842661901870e-03
1.723299467581804123e+01 1.977897322164262443e-03
1.725747336143710342e+01 1.999331370637343758e-03
1.728195204705616206e+01 1.977463808011660235e-03
1.730643073267522070e+01 1.998590350763262361e-03
1.733090941829428289e+01 2.006554449488699102e-03
1.735538810391334152e+01 1.975853738309508219e-03
1.737986678953240016e+01 1.971869019363226526e-03
1.740434547515146235e+01 1.975782578056039813e-03
1.742882416077052454e+01 1.970733229870840798e-03
1.745330284638958318e+01 1.981622774218397883e-03
1.747778153200864182e+01 2.004380399617845809e-03
1.750226021762770401e+01 1.957112343717750010e-03
1.752673890324676265e+01 1.967085287829098590e-03
1.755121758886582128e+01 1.952021473708128027e-03
1.757569627448487992e+01 1.977735899052441432e-03
1.760017496010394211e+01 1.960548082330097058e-03
1.762465364572300075e+01 1.941567949580066217e-03
1.764913233134205939e+01 1.974667254584475725e-03
1.767361101696111803e+01 1.939105533480142219e-03
1.769808970258018022e+01 1.941223134449965651e-03
1.772256838819923885e+01 1.906861557780911449e-03
1.774704707381829749e+01 1.929765788767766766e-03
1.777152575943735968e+01 1.965586920139339357e-03
1.779600444505641832e+01 1.944065584458221649e-03
1.782048313067547696e+01 1.921417692568279986e-03
1.784496181629453559e+01 1.927788306645610971e-03
1.786944050191359779e+01 1.924556287822558115e-03
1.789391918753265642e+01 1.912008181049544260e-03
1.791839787315171506e+01 1.930997457041971161e-03
1.794287655877077370e+01 1.911444030124287386e-03
1.796735524438983589e+01 1.910423061190545538e-03
1.799183393000889453e+01 1.925858158138185833e-03
1.801631261562795316e+01 1.903157041172829625e-03
1.804079130124701535e+01 1.917214223450401612e-03
1.806526998686607399e+01 1.904603428031624406e-03
1.808974867248513263e+01 1.917951909532955015e-03
1.811422735810419127e+01 1.917081060594191073e-03
1.813870604372325346e+01 1.878930309807108146e-03
1.816318472934231565e+01 1.895615905987561465e-03
1.818766341496137429e+01 1.878634342533141511e-03
1.821214210058043292e+01 1.885419859617731104e-03
1.823662078619949511e+01 1.899822139282561408e-03
1.826109947181855375e+01 1.865424909040581817e-03
1.828557815743761239e+01 1.886249413638868598e-03
1.831005684305667458e+01 1.897373508802709108e-03
1.833453552867573322e+01 1.873247036477739208e-03
1.835901421429479186e+01 1.889141766816871499e-03
1.838349289991385049e+01 1.871678501484549733e-03
1.840797158553291268e+01 1.878001233069346177e-03
1.843245027115197132e+01 1.864350481828313871e-03
1.845692895677102996e+01 1.849488921708323640e-03
1.848140764239008860e+01 1.846197829092703071e-03
1.850588632800915079e+01 1.863212456542881132e-03
1.853036501362820943e+01 1.851693199781531338e-03
1.855484369924726806e+01 1.863252264922541507e-03
1.857932238486633025e+01 1.852033266981013794e-03
1.860380107048538889e+01 1.855072970267732622e-03
1.862827975610444753e+01 1.851913999689192274e-03
1.865275844172350617e+01 1.869195839863355222e-03
1.867723712734256836e+01 1.854214456785787659e-03
1.870171581296162699e+01 1.839639319461535034e-03
1.872619449858068563e+01 1.842041634598515654e-03
1.875067318419974427e+01 1.833680197456634235e-03
1.877515186981880646e+01 1.813486888304043608e-03
1.879963055543786510e+01 1.846355957336507205e-03
1.882410924105692374e+01 1.833466404388212762e-03
1.884858792667598593e+01 1.798542794328483393e-03
1.887306661229504456e+01 1.848794492483928596e-03
1.889754529791410320e+01 1.825353761936758090e-03
1.892202398353316184e+01 1.796888903900846490e-03
1.894650266915222758e+01 1.840155870902354142e-03
1.897098135477128622e+01 1.852913447051917706e-03
1.899546004039034486e+01 1.810898383768252658e-03
1.901993872600940350e+01 1.786645206182128128e-03
1.904441741162846569e+01 1.814824176731191351e-03
1.906889609724752432e+01 1.821866339108010446e-03
1.909337478286658296e+01 1.814953645344278676e-03
1.911785346848564515e+01 1.756824659519645856e-03
1.914233215410470379e+01 1.824719089031663155e-03
1.916681083972376243e+01 1.796866525510803104e-03
1.919128952534282107e+01 1.783968034647159199e-03
1.921576821096188326e+01 1.797900418611103309e-03
1.924024689658094189e+01 1.801905993277278699e-03
1.926472558220000053e+01 1.812272599255292712e-03
1.928920426781905917e+01 1.812197611167025608e-03
1.931368295343812136e+01 1.797587136815977397e-03
1.933816163905718000e+01 1.784454024784671048e-03
1.936264032467623863e+01 1.792362699790871552e-03
1.938711901029530082e+01 1.782934799598560665e-03
1.941159769591435946e+01 1.756459951591552446e-03
1.943607638153341810e+01 1.783503610843189917e-03
1.946055506715247674e+01 1.792213513289257418e-03
1.948503375277153893e+01 1.778613748618836261e-03
1.950951243839059757e+01 1.768713534607018259e-03
1.953399112400965620e+01 1.758820937834372359e-03
1.955846980962871484e+01 1.763319541190557817e-03
1.958294849524777703e+01 1.752447751653419487e-03
1.960742718086683567e+01 1.761473646927606265e-03
1.963190586648589431e+01 1.764725345791496322e-03
1.965638455210495650e+01 1.783992282644725636e-03
1.968086323772401514e+01 1.767908353243312749e-03
1.970534192334307733e+01 1.757109774204805921e-03
1.972982060896213596e+01 1.766774773189764853e-03
1.975429929458119815e+01 1.779761683760686672e-03
1.977877798020025679e+01 1.753132649192791015e-03
1.980325666581931543e+01 1.733650044144725627e-03
1.982773535143837407e+01 1.727486473973841811e-03
1.985221403705743626e+01 1.754414706245320402e-03
1.987669272267649490e+01 1.750387158351031890e-03
1.990117140829555353e+01 1.724813444309932116e-03
1.992565009391461572e+01 1.731254865241318259e-03
1.995012877953367436e+01 1.744304365588631106e-03
1.997460746515273300e+01 1.751095449343085132e-03
1.999908615077179164e+01 1.745025462921410931e-03
2.002356483639085383e+01 1.747712203607826786e-03
2.004804352200991246e+01 1.723482921780116568e-03
2.007252220762897110e+01 1.761769737250376468e-03
2.009700089324802974e+01 1.722024809656630970e-03
2.012147957886709193e+01 1.731504971115291076e-03
2.014595826448615057e+01 1.729940237616580615e-03
2.017043695010520921e+01 1.719823021104219815e-03
2.019491563572427140e+01 1.701980044276776979e-03
2.021939432134333003e+01 1.719378129726200190e-03
2.024387300696238867e+01 1.702757290563018579e-03
2.026835169258144731e+01 1.738933325254718356e-03
2.029283037820050950e+01 1.719438368925335810e-03
2.031730906381956814e+01 1.729538421114394089e-03
2.034178774943862678e+01 1.716234588953562861e-03
2.036626643505768897e+01 1.709758062110280918e-03
2.039074512067674760e+01 1.707495649120636862e-03
2.041522380629580624e+01 1.722373136010694810e-03
2.043970249191486488e+01 1.728606423057657202e-03
2.046418117753392707e+01 1.703107988328142995e-03
2.048865986315298926e+01 1.727873136616848906e-03
2.051313854877204790e+01 1.689567668603734118e-03
2.053761723439110654e+01 1.713997081804698955e-03
2.056209592001016873e+01 1.706562205729551893e-03
2.058657460562922736e+01 1.676960200237767032e-03
2.061105329124828600e+01 1.695381227508870828e-03
2.063553197686734819e+01 1.702595239129782922e-03
2.066001066248640683e+01 1.690799400080605572e-03
2.068448934810546547e+01 1.698823840797161191e-03
2.070896803372452410e+01 1.699026044481152450e-03
2.073344671934358630e+01 1.698240684712530764e-03
2.075792540496264493e+01 1.712971264221661676e-03
2.078240409058170357e+01 1.672014409638085484e-03
2.080688277620076221e+01 1.698317701016488967e-03
2.083136146181982440e+01 1.685527454335770210e-03
2.085584014743888304e+01 1.717497064929556210e-03
2.088031883305794167e+01 1.692932199673392044e-03
2.090479751867700386e+01 1.674328141435237755e-03
2.092927620429606250e+01 1.670679585945877323e-03
2.095375488991512114e+01 1.687027922359091246e-03
2.097823357553417978e+01 1.690247826707957706e-03
2.100271226115324197e+01 1.663251183661342133e-03
2.102719094677230061e+01 1.694962651838898557e-03
2.105166963239135924e+01 1.694179928160970692e-03
2.107614831801041788e+01 1.691692396461479814e-03
2.110062700362948007e+01 1.658984325782756741e-03
2.112510568924853871e+01 1.677177543358216892e-03
2.114958437486759735e+01 1.671088416490246848e-03
2.117406306048665954e+01 1.659693967789391007e-03
2.119854174610571818e+01 1.657876345360547420e-03
2.122302043172477681e+01 1.659316614462201045e-03
2.124749911734383900e+01 1.680872893360351112e-03
2.127197780296290119e+01 1.676386535699673835e-03
2.129645648858195983e+01 1.655016361255113536e-03
2.132093517420101847e+01 1.665595316720248518e-03
2.134541385982007711e+01 1.670647066903921786e-03
2.136989254543913930e+01 1.666834255501454046e-03
2.139437123105819794e+01 1.665678641579100691e-03
2.141884991667725657e+01 1.647866231415569434e-03
2.144332860229631876e+01 1.684741088119963166e-03
2.146780728791537740e+01 1.673158349564723415e-03
2.149228597353443604e+01 1.643035558045275509e-03
2.151676465915349468e+01 1.664508775604437753e-03
2.154124334477255687e+01 1.667117885175299890e-03
2.156572203039161550e+01 1.641385805549478013e-03
2.159020071601067414e+01 1.645300023317955137e-03
2.161467940162973278e+01 1.662632860930782870e-03
2.163915808724879497e+01 1.645011884748581732e-03
2.166363677286785361e+01 1.646907248044850907e-03
2.168811545848691225e+01 1.648598846110936340e-03
2.171259414410597444e+01 1.661350029600379245e-03
2.173707282972503307e+01 1.652209026458594399e-03
2.176155151534409171e+01 1.647703054418962754e-03
2.178603020096315035e+01 1.638696312777653420e-03
2.181050888658221254e+01 1.636002855060203313e-03
2.183498757220127118e+01 1.670391076585145797e-03
2.185946625782032982e+01 1.644229216150113306e-03
2.188394494343938845e+01 1.632654149371953484e-03
2.190842362905845064e+01 1.643365130776736158e-03
2.193290231467750928e+01 1.648637137212234085e-03
2.195738100029656792e+01 1.637308442658370975e-03
2.198185968591563011e+01 1.624224858526253628e-03
2.200633837153468875e+01 1.649784670072233870e-03
2.203081705715375094e+01 1.647445218629541974e-03
2.205529574277280958e+01 1.652901335284984912e-03
2.207977442839187177e+01 1.640395542107788785e-03
2.210425311401093040e+01 1.648554269098057197e-03
2.212873179962998904e+01 1.641849500806172053e-03
2.215321048524904768e+01 1.629604017430020309e-03
2.217768917086810987e+01 1.632987635069611723e-03
2.220216785648716851e+01 1.633482221405852322e-03
2.222664654210622714e+01 1.632552218693644362e-03
2.225112522772528934e+01 1.635530495325189992e-03
2.227560391334434797e+01 1.615349457261164995e-03
2.230008259896340661e+01 1.625549775071927433e-03
2.232456128458246525e+01 1.632747420676568598e-03
2.234903997020152744e+01 1.610918900423839034e-03
2.237351865582058608e+01 1.649606825750767536e-03
2.239799734143964471e+01 1.617805718666484767e-03
2.242247602705870335e+01 1.621784699901719943e-03
2.244695471267776554e+01 1.628140438837699612e-03
2.247143339829682418e+01 1.636121504726188074e-03
2.249591208391588282e+01 1.625109729784527312e-03
2.252039076953494501e+01 1.624389098874785050e-03
2.254486945515400365e+01 1.630096567751964948e-03
2.256934814077306228e+01 1.647110379460914537e-03
2.259382682639212092e+01 1.612186912785220066e-03
2.261830551201118311e+01 1.609749781230077319e-03
2.264278419763024175e+01 1.616330232885638749e-03
2.266726288324930039e+01 1.597789400740307541e-03
2.269174156886835902e+01 1.625190500352986355e-03
2.271622025448742122e+01 1.609245538259715912e-03
2.274069894010647985e+01 1.610546867100909763e-03
2.276517762572553849e+01 1.631512010520104212e-03
2.278965631134460068e+01 1.617628243137657655e-03
2.281413499696366287e+01 1.610719009043189631e-03
2.283861368258272151e+01 1.627457104941219682e-03
2.286309236820178015e+01 1.632013214338710926e-03
2.288757105382084234e+01 1.619660993240469235e-03
2.291204973943990097e+01 1.612378209644530066e-03
2.293652842505895961e+01 1.620680269467448132e-03
2.296100711067801825e+01 1.629405852102267871e-03
2.298548579629708044e+01 1.594357434683977420e-03
2.300996448191613908e+01 1.602914692860694587e-03
2.303444316753519772e+01 1.619928495709430181e-03
2.305892185315425991e+01 1.605986672329769984e-03
2.308340053877331854e+01 1.605498440784423192e-03
2.310787922439237718e+01 1.609292593078350117e-03
2.313235791001143582e+01 1.611513782763454713e-03
2.315683659563049801e+01 1.624504213008521551e-03
2.318131528124955665e+01 1.597163350886145628e-03
2.320579396686861529e+01 1.632634076793753860e-03
2.323027265248767392e+01 1.613848622048438125e-03
2.325475133810673611e+01 1.607945496039380308e-03
2.327923002372579475e+01 1.609643312939187379e-03
2.330370870934485339e+01 1.595235494833359370e-03
2.332818739496391558e+01 1.618499860972004217e-03
2.335266608058297422e+01 1.616417717224091300e-03
2.337714476620203286e+01 1.584372998578878998e-03
2.340162345182109149e+01 1.607444100136716817e-03
2.342610213744015368e+01 1.592471184741562577e-03
2.345058082305921232e+01 1.631739405448336035e-03
2.347505950867827096e+01 1.618870673721163611e-03
2.349953819429732960e+01 1.600356452998500300e-03
2.352401687991639179e+01 1.587293676463800594e-03
2.354849556553545042e+01 1.592458048315008616e-03
2.357297425115451261e+01 1.606872700964976025e-03
2.359745293677357481e+01 1.590305301344321432e-03
2.362193162239263344e+01 1.586377017862784311e-03
2.364641030801169208e+01 1.596796399895802606e-03
2.367088899363075072e+01 1.617482794925745836e-03
2.369536767924981291e+01 1.597197327333735491e-03
2.371984636486887155e+01 1.585911199155545315e-03
2.374432505048793018e+01 1.618983686260806699e-03
2.376880373610699237e+01 1.603387917912783281e-03
2.379328242172605101e+01 1.600225970017559157e-03
2.381776110734510965e+01 1.594947947874133121e-03
2.384223979296416829e+01 1.602585485207705732e-03
2.386671847858323048e+01 1.611109105561064122e-03
2.389119716420228912e+01 1.575535480407522660e-03
2.391567584982134775e+01 1.597074926347010143e-03
2.394015453544040639e+01 1.608607423822269993e-03
2.396463322105946858e+01 1.614038074418986529e-03
2.398911190667852722e+01 1.593940559413280960e-03
2.401359059229758586e+01 1.583524788398628933e-03
2.403806927791664805e+01 1.614680431190528226e-03
2.406254796353570669e+01 1.605665607378351650e-03
2.408702664915476532e+01 1.623607845138963154e-03
2.411150533477382396e+01 1.574207853030886155e-03
2.413598402039288615e+01 1.596984701854437926e-03
2.416046270601194479e+01 1.612775104282589177e-03
2.418494139163100343e+01 1.572357093992501854e-03
2.420942007725006206e+01 1.582651429927404031e-03
2.423389876286912425e+01 1.605157210282385973e-03
2.425837744848818289e+01 1.597854563206446438e-03
2.428285613410724153e+01 1.620449289042132394e-03
2.430733481972630372e+01 1.586319781472009596e-03
2.433181350534536236e+01 1.617011230397340975e-03
2.435629219096442455e+01 1.588701070519750068e-03
2.438077087658348319e+01 1.612456033404150281e-03
2.440524956220254538e+01 1.592015375682015671e-03
2.442972824782160401e+01 1.590266629976707204e-03
2.445420693344066265e+01 1.612831107346266541e-03
2.447868561905972129e+01 1.573889717635136186e-03
